# bankssts
1555
54605 0.00 0.00 0.00 0
54606 0.00 0.00 0.00 0
54607 0.00 0.00 0.00 0
54608 0.00 0.00 0.00 0
54609 0.00 0.00 0.00 0
54610 0.00 0.00 0.00 0
54611 0.00 0.00 0.00 0
54663 0.00 0.00 0.00 0
54731 0.00 0.00 0.00 0
54732 0.00 0.00 0.00 0
54745 0.00 0.00 0.00 0
54746 0.00 0.00 0.00 0
54747 0.00 0.00 0.00 0
54754 0.00 0.00 0.00 0
55746 0.00 0.00 0.00 0
55754 0.00 0.00 0.00 0
55755 0.00 0.00 0.00 0
55756 0.00 0.00 0.00 0
55757 0.00 0.00 0.00 0
55758 0.00 0.00 0.00 0
55759 0.00 0.00 0.00 0
55760 0.00 0.00 0.00 0
55761 0.00 0.00 0.00 0
55762 0.00 0.00 0.00 0
55763 0.00 0.00 0.00 0
55771 0.00 0.00 0.00 0
55772 0.00 0.00 0.00 0
55773 0.00 0.00 0.00 0
55774 0.00 0.00 0.00 0
55775 0.00 0.00 0.00 0
55776 0.00 0.00 0.00 0
55777 0.00 0.00 0.00 0
55778 0.00 0.00 0.00 0
55779 0.00 0.00 0.00 0
55786 0.00 0.00 0.00 0
55787 0.00 0.00 0.00 0
55788 0.00 0.00 0.00 0
55789 0.00 0.00 0.00 0
55798 0.00 0.00 0.00 0
55799 0.00 0.00 0.00 0
55800 0.00 0.00 0.00 0
55801 0.00 0.00 0.00 0
55810 0.00 0.00 0.00 0
55811 0.00 0.00 0.00 0
55812 0.00 0.00 0.00 0
55817 0.00 0.00 0.00 0
55818 0.00 0.00 0.00 0
55826 0.00 0.00 0.00 0
55831 0.00 0.00 0.00 0
55832 0.00 0.00 0.00 0
55833 0.00 0.00 0.00 0
55834 0.00 0.00 0.00 0
55845 0.00 0.00 0.00 0
55846 0.00 0.00 0.00 0
55847 0.00 0.00 0.00 0
55848 0.00 0.00 0.00 0
55860 0.00 0.00 0.00 0
55861 0.00 0.00 0.00 0
55862 0.00 0.00 0.00 0
55863 0.00 0.00 0.00 0
55864 0.00 0.00 0.00 0
55865 0.00 0.00 0.00 0
55866 0.00 0.00 0.00 0
55867 0.00 0.00 0.00 0
55873 0.00 0.00 0.00 0
55874 0.00 0.00 0.00 0
55875 0.00 0.00 0.00 0
55876 0.00 0.00 0.00 0
55877 0.00 0.00 0.00 0
55878 0.00 0.00 0.00 0
55879 0.00 0.00 0.00 0
55880 0.00 0.00 0.00 0
55881 0.00 0.00 0.00 0
55882 0.00 0.00 0.00 0
55883 0.00 0.00 0.00 0
55884 0.00 0.00 0.00 0
55885 0.00 0.00 0.00 0
55886 0.00 0.00 0.00 0
55889 0.00 0.00 0.00 0
55890 0.00 0.00 0.00 0
55891 0.00 0.00 0.00 0
55892 0.00 0.00 0.00 0
55893 0.00 0.00 0.00 0
55894 0.00 0.00 0.00 0
55895 0.00 0.00 0.00 0
55896 0.00 0.00 0.00 0
55897 0.00 0.00 0.00 0
55898 0.00 0.00 0.00 0
55899 0.00 0.00 0.00 0
55900 0.00 0.00 0.00 0
55901 0.00 0.00 0.00 0
55902 0.00 0.00 0.00 0
55903 0.00 0.00 0.00 0
55906 0.00 0.00 0.00 0
55907 0.00 0.00 0.00 0
55908 0.00 0.00 0.00 0
55909 0.00 0.00 0.00 0
55910 0.00 0.00 0.00 0
55911 0.00 0.00 0.00 0
55912 0.00 0.00 0.00 0
55913 0.00 0.00 0.00 0
55914 0.00 0.00 0.00 0
55915 0.00 0.00 0.00 0
55916 0.00 0.00 0.00 0
55917 0.00 0.00 0.00 0
55918 0.00 0.00 0.00 0
55919 0.00 0.00 0.00 0
55920 0.00 0.00 0.00 0
55929 0.00 0.00 0.00 0
55930 0.00 0.00 0.00 0
55931 0.00 0.00 0.00 0
55932 0.00 0.00 0.00 0
55933 0.00 0.00 0.00 0
55934 0.00 0.00 0.00 0
55935 0.00 0.00 0.00 0
55936 0.00 0.00 0.00 0
55937 0.00 0.00 0.00 0
55938 0.00 0.00 0.00 0
55939 0.00 0.00 0.00 0
55940 0.00 0.00 0.00 0
55941 0.00 0.00 0.00 0
55942 0.00 0.00 0.00 0
55943 0.00 0.00 0.00 0
55947 0.00 0.00 0.00 0
55948 0.00 0.00 0.00 0
55949 0.00 0.00 0.00 0
55950 0.00 0.00 0.00 0
55951 0.00 0.00 0.00 0
55952 0.00 0.00 0.00 0
55953 0.00 0.00 0.00 0
55954 0.00 0.00 0.00 0
55955 0.00 0.00 0.00 0
55956 0.00 0.00 0.00 0
55957 0.00 0.00 0.00 0
55958 0.00 0.00 0.00 0
55959 0.00 0.00 0.00 0
55960 0.00 0.00 0.00 0
55961 0.00 0.00 0.00 0
55972 0.00 0.00 0.00 0
55973 0.00 0.00 0.00 0
55974 0.00 0.00 0.00 0
55975 0.00 0.00 0.00 0
55976 0.00 0.00 0.00 0
55977 0.00 0.00 0.00 0
55978 0.00 0.00 0.00 0
55979 0.00 0.00 0.00 0
55980 0.00 0.00 0.00 0
55981 0.00 0.00 0.00 0
55982 0.00 0.00 0.00 0
55983 0.00 0.00 0.00 0
55992 0.00 0.00 0.00 0
55993 0.00 0.00 0.00 0
55994 0.00 0.00 0.00 0
55995 0.00 0.00 0.00 0
55996 0.00 0.00 0.00 0
55997 0.00 0.00 0.00 0
56002 0.00 0.00 0.00 0
56003 0.00 0.00 0.00 0
56004 0.00 0.00 0.00 0
56005 0.00 0.00 0.00 0
56006 0.00 0.00 0.00 0
56007 0.00 0.00 0.00 0
56017 0.00 0.00 0.00 0
56018 0.00 0.00 0.00 0
56019 0.00 0.00 0.00 0
56020 0.00 0.00 0.00 0
56021 0.00 0.00 0.00 0
56022 0.00 0.00 0.00 0
56042 0.00 0.00 0.00 0
56043 0.00 0.00 0.00 0
56044 0.00 0.00 0.00 0
56045 0.00 0.00 0.00 0
56046 0.00 0.00 0.00 0
56058 0.00 0.00 0.00 0
56059 0.00 0.00 0.00 0
56060 0.00 0.00 0.00 0
56061 0.00 0.00 0.00 0
56062 0.00 0.00 0.00 0
56063 0.00 0.00 0.00 0
56078 0.00 0.00 0.00 0
56079 0.00 0.00 0.00 0
57108 0.00 0.00 0.00 0
57109 0.00 0.00 0.00 0
57110 0.00 0.00 0.00 0
57111 0.00 0.00 0.00 0
57112 0.00 0.00 0.00 0
57113 0.00 0.00 0.00 0
57114 0.00 0.00 0.00 0
57117 0.00 0.00 0.00 0
57118 0.00 0.00 0.00 0
57119 0.00 0.00 0.00 0
57120 0.00 0.00 0.00 0
57121 0.00 0.00 0.00 0
57122 0.00 0.00 0.00 0
57123 0.00 0.00 0.00 0
57124 0.00 0.00 0.00 0
57125 0.00 0.00 0.00 0
57126 0.00 0.00 0.00 0
57127 0.00 0.00 0.00 0
57128 0.00 0.00 0.00 0
57129 0.00 0.00 0.00 0
57132 0.00 0.00 0.00 0
57133 0.00 0.00 0.00 0
57134 0.00 0.00 0.00 0
57135 0.00 0.00 0.00 0
57136 0.00 0.00 0.00 0
57137 0.00 0.00 0.00 0
57138 0.00 0.00 0.00 0
57142 0.00 0.00 0.00 0
57143 0.00 0.00 0.00 0
57144 0.00 0.00 0.00 0
57145 0.00 0.00 0.00 0
57146 0.00 0.00 0.00 0
57147 0.00 0.00 0.00 0
57156 0.00 0.00 0.00 0
57157 0.00 0.00 0.00 0
57158 0.00 0.00 0.00 0
57159 0.00 0.00 0.00 0
57160 0.00 0.00 0.00 0
57161 0.00 0.00 0.00 0
57172 0.00 0.00 0.00 0
57173 0.00 0.00 0.00 0
57174 0.00 0.00 0.00 0
57175 0.00 0.00 0.00 0
57182 0.00 0.00 0.00 0
57183 0.00 0.00 0.00 0
57184 0.00 0.00 0.00 0
57185 0.00 0.00 0.00 0
57186 0.00 0.00 0.00 0
57194 0.00 0.00 0.00 0
57195 0.00 0.00 0.00 0
57196 0.00 0.00 0.00 0
57197 0.00 0.00 0.00 0
57207 0.00 0.00 0.00 0
57208 0.00 0.00 0.00 0
57211 0.00 0.00 0.00 0
57212 0.00 0.00 0.00 0
57213 0.00 0.00 0.00 0
57214 0.00 0.00 0.00 0
57217 0.00 0.00 0.00 0
57218 0.00 0.00 0.00 0
57219 0.00 0.00 0.00 0
57220 0.00 0.00 0.00 0
57221 0.00 0.00 0.00 0
57230 0.00 0.00 0.00 0
57231 0.00 0.00 0.00 0
57232 0.00 0.00 0.00 0
57233 0.00 0.00 0.00 0
57234 0.00 0.00 0.00 0
57235 0.00 0.00 0.00 0
57239 0.00 0.00 0.00 0
57240 0.00 0.00 0.00 0
57241 0.00 0.00 0.00 0
57242 0.00 0.00 0.00 0
57243 0.00 0.00 0.00 0
57244 0.00 0.00 0.00 0
57245 0.00 0.00 0.00 0
57246 0.00 0.00 0.00 0
57247 0.00 0.00 0.00 0
57248 0.00 0.00 0.00 0
57249 0.00 0.00 0.00 0
57254 0.00 0.00 0.00 0
57255 0.00 0.00 0.00 0
57256 0.00 0.00 0.00 0
57257 0.00 0.00 0.00 0
57258 0.00 0.00 0.00 0
57259 0.00 0.00 0.00 0
57260 0.00 0.00 0.00 0
57261 0.00 0.00 0.00 0
57262 0.00 0.00 0.00 0
57263 0.00 0.00 0.00 0
57264 0.00 0.00 0.00 0
57265 0.00 0.00 0.00 0
57266 0.00 0.00 0.00 0
57267 0.00 0.00 0.00 0
57268 0.00 0.00 0.00 0
57269 0.00 0.00 0.00 0
57276 0.00 0.00 0.00 0
57277 0.00 0.00 0.00 0
57278 0.00 0.00 0.00 0
57279 0.00 0.00 0.00 0
57280 0.00 0.00 0.00 0
57281 0.00 0.00 0.00 0
57282 0.00 0.00 0.00 0
57283 0.00 0.00 0.00 0
57284 0.00 0.00 0.00 0
57285 0.00 0.00 0.00 0
57286 0.00 0.00 0.00 0
57287 0.00 0.00 0.00 0
57288 0.00 0.00 0.00 0
57289 0.00 0.00 0.00 0
57295 0.00 0.00 0.00 0
57296 0.00 0.00 0.00 0
57297 0.00 0.00 0.00 0
57298 0.00 0.00 0.00 0
57299 0.00 0.00 0.00 0
57300 0.00 0.00 0.00 0
57301 0.00 0.00 0.00 0
57302 0.00 0.00 0.00 0
57303 0.00 0.00 0.00 0
57304 0.00 0.00 0.00 0
57305 0.00 0.00 0.00 0
57312 0.00 0.00 0.00 0
57313 0.00 0.00 0.00 0
57314 0.00 0.00 0.00 0
57315 0.00 0.00 0.00 0
57316 0.00 0.00 0.00 0
57317 0.00 0.00 0.00 0
57318 0.00 0.00 0.00 0
57319 0.00 0.00 0.00 0
57334 0.00 0.00 0.00 0
57335 0.00 0.00 0.00 0
57336 0.00 0.00 0.00 0
57337 0.00 0.00 0.00 0
57338 0.00 0.00 0.00 0
57339 0.00 0.00 0.00 0
57340 0.00 0.00 0.00 0
57355 0.00 0.00 0.00 0
57356 0.00 0.00 0.00 0
57357 0.00 0.00 0.00 0
57358 0.00 0.00 0.00 0
57359 0.00 0.00 0.00 0
57360 0.00 0.00 0.00 0
57361 0.00 0.00 0.00 0
57362 0.00 0.00 0.00 0
57363 0.00 0.00 0.00 0
57377 0.00 0.00 0.00 0
57378 0.00 0.00 0.00 0
57379 0.00 0.00 0.00 0
57380 0.00 0.00 0.00 0
57381 0.00 0.00 0.00 0
57382 0.00 0.00 0.00 0
58556 0.00 0.00 0.00 0
58557 0.00 0.00 0.00 0
58558 0.00 0.00 0.00 0
58559 0.00 0.00 0.00 0
58560 0.00 0.00 0.00 0
58561 0.00 0.00 0.00 0
58562 0.00 0.00 0.00 0
58563 0.00 0.00 0.00 0
58564 0.00 0.00 0.00 0
58565 0.00 0.00 0.00 0
58569 0.00 0.00 0.00 0
58570 0.00 0.00 0.00 0
58571 0.00 0.00 0.00 0
58572 0.00 0.00 0.00 0
58573 0.00 0.00 0.00 0
58574 0.00 0.00 0.00 0
58575 0.00 0.00 0.00 0
58576 0.00 0.00 0.00 0
58577 0.00 0.00 0.00 0
58578 0.00 0.00 0.00 0
58579 0.00 0.00 0.00 0
58580 0.00 0.00 0.00 0
58581 0.00 0.00 0.00 0
58585 0.00 0.00 0.00 0
58586 0.00 0.00 0.00 0
58587 0.00 0.00 0.00 0
58588 0.00 0.00 0.00 0
58589 0.00 0.00 0.00 0
58590 0.00 0.00 0.00 0
58597 0.00 0.00 0.00 0
58598 0.00 0.00 0.00 0
58599 0.00 0.00 0.00 0
58600 0.00 0.00 0.00 0
58601 0.00 0.00 0.00 0
58613 0.00 0.00 0.00 0
58614 0.00 0.00 0.00 0
58615 0.00 0.00 0.00 0
58616 0.00 0.00 0.00 0
58625 0.00 0.00 0.00 0
58626 0.00 0.00 0.00 0
58627 0.00 0.00 0.00 0
58628 0.00 0.00 0.00 0
58633 0.00 0.00 0.00 0
58634 0.00 0.00 0.00 0
58635 0.00 0.00 0.00 0
58636 0.00 0.00 0.00 0
58647 0.00 0.00 0.00 0
58648 0.00 0.00 0.00 0
58649 0.00 0.00 0.00 0
58655 0.00 0.00 0.00 0
58656 0.00 0.00 0.00 0
58658 0.00 0.00 0.00 0
58659 0.00 0.00 0.00 0
58667 0.00 0.00 0.00 0
58668 0.00 0.00 0.00 0
58672 0.00 0.00 0.00 0
58673 0.00 0.00 0.00 0
58674 0.00 0.00 0.00 0
58675 0.00 0.00 0.00 0
58681 0.00 0.00 0.00 0
58682 0.00 0.00 0.00 0
58683 0.00 0.00 0.00 0
58684 0.00 0.00 0.00 0
58685 0.00 0.00 0.00 0
58691 0.00 0.00 0.00 0
58692 0.00 0.00 0.00 0
58693 0.00 0.00 0.00 0
58694 0.00 0.00 0.00 0
58695 0.00 0.00 0.00 0
58696 0.00 0.00 0.00 0
58703 0.00 0.00 0.00 0
58704 0.00 0.00 0.00 0
58705 0.00 0.00 0.00 0
58706 0.00 0.00 0.00 0
58707 0.00 0.00 0.00 0
58708 0.00 0.00 0.00 0
58715 0.00 0.00 0.00 0
58716 0.00 0.00 0.00 0
58717 0.00 0.00 0.00 0
58718 0.00 0.00 0.00 0
58719 0.00 0.00 0.00 0
58728 0.00 0.00 0.00 0
58729 0.00 0.00 0.00 0
58730 0.00 0.00 0.00 0
58731 0.00 0.00 0.00 0
58732 0.00 0.00 0.00 0
58748 0.00 0.00 0.00 0
58749 0.00 0.00 0.00 0
58750 0.00 0.00 0.00 0
58751 0.00 0.00 0.00 0
58752 0.00 0.00 0.00 0
58753 0.00 0.00 0.00 0
58754 0.00 0.00 0.00 0
58771 0.00 0.00 0.00 0
58772 0.00 0.00 0.00 0
58773 0.00 0.00 0.00 0
58774 0.00 0.00 0.00 0
58775 0.00 0.00 0.00 0
58776 0.00 0.00 0.00 0
58777 0.00 0.00 0.00 0
58778 0.00 0.00 0.00 0
58779 0.00 0.00 0.00 0
58780 0.00 0.00 0.00 0
58805 0.00 0.00 0.00 0
58819 0.00 0.00 0.00 0
58820 0.00 0.00 0.00 0
58837 0.00 0.00 0.00 0
59839 0.00 0.00 0.00 0
59840 0.00 0.00 0.00 0
59841 0.00 0.00 0.00 0
59844 0.00 0.00 0.00 0
59845 0.00 0.00 0.00 0
59846 0.00 0.00 0.00 0
59847 0.00 0.00 0.00 0
59848 0.00 0.00 0.00 0
59849 0.00 0.00 0.00 0
59850 0.00 0.00 0.00 0
59851 0.00 0.00 0.00 0
59852 0.00 0.00 0.00 0
59853 0.00 0.00 0.00 0
59854 0.00 0.00 0.00 0
59855 0.00 0.00 0.00 0
59856 0.00 0.00 0.00 0
59860 0.00 0.00 0.00 0
59861 0.00 0.00 0.00 0
59862 0.00 0.00 0.00 0
59863 0.00 0.00 0.00 0
59864 0.00 0.00 0.00 0
59865 0.00 0.00 0.00 0
59866 0.00 0.00 0.00 0
59867 0.00 0.00 0.00 0
59868 0.00 0.00 0.00 0
59869 0.00 0.00 0.00 0
59870 0.00 0.00 0.00 0
59871 0.00 0.00 0.00 0
59872 0.00 0.00 0.00 0
59873 0.00 0.00 0.00 0
59874 0.00 0.00 0.00 0
59875 0.00 0.00 0.00 0
59876 0.00 0.00 0.00 0
59882 0.00 0.00 0.00 0
59883 0.00 0.00 0.00 0
59884 0.00 0.00 0.00 0
59885 0.00 0.00 0.00 0
59886 0.00 0.00 0.00 0
59897 0.00 0.00 0.00 0
59898 0.00 0.00 0.00 0
59899 0.00 0.00 0.00 0
59909 0.00 0.00 0.00 0
59910 0.00 0.00 0.00 0
59918 0.00 0.00 0.00 0
59919 0.00 0.00 0.00 0
59932 0.00 0.00 0.00 0
59933 0.00 0.00 0.00 0
59934 0.00 0.00 0.00 0
59947 0.00 0.00 0.00 0
59948 0.00 0.00 0.00 0
59951 0.00 0.00 0.00 0
59959 0.00 0.00 0.00 0
59963 0.00 0.00 0.00 0
59964 0.00 0.00 0.00 0
59968 0.00 0.00 0.00 0
59969 0.00 0.00 0.00 0
59970 0.00 0.00 0.00 0
59971 0.00 0.00 0.00 0
59976 0.00 0.00 0.00 0
59977 0.00 0.00 0.00 0
59978 0.00 0.00 0.00 0
59979 0.00 0.00 0.00 0
59980 0.00 0.00 0.00 0
59988 0.00 0.00 0.00 0
59989 0.00 0.00 0.00 0
59990 0.00 0.00 0.00 0
59991 0.00 0.00 0.00 0
59992 0.00 0.00 0.00 0
59999 0.00 0.00 0.00 0
60000 0.00 0.00 0.00 0
60001 0.00 0.00 0.00 0
60002 0.00 0.00 0.00 0
60003 0.00 0.00 0.00 0
60004 0.00 0.00 0.00 0
60012 0.00 0.00 0.00 0
60013 0.00 0.00 0.00 0
60014 0.00 0.00 0.00 0
60015 0.00 0.00 0.00 0
60031 0.00 0.00 0.00 0
60032 0.00 0.00 0.00 0
60033 0.00 0.00 0.00 0
60034 0.00 0.00 0.00 0
60035 0.00 0.00 0.00 0
60036 0.00 0.00 0.00 0
60037 0.00 0.00 0.00 0
60038 0.00 0.00 0.00 0
60057 0.00 0.00 0.00 0
60058 0.00 0.00 0.00 0
60059 0.00 0.00 0.00 0
60060 0.00 0.00 0.00 0
60061 0.00 0.00 0.00 0
60062 0.00 0.00 0.00 0
60063 0.00 0.00 0.00 0
60064 0.00 0.00 0.00 0
60065 0.00 0.00 0.00 0
60081 0.00 0.00 0.00 0
60082 0.00 0.00 0.00 0
60083 0.00 0.00 0.00 0
60094 0.00 0.00 0.00 0
60095 0.00 0.00 0.00 0
60096 0.00 0.00 0.00 0
60101 0.00 0.00 0.00 0
60102 0.00 0.00 0.00 0
60115 0.00 0.00 0.00 0
61050 0.00 0.00 0.00 0
61051 0.00 0.00 0.00 0
61052 0.00 0.00 0.00 0
61053 0.00 0.00 0.00 0
61054 0.00 0.00 0.00 0
61055 0.00 0.00 0.00 0
61056 0.00 0.00 0.00 0
61057 0.00 0.00 0.00 0
61058 0.00 0.00 0.00 0
61059 0.00 0.00 0.00 0
61060 0.00 0.00 0.00 0
61061 0.00 0.00 0.00 0
61062 0.00 0.00 0.00 0
61063 0.00 0.00 0.00 0
61064 0.00 0.00 0.00 0
61065 0.00 0.00 0.00 0
61071 0.00 0.00 0.00 0
61072 0.00 0.00 0.00 0
61073 0.00 0.00 0.00 0
61074 0.00 0.00 0.00 0
61075 0.00 0.00 0.00 0
61076 0.00 0.00 0.00 0
61077 0.00 0.00 0.00 0
61078 0.00 0.00 0.00 0
61079 0.00 0.00 0.00 0
61080 0.00 0.00 0.00 0
61081 0.00 0.00 0.00 0
61082 0.00 0.00 0.00 0
61083 0.00 0.00 0.00 0
61084 0.00 0.00 0.00 0
61085 0.00 0.00 0.00 0
61086 0.00 0.00 0.00 0
61087 0.00 0.00 0.00 0
61088 0.00 0.00 0.00 0
61089 0.00 0.00 0.00 0
61100 0.00 0.00 0.00 0
61101 0.00 0.00 0.00 0
61102 0.00 0.00 0.00 0
61103 0.00 0.00 0.00 0
61104 0.00 0.00 0.00 0
61119 0.00 0.00 0.00 0
61120 0.00 0.00 0.00 0
61121 0.00 0.00 0.00 0
61129 0.00 0.00 0.00 0
61130 0.00 0.00 0.00 0
61131 0.00 0.00 0.00 0
61132 0.00 0.00 0.00 0
61133 0.00 0.00 0.00 0
61143 0.00 0.00 0.00 0
61144 0.00 0.00 0.00 0
61145 0.00 0.00 0.00 0
61146 0.00 0.00 0.00 0
61163 0.00 0.00 0.00 0
61164 0.00 0.00 0.00 0
61165 0.00 0.00 0.00 0
61166 0.00 0.00 0.00 0
61167 0.00 0.00 0.00 0
61168 0.00 0.00 0.00 0
61180 0.00 0.00 0.00 0
61181 0.00 0.00 0.00 0
61187 0.00 0.00 0.00 0
61188 0.00 0.00 0.00 0
61193 0.00 0.00 0.00 0
61197 0.00 0.00 0.00 0
61198 0.00 0.00 0.00 0
61203 0.00 0.00 0.00 0
61204 0.00 0.00 0.00 0
61205 0.00 0.00 0.00 0
61213 0.00 0.00 0.00 0
61214 0.00 0.00 0.00 0
61215 0.00 0.00 0.00 0
61225 0.00 0.00 0.00 0
61226 0.00 0.00 0.00 0
61227 0.00 0.00 0.00 0
61228 0.00 0.00 0.00 0
61229 0.00 0.00 0.00 0
61237 0.00 0.00 0.00 0
61238 0.00 0.00 0.00 0
61239 0.00 0.00 0.00 0
61240 0.00 0.00 0.00 0
61241 0.00 0.00 0.00 0
61258 0.00 0.00 0.00 0
61259 0.00 0.00 0.00 0
61260 0.00 0.00 0.00 0
61261 0.00 0.00 0.00 0
61262 0.00 0.00 0.00 0
61263 0.00 0.00 0.00 0
61264 0.00 0.00 0.00 0
61265 0.00 0.00 0.00 0
61266 0.00 0.00 0.00 0
61267 0.00 0.00 0.00 0
61268 0.00 0.00 0.00 0
61269 0.00 0.00 0.00 0
61270 0.00 0.00 0.00 0
61271 0.00 0.00 0.00 0
61289 0.00 0.00 0.00 0
61290 0.00 0.00 0.00 0
61291 0.00 0.00 0.00 0
61292 0.00 0.00 0.00 0
61293 0.00 0.00 0.00 0
61294 0.00 0.00 0.00 0
61295 0.00 0.00 0.00 0
61308 0.00 0.00 0.00 0
61309 0.00 0.00 0.00 0
61310 0.00 0.00 0.00 0
61320 0.00 0.00 0.00 0
61321 0.00 0.00 0.00 0
61322 0.00 0.00 0.00 0
61329 0.00 0.00 0.00 0
61330 0.00 0.00 0.00 0
61338 0.00 0.00 0.00 0
61339 0.00 0.00 0.00 0
62285 0.00 0.00 0.00 0
62286 0.00 0.00 0.00 0
62287 0.00 0.00 0.00 0
62288 0.00 0.00 0.00 0
62289 0.00 0.00 0.00 0
62290 0.00 0.00 0.00 0
62291 0.00 0.00 0.00 0
62292 0.00 0.00 0.00 0
62293 0.00 0.00 0.00 0
62294 0.00 0.00 0.00 0
62295 0.00 0.00 0.00 0
62296 0.00 0.00 0.00 0
62297 0.00 0.00 0.00 0
62298 0.00 0.00 0.00 0
62299 0.00 0.00 0.00 0
62300 0.00 0.00 0.00 0
62301 0.00 0.00 0.00 0
62306 0.00 0.00 0.00 0
62307 0.00 0.00 0.00 0
62308 0.00 0.00 0.00 0
62309 0.00 0.00 0.00 0
62310 0.00 0.00 0.00 0
62311 0.00 0.00 0.00 0
62312 0.00 0.00 0.00 0
62313 0.00 0.00 0.00 0
62314 0.00 0.00 0.00 0
62315 0.00 0.00 0.00 0
62316 0.00 0.00 0.00 0
62317 0.00 0.00 0.00 0
62318 0.00 0.00 0.00 0
62319 0.00 0.00 0.00 0
62320 0.00 0.00 0.00 0
62321 0.00 0.00 0.00 0
62322 0.00 0.00 0.00 0
62323 0.00 0.00 0.00 0
62324 0.00 0.00 0.00 0
62337 0.00 0.00 0.00 0
62338 0.00 0.00 0.00 0
62339 0.00 0.00 0.00 0
62340 0.00 0.00 0.00 0
62341 0.00 0.00 0.00 0
62342 0.00 0.00 0.00 0
62353 0.00 0.00 0.00 0
62354 0.00 0.00 0.00 0
62355 0.00 0.00 0.00 0
62356 0.00 0.00 0.00 0
62357 0.00 0.00 0.00 0
62358 0.00 0.00 0.00 0
62359 0.00 0.00 0.00 0
62369 0.00 0.00 0.00 0
62370 0.00 0.00 0.00 0
62371 0.00 0.00 0.00 0
62372 0.00 0.00 0.00 0
62373 0.00 0.00 0.00 0
62374 0.00 0.00 0.00 0
62375 0.00 0.00 0.00 0
62376 0.00 0.00 0.00 0
62390 0.00 0.00 0.00 0
62391 0.00 0.00 0.00 0
62392 0.00 0.00 0.00 0
62393 0.00 0.00 0.00 0
62394 0.00 0.00 0.00 0
62395 0.00 0.00 0.00 0
62396 0.00 0.00 0.00 0
62397 0.00 0.00 0.00 0
62398 0.00 0.00 0.00 0
62413 0.00 0.00 0.00 0
62414 0.00 0.00 0.00 0
62415 0.00 0.00 0.00 0
62416 0.00 0.00 0.00 0
62417 0.00 0.00 0.00 0
62423 0.00 0.00 0.00 0
62424 0.00 0.00 0.00 0
62430 0.00 0.00 0.00 0
62431 0.00 0.00 0.00 0
62436 0.00 0.00 0.00 0
62437 0.00 0.00 0.00 0
62441 0.00 0.00 0.00 0
62442 0.00 0.00 0.00 0
62448 0.00 0.00 0.00 0
62449 0.00 0.00 0.00 0
62458 0.00 0.00 0.00 0
62459 0.00 0.00 0.00 0
62460 0.00 0.00 0.00 0
62468 0.00 0.00 0.00 0
62469 0.00 0.00 0.00 0
62470 0.00 0.00 0.00 0
62471 0.00 0.00 0.00 0
62487 0.00 0.00 0.00 0
62488 0.00 0.00 0.00 0
62489 0.00 0.00 0.00 0
62490 0.00 0.00 0.00 0
62491 0.00 0.00 0.00 0
62492 0.00 0.00 0.00 0
62493 0.00 0.00 0.00 0
62494 0.00 0.00 0.00 0
62495 0.00 0.00 0.00 0
62496 0.00 0.00 0.00 0
62497 0.00 0.00 0.00 0
62498 0.00 0.00 0.00 0
62499 0.00 0.00 0.00 0
62500 0.00 0.00 0.00 0
62501 0.00 0.00 0.00 0
62521 0.00 0.00 0.00 0
62522 0.00 0.00 0.00 0
62534 0.00 0.00 0.00 0
62535 0.00 0.00 0.00 0
62536 0.00 0.00 0.00 0
62537 0.00 0.00 0.00 0
62545 0.00 0.00 0.00 0
62546 0.00 0.00 0.00 0
62547 0.00 0.00 0.00 0
62555 0.00 0.00 0.00 0
62556 0.00 0.00 0.00 0
62565 0.00 0.00 0.00 0
62566 0.00 0.00 0.00 0
62573 0.00 0.00 0.00 0
63560 0.00 0.00 0.00 0
63561 0.00 0.00 0.00 0
63562 0.00 0.00 0.00 0
63563 0.00 0.00 0.00 0
63564 0.00 0.00 0.00 0
63565 0.00 0.00 0.00 0
63566 0.00 0.00 0.00 0
63567 0.00 0.00 0.00 0
63568 0.00 0.00 0.00 0
63569 0.00 0.00 0.00 0
63570 0.00 0.00 0.00 0
63571 0.00 0.00 0.00 0
63572 0.00 0.00 0.00 0
63573 0.00 0.00 0.00 0
63574 0.00 0.00 0.00 0
63587 0.00 0.00 0.00 0
63588 0.00 0.00 0.00 0
63589 0.00 0.00 0.00 0
63590 0.00 0.00 0.00 0
63591 0.00 0.00 0.00 0
63592 0.00 0.00 0.00 0
63593 0.00 0.00 0.00 0
63594 0.00 0.00 0.00 0
63595 0.00 0.00 0.00 0
63596 0.00 0.00 0.00 0
63597 0.00 0.00 0.00 0
63598 0.00 0.00 0.00 0
63599 0.00 0.00 0.00 0
63600 0.00 0.00 0.00 0
63601 0.00 0.00 0.00 0
63602 0.00 0.00 0.00 0
63618 0.00 0.00 0.00 0
63619 0.00 0.00 0.00 0
63620 0.00 0.00 0.00 0
63621 0.00 0.00 0.00 0
63622 0.00 0.00 0.00 0
63623 0.00 0.00 0.00 0
63624 0.00 0.00 0.00 0
63625 0.00 0.00 0.00 0
63626 0.00 0.00 0.00 0
63627 0.00 0.00 0.00 0
63628 0.00 0.00 0.00 0
63629 0.00 0.00 0.00 0
63630 0.00 0.00 0.00 0
63639 0.00 0.00 0.00 0
63640 0.00 0.00 0.00 0
63641 0.00 0.00 0.00 0
63642 0.00 0.00 0.00 0
63643 0.00 0.00 0.00 0
63644 0.00 0.00 0.00 0
63645 0.00 0.00 0.00 0
63646 0.00 0.00 0.00 0
63647 0.00 0.00 0.00 0
63648 0.00 0.00 0.00 0
63657 0.00 0.00 0.00 0
63658 0.00 0.00 0.00 0
63659 0.00 0.00 0.00 0
63660 0.00 0.00 0.00 0
63661 0.00 0.00 0.00 0
63662 0.00 0.00 0.00 0
63663 0.00 0.00 0.00 0
63664 0.00 0.00 0.00 0
63665 0.00 0.00 0.00 0
63666 0.00 0.00 0.00 0
63667 0.00 0.00 0.00 0
63668 0.00 0.00 0.00 0
63683 0.00 0.00 0.00 0
63684 0.00 0.00 0.00 0
63685 0.00 0.00 0.00 0
63686 0.00 0.00 0.00 0
63687 0.00 0.00 0.00 0
63688 0.00 0.00 0.00 0
63689 0.00 0.00 0.00 0
63690 0.00 0.00 0.00 0
63691 0.00 0.00 0.00 0
63696 0.00 0.00 0.00 0
63697 0.00 0.00 0.00 0
63698 0.00 0.00 0.00 0
63699 0.00 0.00 0.00 0
63700 0.00 0.00 0.00 0
63701 0.00 0.00 0.00 0
63702 0.00 0.00 0.00 0
63703 0.00 0.00 0.00 0
63711 0.00 0.00 0.00 0
63712 0.00 0.00 0.00 0
63719 0.00 0.00 0.00 0
63720 0.00 0.00 0.00 0
63727 0.00 0.00 0.00 0
63728 0.00 0.00 0.00 0
63735 0.00 0.00 0.00 0
63736 0.00 0.00 0.00 0
63745 0.00 0.00 0.00 0
63746 0.00 0.00 0.00 0
63747 0.00 0.00 0.00 0
63756 0.00 0.00 0.00 0
63757 0.00 0.00 0.00 0
63758 0.00 0.00 0.00 0
63759 0.00 0.00 0.00 0
63771 0.00 0.00 0.00 0
63772 0.00 0.00 0.00 0
63773 0.00 0.00 0.00 0
63774 0.00 0.00 0.00 0
63775 0.00 0.00 0.00 0
63776 0.00 0.00 0.00 0
63777 0.00 0.00 0.00 0
63778 0.00 0.00 0.00 0
63779 0.00 0.00 0.00 0
63780 0.00 0.00 0.00 0
63781 0.00 0.00 0.00 0
63782 0.00 0.00 0.00 0
63783 0.00 0.00 0.00 0
63784 0.00 0.00 0.00 0
63785 0.00 0.00 0.00 0
63786 0.00 0.00 0.00 0
63787 0.00 0.00 0.00 0
63807 0.00 0.00 0.00 0
63808 0.00 0.00 0.00 0
63809 0.00 0.00 0.00 0
63819 0.00 0.00 0.00 0
63820 0.00 0.00 0.00 0
63821 0.00 0.00 0.00 0
63822 0.00 0.00 0.00 0
63829 0.00 0.00 0.00 0
63830 0.00 0.00 0.00 0
63837 0.00 0.00 0.00 0
63838 0.00 0.00 0.00 0
63846 0.00 0.00 0.00 0
63847 0.00 0.00 0.00 0
63848 0.00 0.00 0.00 0
63856 0.00 0.00 0.00 0
64972 0.00 0.00 0.00 0
64973 0.00 0.00 0.00 0
64974 0.00 0.00 0.00 0
64975 0.00 0.00 0.00 0
64976 0.00 0.00 0.00 0
64977 0.00 0.00 0.00 0
64978 0.00 0.00 0.00 0
64995 0.00 0.00 0.00 0
64996 0.00 0.00 0.00 0
64997 0.00 0.00 0.00 0
64998 0.00 0.00 0.00 0
64999 0.00 0.00 0.00 0
65000 0.00 0.00 0.00 0
65001 0.00 0.00 0.00 0
65002 0.00 0.00 0.00 0
65003 0.00 0.00 0.00 0
65004 0.00 0.00 0.00 0
65005 0.00 0.00 0.00 0
65006 0.00 0.00 0.00 0
65007 0.00 0.00 0.00 0
65008 0.00 0.00 0.00 0
65009 0.00 0.00 0.00 0
65010 0.00 0.00 0.00 0
65015 0.00 0.00 0.00 0
65016 0.00 0.00 0.00 0
65017 0.00 0.00 0.00 0
65018 0.00 0.00 0.00 0
65019 0.00 0.00 0.00 0
65020 0.00 0.00 0.00 0
65021 0.00 0.00 0.00 0
65022 0.00 0.00 0.00 0
65023 0.00 0.00 0.00 0
65024 0.00 0.00 0.00 0
65025 0.00 0.00 0.00 0
65026 0.00 0.00 0.00 0
65027 0.00 0.00 0.00 0
65028 0.00 0.00 0.00 0
65029 0.00 0.00 0.00 0
65030 0.00 0.00 0.00 0
65031 0.00 0.00 0.00 0
65032 0.00 0.00 0.00 0
65034 0.00 0.00 0.00 0
65035 0.00 0.00 0.00 0
65036 0.00 0.00 0.00 0
65037 0.00 0.00 0.00 0
65038 0.00 0.00 0.00 0
65039 0.00 0.00 0.00 0
65040 0.00 0.00 0.00 0
65041 0.00 0.00 0.00 0
65042 0.00 0.00 0.00 0
65043 0.00 0.00 0.00 0
65044 0.00 0.00 0.00 0
65045 0.00 0.00 0.00 0
65046 0.00 0.00 0.00 0
65047 0.00 0.00 0.00 0
65048 0.00 0.00 0.00 0
65049 0.00 0.00 0.00 0
65050 0.00 0.00 0.00 0
65051 0.00 0.00 0.00 0
65052 0.00 0.00 0.00 0
65066 0.00 0.00 0.00 0
65067 0.00 0.00 0.00 0
65068 0.00 0.00 0.00 0
65069 0.00 0.00 0.00 0
65070 0.00 0.00 0.00 0
65071 0.00 0.00 0.00 0
65072 0.00 0.00 0.00 0
65073 0.00 0.00 0.00 0
65074 0.00 0.00 0.00 0
65075 0.00 0.00 0.00 0
65076 0.00 0.00 0.00 0
65077 0.00 0.00 0.00 0
65078 0.00 0.00 0.00 0
65079 0.00 0.00 0.00 0
65085 0.00 0.00 0.00 0
65086 0.00 0.00 0.00 0
65087 0.00 0.00 0.00 0
65088 0.00 0.00 0.00 0
65089 0.00 0.00 0.00 0
65090 0.00 0.00 0.00 0
65091 0.00 0.00 0.00 0
65092 0.00 0.00 0.00 0
65093 0.00 0.00 0.00 0
65094 0.00 0.00 0.00 0
65095 0.00 0.00 0.00 0
65096 0.00 0.00 0.00 0
65097 0.00 0.00 0.00 0
65098 0.00 0.00 0.00 0
65105 0.00 0.00 0.00 0
65106 0.00 0.00 0.00 0
65107 0.00 0.00 0.00 0
65108 0.00 0.00 0.00 0
65109 0.00 0.00 0.00 0
65110 0.00 0.00 0.00 0
65111 0.00 0.00 0.00 0
65112 0.00 0.00 0.00 0
65119 0.00 0.00 0.00 0
65120 0.00 0.00 0.00 0
65127 0.00 0.00 0.00 0
65128 0.00 0.00 0.00 0
65134 0.00 0.00 0.00 0
65142 0.00 0.00 0.00 0
65143 0.00 0.00 0.00 0
65151 0.00 0.00 0.00 0
65152 0.00 0.00 0.00 0
65153 0.00 0.00 0.00 0
65164 0.00 0.00 0.00 0
65165 0.00 0.00 0.00 0
65166 0.00 0.00 0.00 0
65167 0.00 0.00 0.00 0
65168 0.00 0.00 0.00 0
65169 0.00 0.00 0.00 0
65170 0.00 0.00 0.00 0
65171 0.00 0.00 0.00 0
65172 0.00 0.00 0.00 0
65173 0.00 0.00 0.00 0
65174 0.00 0.00 0.00 0
65175 0.00 0.00 0.00 0
65176 0.00 0.00 0.00 0
65177 0.00 0.00 0.00 0
65178 0.00 0.00 0.00 0
65199 0.00 0.00 0.00 0
65200 0.00 0.00 0.00 0
65201 0.00 0.00 0.00 0
65202 0.00 0.00 0.00 0
65203 0.00 0.00 0.00 0
65204 0.00 0.00 0.00 0
65205 0.00 0.00 0.00 0
65206 0.00 0.00 0.00 0
65207 0.00 0.00 0.00 0
65208 0.00 0.00 0.00 0
65209 0.00 0.00 0.00 0
65210 0.00 0.00 0.00 0
65221 0.00 0.00 0.00 0
65222 0.00 0.00 0.00 0
65223 0.00 0.00 0.00 0
65224 0.00 0.00 0.00 0
65233 0.00 0.00 0.00 0
65234 0.00 0.00 0.00 0
65243 0.00 0.00 0.00 0
65244 0.00 0.00 0.00 0
65252 0.00 0.00 0.00 0
65253 0.00 0.00 0.00 0
65254 0.00 0.00 0.00 0
66461 0.00 0.00 0.00 0
66462 0.00 0.00 0.00 0
66477 0.00 0.00 0.00 0
66478 0.00 0.00 0.00 0
66479 0.00 0.00 0.00 0
66480 0.00 0.00 0.00 0
66481 0.00 0.00 0.00 0
66482 0.00 0.00 0.00 0
66486 0.00 0.00 0.00 0
66487 0.00 0.00 0.00 0
66488 0.00 0.00 0.00 0
66489 0.00 0.00 0.00 0
66491 0.00 0.00 0.00 0
66492 0.00 0.00 0.00 0
66493 0.00 0.00 0.00 0
66494 0.00 0.00 0.00 0
66495 0.00 0.00 0.00 0
66496 0.00 0.00 0.00 0
66497 0.00 0.00 0.00 0
66498 0.00 0.00 0.00 0
66499 0.00 0.00 0.00 0
66513 0.00 0.00 0.00 0
66514 0.00 0.00 0.00 0
66515 0.00 0.00 0.00 0
66516 0.00 0.00 0.00 0
66517 0.00 0.00 0.00 0
66518 0.00 0.00 0.00 0
66519 0.00 0.00 0.00 0
66520 0.00 0.00 0.00 0
66521 0.00 0.00 0.00 0
66522 0.00 0.00 0.00 0
66523 0.00 0.00 0.00 0
66524 0.00 0.00 0.00 0
66532 0.00 0.00 0.00 0
66533 0.00 0.00 0.00 0
66534 0.00 0.00 0.00 0
66535 0.00 0.00 0.00 0
66536 0.00 0.00 0.00 0
66537 0.00 0.00 0.00 0
66538 0.00 0.00 0.00 0
66539 0.00 0.00 0.00 0
66540 0.00 0.00 0.00 0
66541 0.00 0.00 0.00 0
66542 0.00 0.00 0.00 0
66543 0.00 0.00 0.00 0
66544 0.00 0.00 0.00 0
66545 0.00 0.00 0.00 0
66553 0.00 0.00 0.00 0
66554 0.00 0.00 0.00 0
66555 0.00 0.00 0.00 0
66556 0.00 0.00 0.00 0
66557 0.00 0.00 0.00 0
66558 0.00 0.00 0.00 0
66559 0.00 0.00 0.00 0
66560 0.00 0.00 0.00 0
66561 0.00 0.00 0.00 0
66562 0.00 0.00 0.00 0
66563 0.00 0.00 0.00 0
66572 0.00 0.00 0.00 0
66573 0.00 0.00 0.00 0
66574 0.00 0.00 0.00 0
66575 0.00 0.00 0.00 0
66576 0.00 0.00 0.00 0
66577 0.00 0.00 0.00 0
66578 0.00 0.00 0.00 0
66579 0.00 0.00 0.00 0
66586 0.00 0.00 0.00 0
66587 0.00 0.00 0.00 0
66594 0.00 0.00 0.00 0
66603 0.00 0.00 0.00 0
66604 0.00 0.00 0.00 0
66612 0.00 0.00 0.00 0
66613 0.00 0.00 0.00 0
66628 0.00 0.00 0.00 0
66629 0.00 0.00 0.00 0
66630 0.00 0.00 0.00 0
66631 0.00 0.00 0.00 0
66653 0.00 0.00 0.00 0
66654 0.00 0.00 0.00 0
66655 0.00 0.00 0.00 0
66656 0.00 0.00 0.00 0
66657 0.00 0.00 0.00 0
66658 0.00 0.00 0.00 0
66659 0.00 0.00 0.00 0
66660 0.00 0.00 0.00 0
66661 0.00 0.00 0.00 0
66662 0.00 0.00 0.00 0
66671 0.00 0.00 0.00 0
66672 0.00 0.00 0.00 0
66673 0.00 0.00 0.00 0
66674 0.00 0.00 0.00 0
66675 0.00 0.00 0.00 0
66676 0.00 0.00 0.00 0
66677 0.00 0.00 0.00 0
66678 0.00 0.00 0.00 0
66686 0.00 0.00 0.00 0
66687 0.00 0.00 0.00 0
66688 0.00 0.00 0.00 0
66695 0.00 0.00 0.00 0
66696 0.00 0.00 0.00 0
66707 0.00 0.00 0.00 0
66708 0.00 0.00 0.00 0
67853 0.00 0.00 0.00 0
67854 0.00 0.00 0.00 0
67855 0.00 0.00 0.00 0
67856 0.00 0.00 0.00 0
67857 0.00 0.00 0.00 0
67878 0.00 0.00 0.00 0
67879 0.00 0.00 0.00 0
67880 0.00 0.00 0.00 0
67881 0.00 0.00 0.00 0
67882 0.00 0.00 0.00 0
67883 0.00 0.00 0.00 0
67884 0.00 0.00 0.00 0
67901 0.00 0.00 0.00 0
67902 0.00 0.00 0.00 0
67903 0.00 0.00 0.00 0
67904 0.00 0.00 0.00 0
67910 0.00 0.00 0.00 0
67911 0.00 0.00 0.00 0
67912 0.00 0.00 0.00 0
67913 0.00 0.00 0.00 0
67914 0.00 0.00 0.00 0
67915 0.00 0.00 0.00 0
67927 0.00 0.00 0.00 0
67928 0.00 0.00 0.00 0
67929 0.00 0.00 0.00 0
67930 0.00 0.00 0.00 0
67931 0.00 0.00 0.00 0
67932 0.00 0.00 0.00 0
67933 0.00 0.00 0.00 0
67934 0.00 0.00 0.00 0
67935 0.00 0.00 0.00 0
67947 0.00 0.00 0.00 0
67948 0.00 0.00 0.00 0
67949 0.00 0.00 0.00 0
67950 0.00 0.00 0.00 0
67951 0.00 0.00 0.00 0
67952 0.00 0.00 0.00 0
67953 0.00 0.00 0.00 0
67954 0.00 0.00 0.00 0
67955 0.00 0.00 0.00 0
67956 0.00 0.00 0.00 0
67967 0.00 0.00 0.00 0
67968 0.00 0.00 0.00 0
67969 0.00 0.00 0.00 0
67970 0.00 0.00 0.00 0
67971 0.00 0.00 0.00 0
67972 0.00 0.00 0.00 0
67973 0.00 0.00 0.00 0
67974 0.00 0.00 0.00 0
67975 0.00 0.00 0.00 0
67976 0.00 0.00 0.00 0
67977 0.00 0.00 0.00 0
67978 0.00 0.00 0.00 0
67987 0.00 0.00 0.00 0
67988 0.00 0.00 0.00 0
67989 0.00 0.00 0.00 0
67990 0.00 0.00 0.00 0
67991 0.00 0.00 0.00 0
67992 0.00 0.00 0.00 0
67993 0.00 0.00 0.00 0
67994 0.00 0.00 0.00 0
67995 0.00 0.00 0.00 0
67996 0.00 0.00 0.00 0
67997 0.00 0.00 0.00 0
67998 0.00 0.00 0.00 0
67999 0.00 0.00 0.00 0
68009 0.00 0.00 0.00 0
68010 0.00 0.00 0.00 0
68011 0.00 0.00 0.00 0
68021 0.00 0.00 0.00 0
68029 0.00 0.00 0.00 0
68030 0.00 0.00 0.00 0
68037 0.00 0.00 0.00 0
68038 0.00 0.00 0.00 0
68057 0.00 0.00 0.00 0
68058 0.00 0.00 0.00 0
68059 0.00 0.00 0.00 0
68079 0.00 0.00 0.00 0
68080 0.00 0.00 0.00 0
68081 0.00 0.00 0.00 0
68082 0.00 0.00 0.00 0
68091 0.00 0.00 0.00 0
68092 0.00 0.00 0.00 0
68093 0.00 0.00 0.00 0
68094 0.00 0.00 0.00 0
68095 0.00 0.00 0.00 0
68096 0.00 0.00 0.00 0
68097 0.00 0.00 0.00 0
68105 0.00 0.00 0.00 0
68106 0.00 0.00 0.00 0
68107 0.00 0.00 0.00 0
68108 0.00 0.00 0.00 0
68109 0.00 0.00 0.00 0
68114 0.00 0.00 0.00 0
68115 0.00 0.00 0.00 0
68116 0.00 0.00 0.00 0
68126 0.00 0.00 0.00 0
68127 0.00 0.00 0.00 0
69098 0.00 0.00 0.00 0
69099 0.00 0.00 0.00 0
69100 0.00 0.00 0.00 0
69101 0.00 0.00 0.00 0
69102 0.00 0.00 0.00 0
69103 0.00 0.00 0.00 0
69114 0.00 0.00 0.00 0
69115 0.00 0.00 0.00 0
69116 0.00 0.00 0.00 0
69117 0.00 0.00 0.00 0
69118 0.00 0.00 0.00 0
69137 0.00 0.00 0.00 0
69138 0.00 0.00 0.00 0
69139 0.00 0.00 0.00 0
69140 0.00 0.00 0.00 0
69141 0.00 0.00 0.00 0
69160 0.00 0.00 0.00 0
69161 0.00 0.00 0.00 0
69162 0.00 0.00 0.00 0
69163 0.00 0.00 0.00 0
69164 0.00 0.00 0.00 0
69165 0.00 0.00 0.00 0
69166 0.00 0.00 0.00 0
69181 0.00 0.00 0.00 0
69182 0.00 0.00 0.00 0
69183 0.00 0.00 0.00 0
69184 0.00 0.00 0.00 0
69185 0.00 0.00 0.00 0
69186 0.00 0.00 0.00 0
69187 0.00 0.00 0.00 0
69196 0.00 0.00 0.00 0
69197 0.00 0.00 0.00 0
69198 0.00 0.00 0.00 0
69199 0.00 0.00 0.00 0
69200 0.00 0.00 0.00 0
69201 0.00 0.00 0.00 0
69202 0.00 0.00 0.00 0
69212 0.00 0.00 0.00 0
69213 0.00 0.00 0.00 0
69214 0.00 0.00 0.00 0
69215 0.00 0.00 0.00 0
69216 0.00 0.00 0.00 0
69217 0.00 0.00 0.00 0
69224 0.00 0.00 0.00 0
69225 0.00 0.00 0.00 0
69226 0.00 0.00 0.00 0
69227 0.00 0.00 0.00 0
69228 0.00 0.00 0.00 0
69229 0.00 0.00 0.00 0
69230 0.00 0.00 0.00 0
69231 0.00 0.00 0.00 0
69232 0.00 0.00 0.00 0
69233 0.00 0.00 0.00 0
69234 0.00 0.00 0.00 0
69235 0.00 0.00 0.00 0
69245 0.00 0.00 0.00 0
69246 0.00 0.00 0.00 0
69247 0.00 0.00 0.00 0
69248 0.00 0.00 0.00 0
69249 0.00 0.00 0.00 0
69250 0.00 0.00 0.00 0
69251 0.00 0.00 0.00 0
69252 0.00 0.00 0.00 0
69253 0.00 0.00 0.00 0
69265 0.00 0.00 0.00 0
69266 0.00 0.00 0.00 0
69274 0.00 0.00 0.00 0
69275 0.00 0.00 0.00 0
69281 0.00 0.00 0.00 0
69282 0.00 0.00 0.00 0
69301 0.00 0.00 0.00 0
69302 0.00 0.00 0.00 0
69303 0.00 0.00 0.00 0
69317 0.00 0.00 0.00 0
69318 0.00 0.00 0.00 0
69319 0.00 0.00 0.00 0
69327 0.00 0.00 0.00 0
69328 0.00 0.00 0.00 0
69329 0.00 0.00 0.00 0
69330 0.00 0.00 0.00 0
69336 0.00 0.00 0.00 0
69337 0.00 0.00 0.00 0
69338 0.00 0.00 0.00 0
69339 0.00 0.00 0.00 0
69340 0.00 0.00 0.00 0
69347 0.00 0.00 0.00 0
69348 0.00 0.00 0.00 0
69349 0.00 0.00 0.00 0
69361 0.00 0.00 0.00 0
70305 0.00 0.00 0.00 0
70306 0.00 0.00 0.00 0
70307 0.00 0.00 0.00 0
70308 0.00 0.00 0.00 0
70309 0.00 0.00 0.00 0
70310 0.00 0.00 0.00 0
70316 0.00 0.00 0.00 0
70317 0.00 0.00 0.00 0
70318 0.00 0.00 0.00 0
70319 0.00 0.00 0.00 0
70320 0.00 0.00 0.00 0
70327 0.00 0.00 0.00 0
70328 0.00 0.00 0.00 0
70329 0.00 0.00 0.00 0
70330 0.00 0.00 0.00 0
70331 0.00 0.00 0.00 0
70332 0.00 0.00 0.00 0
70333 0.00 0.00 0.00 0
70341 0.00 0.00 0.00 0
70342 0.00 0.00 0.00 0
70343 0.00 0.00 0.00 0
70344 0.00 0.00 0.00 0
70345 0.00 0.00 0.00 0
70346 0.00 0.00 0.00 0
70347 0.00 0.00 0.00 0
70361 0.00 0.00 0.00 0
70362 0.00 0.00 0.00 0
70363 0.00 0.00 0.00 0
70364 0.00 0.00 0.00 0
70365 0.00 0.00 0.00 0
70366 0.00 0.00 0.00 0
70374 0.00 0.00 0.00 0
70375 0.00 0.00 0.00 0
70376 0.00 0.00 0.00 0
70377 0.00 0.00 0.00 0
70378 0.00 0.00 0.00 0
70387 0.00 0.00 0.00 0
70388 0.00 0.00 0.00 0
70389 0.00 0.00 0.00 0
70390 0.00 0.00 0.00 0
70391 0.00 0.00 0.00 0
70397 0.00 0.00 0.00 0
70398 0.00 0.00 0.00 0
70399 0.00 0.00 0.00 0
70400 0.00 0.00 0.00 0
70401 0.00 0.00 0.00 0
70402 0.00 0.00 0.00 0
70413 0.00 0.00 0.00 0
70414 0.00 0.00 0.00 0
70415 0.00 0.00 0.00 0
70416 0.00 0.00 0.00 0
70417 0.00 0.00 0.00 0
70418 0.00 0.00 0.00 0
70419 0.00 0.00 0.00 0
70420 0.00 0.00 0.00 0
70432 0.00 0.00 0.00 0
70433 0.00 0.00 0.00 0
70434 0.00 0.00 0.00 0
70441 0.00 0.00 0.00 0
70442 0.00 0.00 0.00 0
70450 0.00 0.00 0.00 0
70451 0.00 0.00 0.00 0
70452 0.00 0.00 0.00 0
70471 0.00 0.00 0.00 0
70472 0.00 0.00 0.00 0
70473 0.00 0.00 0.00 0
70474 0.00 0.00 0.00 0
70486 0.00 0.00 0.00 0
70487 0.00 0.00 0.00 0
70488 0.00 0.00 0.00 0
70499 0.00 0.00 0.00 0
70500 0.00 0.00 0.00 0
70501 0.00 0.00 0.00 0
70510 0.00 0.00 0.00 0
70511 0.00 0.00 0.00 0
70512 0.00 0.00 0.00 0
70513 0.00 0.00 0.00 0
70514 0.00 0.00 0.00 0
70521 0.00 0.00 0.00 0
70522 0.00 0.00 0.00 0
70523 0.00 0.00 0.00 0
70524 0.00 0.00 0.00 0
71559 0.00 0.00 0.00 0
71560 0.00 0.00 0.00 0
71561 0.00 0.00 0.00 0
71562 0.00 0.00 0.00 0
71563 0.00 0.00 0.00 0
71564 0.00 0.00 0.00 0
71565 0.00 0.00 0.00 0
71574 0.00 0.00 0.00 0
71575 0.00 0.00 0.00 0
71576 0.00 0.00 0.00 0
71577 0.00 0.00 0.00 0
71578 0.00 0.00 0.00 0
71579 0.00 0.00 0.00 0
71590 0.00 0.00 0.00 0
71591 0.00 0.00 0.00 0
71592 0.00 0.00 0.00 0
71593 0.00 0.00 0.00 0
71594 0.00 0.00 0.00 0
71595 0.00 0.00 0.00 0
71596 0.00 0.00 0.00 0
71597 0.00 0.00 0.00 0
71598 0.00 0.00 0.00 0
71609 0.00 0.00 0.00 0
71610 0.00 0.00 0.00 0
71611 0.00 0.00 0.00 0
71612 0.00 0.00 0.00 0
71613 0.00 0.00 0.00 0
71614 0.00 0.00 0.00 0
71630 0.00 0.00 0.00 0
71631 0.00 0.00 0.00 0
71632 0.00 0.00 0.00 0
71633 0.00 0.00 0.00 0
71634 0.00 0.00 0.00 0
71644 0.00 0.00 0.00 0
71645 0.00 0.00 0.00 0
71646 0.00 0.00 0.00 0
71647 0.00 0.00 0.00 0
71648 0.00 0.00 0.00 0
71649 0.00 0.00 0.00 0
71659 0.00 0.00 0.00 0
71660 0.00 0.00 0.00 0
71661 0.00 0.00 0.00 0
71662 0.00 0.00 0.00 0
71663 0.00 0.00 0.00 0
71664 0.00 0.00 0.00 0
71676 0.00 0.00 0.00 0
71677 0.00 0.00 0.00 0
71678 0.00 0.00 0.00 0
71679 0.00 0.00 0.00 0
71680 0.00 0.00 0.00 0
71681 0.00 0.00 0.00 0
71682 0.00 0.00 0.00 0
71691 0.00 0.00 0.00 0
71692 0.00 0.00 0.00 0
71693 0.00 0.00 0.00 0
71694 0.00 0.00 0.00 0
71695 0.00 0.00 0.00 0
71696 0.00 0.00 0.00 0
71697 0.00 0.00 0.00 0
71711 0.00 0.00 0.00 0
71712 0.00 0.00 0.00 0
71713 0.00 0.00 0.00 0
71724 0.00 0.00 0.00 0
71725 0.00 0.00 0.00 0
71726 0.00 0.00 0.00 0
71736 0.00 0.00 0.00 0
71737 0.00 0.00 0.00 0
71738 0.00 0.00 0.00 0
71754 0.00 0.00 0.00 0
71755 0.00 0.00 0.00 0
71756 0.00 0.00 0.00 0
71757 0.00 0.00 0.00 0
71774 0.00 0.00 0.00 0
71775 0.00 0.00 0.00 0
71776 0.00 0.00 0.00 0
71790 0.00 0.00 0.00 0
71791 0.00 0.00 0.00 0
71792 0.00 0.00 0.00 0
71793 0.00 0.00 0.00 0
71800 0.00 0.00 0.00 0
71801 0.00 0.00 0.00 0
71802 0.00 0.00 0.00 0
71803 0.00 0.00 0.00 0
71816 0.00 0.00 0.00 0
71817 0.00 0.00 0.00 0
72794 0.00 0.00 0.00 0
72795 0.00 0.00 0.00 0
72796 0.00 0.00 0.00 0
72813 0.00 0.00 0.00 0
72814 0.00 0.00 0.00 0
72825 0.00 0.00 0.00 0
72826 0.00 0.00 0.00 0
72827 0.00 0.00 0.00 0
72831 0.00 0.00 0.00 0
72832 0.00 0.00 0.00 0
72846 0.00 0.00 0.00 0
72847 0.00 0.00 0.00 0
72848 0.00 0.00 0.00 0
72849 0.00 0.00 0.00 0
72862 0.00 0.00 0.00 0
72863 0.00 0.00 0.00 0
72864 0.00 0.00 0.00 0
72865 0.00 0.00 0.00 0
72874 0.00 0.00 0.00 0
72875 0.00 0.00 0.00 0
72876 0.00 0.00 0.00 0
72877 0.00 0.00 0.00 0
72878 0.00 0.00 0.00 0
72889 0.00 0.00 0.00 0
72890 0.00 0.00 0.00 0
72910 0.00 0.00 0.00 0
72911 0.00 0.00 0.00 0
72946 0.00 0.00 0.00 0
72947 0.00 0.00 0.00 0
72963 0.00 0.00 0.00 0
72964 0.00 0.00 0.00 0
72982 0.00 0.00 0.00 0
72983 0.00 0.00 0.00 0
72984 0.00 0.00 0.00 0
72985 0.00 0.00 0.00 0
73009 0.00 0.00 0.00 0
73010 0.00 0.00 0.00 0
73011 0.00 0.00 0.00 0
73029 0.00 0.00 0.00 0
73030 0.00 0.00 0.00 0
73031 0.00 0.00 0.00 0
73032 0.00 0.00 0.00 0
73042 0.00 0.00 0.00 0
73043 0.00 0.00 0.00 0
73044 0.00 0.00 0.00 0
73058 0.00 0.00 0.00 0
74053 0.00 0.00 0.00 0
74069 0.00 0.00 0.00 0
74070 0.00 0.00 0.00 0
74087 0.00 0.00 0.00 0
74088 0.00 0.00 0.00 0
74099 0.00 0.00 0.00 0
74110 0.00 0.00 0.00 0
