# bankssts
1604
44200 0.00 0.00 0.00 0
44201 0.00 0.00 0.00 0
44210 0.00 0.00 0.00 0
44211 0.00 0.00 0.00 0
45548 0.00 0.00 0.00 0
45549 0.00 0.00 0.00 0
45550 0.00 0.00 0.00 0
45551 0.00 0.00 0.00 0
45552 0.00 0.00 0.00 0
45556 0.00 0.00 0.00 0
45557 0.00 0.00 0.00 0
45558 0.00 0.00 0.00 0
45559 0.00 0.00 0.00 0
45560 0.00 0.00 0.00 0
45561 0.00 0.00 0.00 0
45564 0.00 0.00 0.00 0
45565 0.00 0.00 0.00 0
45566 0.00 0.00 0.00 0
45567 0.00 0.00 0.00 0
45568 0.00 0.00 0.00 0
45569 0.00 0.00 0.00 0
45570 0.00 0.00 0.00 0
45575 0.00 0.00 0.00 0
45576 0.00 0.00 0.00 0
45577 0.00 0.00 0.00 0
45578 0.00 0.00 0.00 0
45579 0.00 0.00 0.00 0
45580 0.00 0.00 0.00 0
46800 0.00 0.00 0.00 0
46801 0.00 0.00 0.00 0
46802 0.00 0.00 0.00 0
46803 0.00 0.00 0.00 0
46809 0.00 0.00 0.00 0
46810 0.00 0.00 0.00 0
46811 0.00 0.00 0.00 0
46812 0.00 0.00 0.00 0
46815 0.00 0.00 0.00 0
46816 0.00 0.00 0.00 0
46817 0.00 0.00 0.00 0
46818 0.00 0.00 0.00 0
46820 0.00 0.00 0.00 0
46821 0.00 0.00 0.00 0
46822 0.00 0.00 0.00 0
46823 0.00 0.00 0.00 0
46824 0.00 0.00 0.00 0
46825 0.00 0.00 0.00 0
46826 0.00 0.00 0.00 0
46827 0.00 0.00 0.00 0
46836 0.00 0.00 0.00 0
46837 0.00 0.00 0.00 0
46838 0.00 0.00 0.00 0
46839 0.00 0.00 0.00 0
46840 0.00 0.00 0.00 0
46841 0.00 0.00 0.00 0
46842 0.00 0.00 0.00 0
47992 0.00 0.00 0.00 0
47993 0.00 0.00 0.00 0
47999 0.00 0.00 0.00 0
48000 0.00 0.00 0.00 0
48001 0.00 0.00 0.00 0
48007 0.00 0.00 0.00 0
48008 0.00 0.00 0.00 0
48009 0.00 0.00 0.00 0
48012 0.00 0.00 0.00 0
48013 0.00 0.00 0.00 0
48014 0.00 0.00 0.00 0
48015 0.00 0.00 0.00 0
48018 0.00 0.00 0.00 0
48019 0.00 0.00 0.00 0
48020 0.00 0.00 0.00 0
48021 0.00 0.00 0.00 0
48022 0.00 0.00 0.00 0
48023 0.00 0.00 0.00 0
48024 0.00 0.00 0.00 0
48025 0.00 0.00 0.00 0
48026 0.00 0.00 0.00 0
48027 0.00 0.00 0.00 0
48034 0.00 0.00 0.00 0
48035 0.00 0.00 0.00 0
48036 0.00 0.00 0.00 0
48037 0.00 0.00 0.00 0
48038 0.00 0.00 0.00 0
48039 0.00 0.00 0.00 0
48040 0.00 0.00 0.00 0
48041 0.00 0.00 0.00 0
48042 0.00 0.00 0.00 0
48043 0.00 0.00 0.00 0
49148 0.00 0.00 0.00 0
49152 0.00 0.00 0.00 0
49153 0.00 0.00 0.00 0
49158 0.00 0.00 0.00 0
49159 0.00 0.00 0.00 0
49164 0.00 0.00 0.00 0
49165 0.00 0.00 0.00 0
49166 0.00 0.00 0.00 0
49169 0.00 0.00 0.00 0
49170 0.00 0.00 0.00 0
49171 0.00 0.00 0.00 0
49175 0.00 0.00 0.00 0
49176 0.00 0.00 0.00 0
49177 0.00 0.00 0.00 0
49178 0.00 0.00 0.00 0
49179 0.00 0.00 0.00 0
49180 0.00 0.00 0.00 0
49181 0.00 0.00 0.00 0
49182 0.00 0.00 0.00 0
49183 0.00 0.00 0.00 0
49184 0.00 0.00 0.00 0
49185 0.00 0.00 0.00 0
49190 0.00 0.00 0.00 0
49191 0.00 0.00 0.00 0
49192 0.00 0.00 0.00 0
49193 0.00 0.00 0.00 0
49194 0.00 0.00 0.00 0
49195 0.00 0.00 0.00 0
49196 0.00 0.00 0.00 0
49197 0.00 0.00 0.00 0
49198 0.00 0.00 0.00 0
49199 0.00 0.00 0.00 0
49200 0.00 0.00 0.00 0
49201 0.00 0.00 0.00 0
49213 0.00 0.00 0.00 0
50415 0.00 0.00 0.00 0
50416 0.00 0.00 0.00 0
50432 0.00 0.00 0.00 0
50433 0.00 0.00 0.00 0
50434 0.00 0.00 0.00 0
50435 0.00 0.00 0.00 0
50452 0.00 0.00 0.00 0
50453 0.00 0.00 0.00 0
50454 0.00 0.00 0.00 0
50455 0.00 0.00 0.00 0
50456 0.00 0.00 0.00 0
50470 0.00 0.00 0.00 0
50471 0.00 0.00 0.00 0
50472 0.00 0.00 0.00 0
50473 0.00 0.00 0.00 0
50474 0.00 0.00 0.00 0
50475 0.00 0.00 0.00 0
50476 0.00 0.00 0.00 0
50488 0.00 0.00 0.00 0
50489 0.00 0.00 0.00 0
50490 0.00 0.00 0.00 0
50491 0.00 0.00 0.00 0
50492 0.00 0.00 0.00 0
50493 0.00 0.00 0.00 0
50494 0.00 0.00 0.00 0
50495 0.00 0.00 0.00 0
50496 0.00 0.00 0.00 0
50497 0.00 0.00 0.00 0
50505 0.00 0.00 0.00 0
50506 0.00 0.00 0.00 0
50509 0.00 0.00 0.00 0
50514 0.00 0.00 0.00 0
50515 0.00 0.00 0.00 0
50518 0.00 0.00 0.00 0
50519 0.00 0.00 0.00 0
50522 0.00 0.00 0.00 0
50523 0.00 0.00 0.00 0
50526 0.00 0.00 0.00 0
50527 0.00 0.00 0.00 0
50528 0.00 0.00 0.00 0
50529 0.00 0.00 0.00 0
50530 0.00 0.00 0.00 0
50531 0.00 0.00 0.00 0
50532 0.00 0.00 0.00 0
50533 0.00 0.00 0.00 0
50534 0.00 0.00 0.00 0
50535 0.00 0.00 0.00 0
50536 0.00 0.00 0.00 0
50537 0.00 0.00 0.00 0
50539 0.00 0.00 0.00 0
50540 0.00 0.00 0.00 0
50541 0.00 0.00 0.00 0
50542 0.00 0.00 0.00 0
50543 0.00 0.00 0.00 0
50544 0.00 0.00 0.00 0
50545 0.00 0.00 0.00 0
50546 0.00 0.00 0.00 0
50547 0.00 0.00 0.00 0
50548 0.00 0.00 0.00 0
50549 0.00 0.00 0.00 0
50550 0.00 0.00 0.00 0
50568 0.00 0.00 0.00 0
50569 0.00 0.00 0.00 0
50570 0.00 0.00 0.00 0
51830 0.00 0.00 0.00 0
51831 0.00 0.00 0.00 0
51832 0.00 0.00 0.00 0
51844 0.00 0.00 0.00 0
51845 0.00 0.00 0.00 0
51846 0.00 0.00 0.00 0
51847 0.00 0.00 0.00 0
51848 0.00 0.00 0.00 0
51849 0.00 0.00 0.00 0
51850 0.00 0.00 0.00 0
51864 0.00 0.00 0.00 0
51865 0.00 0.00 0.00 0
51866 0.00 0.00 0.00 0
51867 0.00 0.00 0.00 0
51868 0.00 0.00 0.00 0
51869 0.00 0.00 0.00 0
51883 0.00 0.00 0.00 0
51884 0.00 0.00 0.00 0
51885 0.00 0.00 0.00 0
51886 0.00 0.00 0.00 0
51887 0.00 0.00 0.00 0
51896 0.00 0.00 0.00 0
51897 0.00 0.00 0.00 0
51898 0.00 0.00 0.00 0
51899 0.00 0.00 0.00 0
51900 0.00 0.00 0.00 0
51901 0.00 0.00 0.00 0
51902 0.00 0.00 0.00 0
51903 0.00 0.00 0.00 0
51904 0.00 0.00 0.00 0
51905 0.00 0.00 0.00 0
51906 0.00 0.00 0.00 0
51907 0.00 0.00 0.00 0
51908 0.00 0.00 0.00 0
51909 0.00 0.00 0.00 0
51910 0.00 0.00 0.00 0
51911 0.00 0.00 0.00 0
51921 0.00 0.00 0.00 0
51922 0.00 0.00 0.00 0
51925 0.00 0.00 0.00 0
51926 0.00 0.00 0.00 0
51931 0.00 0.00 0.00 0
51932 0.00 0.00 0.00 0
51937 0.00 0.00 0.00 0
51938 0.00 0.00 0.00 0
51940 0.00 0.00 0.00 0
51941 0.00 0.00 0.00 0
51944 0.00 0.00 0.00 0
51945 0.00 0.00 0.00 0
51946 0.00 0.00 0.00 0
51948 0.00 0.00 0.00 0
51949 0.00 0.00 0.00 0
51950 0.00 0.00 0.00 0
51951 0.00 0.00 0.00 0
51952 0.00 0.00 0.00 0
51953 0.00 0.00 0.00 0
51954 0.00 0.00 0.00 0
51955 0.00 0.00 0.00 0
51956 0.00 0.00 0.00 0
51957 0.00 0.00 0.00 0
51958 0.00 0.00 0.00 0
51971 0.00 0.00 0.00 0
51972 0.00 0.00 0.00 0
51973 0.00 0.00 0.00 0
51974 0.00 0.00 0.00 0
51975 0.00 0.00 0.00 0
51976 0.00 0.00 0.00 0
51977 0.00 0.00 0.00 0
51978 0.00 0.00 0.00 0
51979 0.00 0.00 0.00 0
51980 0.00 0.00 0.00 0
51996 0.00 0.00 0.00 0
51997 0.00 0.00 0.00 0
51998 0.00 0.00 0.00 0
51999 0.00 0.00 0.00 0
53148 0.00 0.00 0.00 0
53155 0.00 0.00 0.00 0
53156 0.00 0.00 0.00 0
53157 0.00 0.00 0.00 0
53158 0.00 0.00 0.00 0
53159 0.00 0.00 0.00 0
53164 0.00 0.00 0.00 0
53165 0.00 0.00 0.00 0
53166 0.00 0.00 0.00 0
53167 0.00 0.00 0.00 0
53168 0.00 0.00 0.00 0
53169 0.00 0.00 0.00 0
53170 0.00 0.00 0.00 0
53171 0.00 0.00 0.00 0
53180 0.00 0.00 0.00 0
53181 0.00 0.00 0.00 0
53182 0.00 0.00 0.00 0
53183 0.00 0.00 0.00 0
53184 0.00 0.00 0.00 0
53185 0.00 0.00 0.00 0
53186 0.00 0.00 0.00 0
53187 0.00 0.00 0.00 0
53188 0.00 0.00 0.00 0
53189 0.00 0.00 0.00 0
53190 0.00 0.00 0.00 0
53191 0.00 0.00 0.00 0
53192 0.00 0.00 0.00 0
53204 0.00 0.00 0.00 0
53205 0.00 0.00 0.00 0
53206 0.00 0.00 0.00 0
53207 0.00 0.00 0.00 0
53208 0.00 0.00 0.00 0
53209 0.00 0.00 0.00 0
53210 0.00 0.00 0.00 0
53211 0.00 0.00 0.00 0
53212 0.00 0.00 0.00 0
53213 0.00 0.00 0.00 0
53214 0.00 0.00 0.00 0
53215 0.00 0.00 0.00 0
53216 0.00 0.00 0.00 0
53217 0.00 0.00 0.00 0
53218 0.00 0.00 0.00 0
53219 0.00 0.00 0.00 0
53220 0.00 0.00 0.00 0
53221 0.00 0.00 0.00 0
53230 0.00 0.00 0.00 0
53231 0.00 0.00 0.00 0
53232 0.00 0.00 0.00 0
53233 0.00 0.00 0.00 0
53234 0.00 0.00 0.00 0
53235 0.00 0.00 0.00 0
53240 0.00 0.00 0.00 0
53241 0.00 0.00 0.00 0
53242 0.00 0.00 0.00 0
53243 0.00 0.00 0.00 0
53247 0.00 0.00 0.00 0
53248 0.00 0.00 0.00 0
53254 0.00 0.00 0.00 0
53255 0.00 0.00 0.00 0
53261 0.00 0.00 0.00 0
53264 0.00 0.00 0.00 0
53265 0.00 0.00 0.00 0
53266 0.00 0.00 0.00 0
53269 0.00 0.00 0.00 0
53270 0.00 0.00 0.00 0
53271 0.00 0.00 0.00 0
53272 0.00 0.00 0.00 0
53273 0.00 0.00 0.00 0
53281 0.00 0.00 0.00 0
53282 0.00 0.00 0.00 0
53283 0.00 0.00 0.00 0
53284 0.00 0.00 0.00 0
53285 0.00 0.00 0.00 0
53286 0.00 0.00 0.00 0
53287 0.00 0.00 0.00 0
53288 0.00 0.00 0.00 0
53289 0.00 0.00 0.00 0
53290 0.00 0.00 0.00 0
53291 0.00 0.00 0.00 0
53306 0.00 0.00 0.00 0
53307 0.00 0.00 0.00 0
53308 0.00 0.00 0.00 0
53309 0.00 0.00 0.00 0
53310 0.00 0.00 0.00 0
53311 0.00 0.00 0.00 0
53312 0.00 0.00 0.00 0
54471 0.00 0.00 0.00 0
54472 0.00 0.00 0.00 0
54473 0.00 0.00 0.00 0
54474 0.00 0.00 0.00 0
54482 0.00 0.00 0.00 0
54483 0.00 0.00 0.00 0
54484 0.00 0.00 0.00 0
54485 0.00 0.00 0.00 0
54486 0.00 0.00 0.00 0
54487 0.00 0.00 0.00 0
54488 0.00 0.00 0.00 0
54495 0.00 0.00 0.00 0
54496 0.00 0.00 0.00 0
54497 0.00 0.00 0.00 0
54498 0.00 0.00 0.00 0
54499 0.00 0.00 0.00 0
54500 0.00 0.00 0.00 0
54501 0.00 0.00 0.00 0
54502 0.00 0.00 0.00 0
54503 0.00 0.00 0.00 0
54506 0.00 0.00 0.00 0
54507 0.00 0.00 0.00 0
54508 0.00 0.00 0.00 0
54509 0.00 0.00 0.00 0
54510 0.00 0.00 0.00 0
54511 0.00 0.00 0.00 0
54512 0.00 0.00 0.00 0
54513 0.00 0.00 0.00 0
54514 0.00 0.00 0.00 0
54525 0.00 0.00 0.00 0
54526 0.00 0.00 0.00 0
54527 0.00 0.00 0.00 0
54528 0.00 0.00 0.00 0
54529 0.00 0.00 0.00 0
54530 0.00 0.00 0.00 0
54531 0.00 0.00 0.00 0
54541 0.00 0.00 0.00 0
54542 0.00 0.00 0.00 0
54543 0.00 0.00 0.00 0
54549 0.00 0.00 0.00 0
54550 0.00 0.00 0.00 0
54551 0.00 0.00 0.00 0
54557 0.00 0.00 0.00 0
54558 0.00 0.00 0.00 0
54561 0.00 0.00 0.00 0
54568 0.00 0.00 0.00 0
54569 0.00 0.00 0.00 0
54571 0.00 0.00 0.00 0
54572 0.00 0.00 0.00 0
54573 0.00 0.00 0.00 0
54576 0.00 0.00 0.00 0
54577 0.00 0.00 0.00 0
54578 0.00 0.00 0.00 0
54579 0.00 0.00 0.00 0
54586 0.00 0.00 0.00 0
54587 0.00 0.00 0.00 0
54588 0.00 0.00 0.00 0
54589 0.00 0.00 0.00 0
54590 0.00 0.00 0.00 0
54591 0.00 0.00 0.00 0
54592 0.00 0.00 0.00 0
54593 0.00 0.00 0.00 0
54606 0.00 0.00 0.00 0
54607 0.00 0.00 0.00 0
54608 0.00 0.00 0.00 0
54609 0.00 0.00 0.00 0
54610 0.00 0.00 0.00 0
54611 0.00 0.00 0.00 0
54612 0.00 0.00 0.00 0
54613 0.00 0.00 0.00 0
55717 0.00 0.00 0.00 0
55718 0.00 0.00 0.00 0
55719 0.00 0.00 0.00 0
55720 0.00 0.00 0.00 0
55721 0.00 0.00 0.00 0
55722 0.00 0.00 0.00 0
55723 0.00 0.00 0.00 0
55727 0.00 0.00 0.00 0
55728 0.00 0.00 0.00 0
55729 0.00 0.00 0.00 0
55730 0.00 0.00 0.00 0
55731 0.00 0.00 0.00 0
55732 0.00 0.00 0.00 0
55733 0.00 0.00 0.00 0
55734 0.00 0.00 0.00 0
55741 0.00 0.00 0.00 0
55742 0.00 0.00 0.00 0
55743 0.00 0.00 0.00 0
55744 0.00 0.00 0.00 0
55745 0.00 0.00 0.00 0
55746 0.00 0.00 0.00 0
55747 0.00 0.00 0.00 0
55748 0.00 0.00 0.00 0
55754 0.00 0.00 0.00 0
55755 0.00 0.00 0.00 0
55756 0.00 0.00 0.00 0
55757 0.00 0.00 0.00 0
55758 0.00 0.00 0.00 0
55759 0.00 0.00 0.00 0
55760 0.00 0.00 0.00 0
55768 0.00 0.00 0.00 0
55769 0.00 0.00 0.00 0
55770 0.00 0.00 0.00 0
55771 0.00 0.00 0.00 0
55772 0.00 0.00 0.00 0
55773 0.00 0.00 0.00 0
55786 0.00 0.00 0.00 0
55787 0.00 0.00 0.00 0
55788 0.00 0.00 0.00 0
55794 0.00 0.00 0.00 0
55795 0.00 0.00 0.00 0
55802 0.00 0.00 0.00 0
55803 0.00 0.00 0.00 0
55807 0.00 0.00 0.00 0
55808 0.00 0.00 0.00 0
55816 0.00 0.00 0.00 0
55817 0.00 0.00 0.00 0
55824 0.00 0.00 0.00 0
55825 0.00 0.00 0.00 0
55826 0.00 0.00 0.00 0
55828 0.00 0.00 0.00 0
55829 0.00 0.00 0.00 0
55830 0.00 0.00 0.00 0
55831 0.00 0.00 0.00 0
55832 0.00 0.00 0.00 0
55833 0.00 0.00 0.00 0
55840 0.00 0.00 0.00 0
55841 0.00 0.00 0.00 0
55842 0.00 0.00 0.00 0
55843 0.00 0.00 0.00 0
55844 0.00 0.00 0.00 0
55845 0.00 0.00 0.00 0
55846 0.00 0.00 0.00 0
55847 0.00 0.00 0.00 0
55848 0.00 0.00 0.00 0
55849 0.00 0.00 0.00 0
55859 0.00 0.00 0.00 0
55860 0.00 0.00 0.00 0
55861 0.00 0.00 0.00 0
55862 0.00 0.00 0.00 0
55863 0.00 0.00 0.00 0
55864 0.00 0.00 0.00 0
55865 0.00 0.00 0.00 0
55866 0.00 0.00 0.00 0
56960 0.00 0.00 0.00 0
56961 0.00 0.00 0.00 0
56962 0.00 0.00 0.00 0
56963 0.00 0.00 0.00 0
56964 0.00 0.00 0.00 0
56965 0.00 0.00 0.00 0
56966 0.00 0.00 0.00 0
56967 0.00 0.00 0.00 0
56971 0.00 0.00 0.00 0
56972 0.00 0.00 0.00 0
56973 0.00 0.00 0.00 0
56974 0.00 0.00 0.00 0
56975 0.00 0.00 0.00 0
56976 0.00 0.00 0.00 0
56977 0.00 0.00 0.00 0
56981 0.00 0.00 0.00 0
56982 0.00 0.00 0.00 0
56983 0.00 0.00 0.00 0
56984 0.00 0.00 0.00 0
56985 0.00 0.00 0.00 0
56986 0.00 0.00 0.00 0
56987 0.00 0.00 0.00 0
56993 0.00 0.00 0.00 0
56994 0.00 0.00 0.00 0
56995 0.00 0.00 0.00 0
56996 0.00 0.00 0.00 0
56997 0.00 0.00 0.00 0
57002 0.00 0.00 0.00 0
57003 0.00 0.00 0.00 0
57015 0.00 0.00 0.00 0
57024 0.00 0.00 0.00 0
57031 0.00 0.00 0.00 0
57035 0.00 0.00 0.00 0
57036 0.00 0.00 0.00 0
57042 0.00 0.00 0.00 0
57043 0.00 0.00 0.00 0
57044 0.00 0.00 0.00 0
57045 0.00 0.00 0.00 0
57046 0.00 0.00 0.00 0
57047 0.00 0.00 0.00 0
57048 0.00 0.00 0.00 0
57049 0.00 0.00 0.00 0
57050 0.00 0.00 0.00 0
57059 0.00 0.00 0.00 0
57060 0.00 0.00 0.00 0
57061 0.00 0.00 0.00 0
57062 0.00 0.00 0.00 0
57063 0.00 0.00 0.00 0
57064 0.00 0.00 0.00 0
57065 0.00 0.00 0.00 0
57066 0.00 0.00 0.00 0
57067 0.00 0.00 0.00 0
57068 0.00 0.00 0.00 0
57069 0.00 0.00 0.00 0
57074 0.00 0.00 0.00 0
57075 0.00 0.00 0.00 0
57076 0.00 0.00 0.00 0
57077 0.00 0.00 0.00 0
57078 0.00 0.00 0.00 0
57079 0.00 0.00 0.00 0
57080 0.00 0.00 0.00 0
57081 0.00 0.00 0.00 0
57082 0.00 0.00 0.00 0
57083 0.00 0.00 0.00 0
57084 0.00 0.00 0.00 0
57085 0.00 0.00 0.00 0
57086 0.00 0.00 0.00 0
57087 0.00 0.00 0.00 0
57094 0.00 0.00 0.00 0
57095 0.00 0.00 0.00 0
57096 0.00 0.00 0.00 0
57097 0.00 0.00 0.00 0
57098 0.00 0.00 0.00 0
57099 0.00 0.00 0.00 0
57100 0.00 0.00 0.00 0
57101 0.00 0.00 0.00 0
57102 0.00 0.00 0.00 0
57103 0.00 0.00 0.00 0
57104 0.00 0.00 0.00 0
57110 0.00 0.00 0.00 0
57111 0.00 0.00 0.00 0
57112 0.00 0.00 0.00 0
57113 0.00 0.00 0.00 0
57114 0.00 0.00 0.00 0
58168 0.00 0.00 0.00 0
58169 0.00 0.00 0.00 0
58170 0.00 0.00 0.00 0
58171 0.00 0.00 0.00 0
58172 0.00 0.00 0.00 0
58173 0.00 0.00 0.00 0
58174 0.00 0.00 0.00 0
58175 0.00 0.00 0.00 0
58176 0.00 0.00 0.00 0
58181 0.00 0.00 0.00 0
58182 0.00 0.00 0.00 0
58183 0.00 0.00 0.00 0
58184 0.00 0.00 0.00 0
58185 0.00 0.00 0.00 0
58186 0.00 0.00 0.00 0
58187 0.00 0.00 0.00 0
58192 0.00 0.00 0.00 0
58193 0.00 0.00 0.00 0
58194 0.00 0.00 0.00 0
58195 0.00 0.00 0.00 0
58196 0.00 0.00 0.00 0
58202 0.00 0.00 0.00 0
58203 0.00 0.00 0.00 0
58210 0.00 0.00 0.00 0
58226 0.00 0.00 0.00 0
58240 0.00 0.00 0.00 0
58247 0.00 0.00 0.00 0
58248 0.00 0.00 0.00 0
58252 0.00 0.00 0.00 0
58253 0.00 0.00 0.00 0
58254 0.00 0.00 0.00 0
58255 0.00 0.00 0.00 0
58256 0.00 0.00 0.00 0
58257 0.00 0.00 0.00 0
58258 0.00 0.00 0.00 0
58259 0.00 0.00 0.00 0
58260 0.00 0.00 0.00 0
58261 0.00 0.00 0.00 0
58262 0.00 0.00 0.00 0
58263 0.00 0.00 0.00 0
58264 0.00 0.00 0.00 0
58267 0.00 0.00 0.00 0
58268 0.00 0.00 0.00 0
58269 0.00 0.00 0.00 0
58270 0.00 0.00 0.00 0
58271 0.00 0.00 0.00 0
58272 0.00 0.00 0.00 0
58273 0.00 0.00 0.00 0
58274 0.00 0.00 0.00 0
58275 0.00 0.00 0.00 0
58276 0.00 0.00 0.00 0
58277 0.00 0.00 0.00 0
58278 0.00 0.00 0.00 0
58279 0.00 0.00 0.00 0
58280 0.00 0.00 0.00 0
58290 0.00 0.00 0.00 0
58291 0.00 0.00 0.00 0
58292 0.00 0.00 0.00 0
58293 0.00 0.00 0.00 0
58294 0.00 0.00 0.00 0
58295 0.00 0.00 0.00 0
58296 0.00 0.00 0.00 0
58297 0.00 0.00 0.00 0
58298 0.00 0.00 0.00 0
58299 0.00 0.00 0.00 0
58308 0.00 0.00 0.00 0
58309 0.00 0.00 0.00 0
58310 0.00 0.00 0.00 0
58311 0.00 0.00 0.00 0
58312 0.00 0.00 0.00 0
58313 0.00 0.00 0.00 0
59351 0.00 0.00 0.00 0
59352 0.00 0.00 0.00 0
59353 0.00 0.00 0.00 0
59354 0.00 0.00 0.00 0
59355 0.00 0.00 0.00 0
59356 0.00 0.00 0.00 0
59357 0.00 0.00 0.00 0
59358 0.00 0.00 0.00 0
59359 0.00 0.00 0.00 0
59360 0.00 0.00 0.00 0
59366 0.00 0.00 0.00 0
59367 0.00 0.00 0.00 0
59368 0.00 0.00 0.00 0
59369 0.00 0.00 0.00 0
59370 0.00 0.00 0.00 0
59371 0.00 0.00 0.00 0
59372 0.00 0.00 0.00 0
59378 0.00 0.00 0.00 0
59379 0.00 0.00 0.00 0
59380 0.00 0.00 0.00 0
59381 0.00 0.00 0.00 0
59387 0.00 0.00 0.00 0
59388 0.00 0.00 0.00 0
59394 0.00 0.00 0.00 0
59410 0.00 0.00 0.00 0
59411 0.00 0.00 0.00 0
59422 0.00 0.00 0.00 0
59423 0.00 0.00 0.00 0
59424 0.00 0.00 0.00 0
59425 0.00 0.00 0.00 0
59426 0.00 0.00 0.00 0
59427 0.00 0.00 0.00 0
59428 0.00 0.00 0.00 0
59429 0.00 0.00 0.00 0
59430 0.00 0.00 0.00 0
59436 0.00 0.00 0.00 0
59437 0.00 0.00 0.00 0
59438 0.00 0.00 0.00 0
59439 0.00 0.00 0.00 0
59440 0.00 0.00 0.00 0
59441 0.00 0.00 0.00 0
59442 0.00 0.00 0.00 0
59443 0.00 0.00 0.00 0
59444 0.00 0.00 0.00 0
59445 0.00 0.00 0.00 0
59446 0.00 0.00 0.00 0
59447 0.00 0.00 0.00 0
59448 0.00 0.00 0.00 0
59452 0.00 0.00 0.00 0
59453 0.00 0.00 0.00 0
59454 0.00 0.00 0.00 0
59455 0.00 0.00 0.00 0
59456 0.00 0.00 0.00 0
59457 0.00 0.00 0.00 0
59458 0.00 0.00 0.00 0
59459 0.00 0.00 0.00 0
59460 0.00 0.00 0.00 0
59461 0.00 0.00 0.00 0
59462 0.00 0.00 0.00 0
59463 0.00 0.00 0.00 0
59464 0.00 0.00 0.00 0
59471 0.00 0.00 0.00 0
59472 0.00 0.00 0.00 0
59473 0.00 0.00 0.00 0
59487 0.00 0.00 0.00 0
59503 0.00 0.00 0.00 0
59504 0.00 0.00 0.00 0
59513 0.00 0.00 0.00 0
59514 0.00 0.00 0.00 0
59515 0.00 0.00 0.00 0
59516 0.00 0.00 0.00 0
59517 0.00 0.00 0.00 0
59528 0.00 0.00 0.00 0
59529 0.00 0.00 0.00 0
59530 0.00 0.00 0.00 0
59531 0.00 0.00 0.00 0
59532 0.00 0.00 0.00 0
60456 0.00 0.00 0.00 0
60457 0.00 0.00 0.00 0
60463 0.00 0.00 0.00 0
60464 0.00 0.00 0.00 0
60465 0.00 0.00 0.00 0
60466 0.00 0.00 0.00 0
60467 0.00 0.00 0.00 0
60468 0.00 0.00 0.00 0
60469 0.00 0.00 0.00 0
60470 0.00 0.00 0.00 0
60471 0.00 0.00 0.00 0
60472 0.00 0.00 0.00 0
60477 0.00 0.00 0.00 0
60478 0.00 0.00 0.00 0
60479 0.00 0.00 0.00 0
60480 0.00 0.00 0.00 0
60481 0.00 0.00 0.00 0
60482 0.00 0.00 0.00 0
60483 0.00 0.00 0.00 0
60484 0.00 0.00 0.00 0
60485 0.00 0.00 0.00 0
60489 0.00 0.00 0.00 0
60490 0.00 0.00 0.00 0
60491 0.00 0.00 0.00 0
60492 0.00 0.00 0.00 0
60493 0.00 0.00 0.00 0
60498 0.00 0.00 0.00 0
60499 0.00 0.00 0.00 0
60505 0.00 0.00 0.00 0
60506 0.00 0.00 0.00 0
60523 0.00 0.00 0.00 0
60524 0.00 0.00 0.00 0
60525 0.00 0.00 0.00 0
60526 0.00 0.00 0.00 0
60527 0.00 0.00 0.00 0
60528 0.00 0.00 0.00 0
60529 0.00 0.00 0.00 0
60530 0.00 0.00 0.00 0
60540 0.00 0.00 0.00 0
60541 0.00 0.00 0.00 0
60542 0.00 0.00 0.00 0
60543 0.00 0.00 0.00 0
60544 0.00 0.00 0.00 0
60545 0.00 0.00 0.00 0
60546 0.00 0.00 0.00 0
60547 0.00 0.00 0.00 0
60548 0.00 0.00 0.00 0
60549 0.00 0.00 0.00 0
60550 0.00 0.00 0.00 0
60559 0.00 0.00 0.00 0
60560 0.00 0.00 0.00 0
60561 0.00 0.00 0.00 0
60562 0.00 0.00 0.00 0
60563 0.00 0.00 0.00 0
60564 0.00 0.00 0.00 0
60569 0.00 0.00 0.00 0
60570 0.00 0.00 0.00 0
60578 0.00 0.00 0.00 0
60579 0.00 0.00 0.00 0
60580 0.00 0.00 0.00 0
60581 0.00 0.00 0.00 0
60582 0.00 0.00 0.00 0
60583 0.00 0.00 0.00 0
60584 0.00 0.00 0.00 0
60596 0.00 0.00 0.00 0
60597 0.00 0.00 0.00 0
60598 0.00 0.00 0.00 0
60599 0.00 0.00 0.00 0
60600 0.00 0.00 0.00 0
60601 0.00 0.00 0.00 0
60602 0.00 0.00 0.00 0
60603 0.00 0.00 0.00 0
60604 0.00 0.00 0.00 0
60605 0.00 0.00 0.00 0
60606 0.00 0.00 0.00 0
60607 0.00 0.00 0.00 0
60621 0.00 0.00 0.00 0
60622 0.00 0.00 0.00 0
60623 0.00 0.00 0.00 0
60624 0.00 0.00 0.00 0
60625 0.00 0.00 0.00 0
60626 0.00 0.00 0.00 0
60627 0.00 0.00 0.00 0
60628 0.00 0.00 0.00 0
60629 0.00 0.00 0.00 0
60630 0.00 0.00 0.00 0
60631 0.00 0.00 0.00 0
60632 0.00 0.00 0.00 0
60633 0.00 0.00 0.00 0
60643 0.00 0.00 0.00 0
60644 0.00 0.00 0.00 0
60645 0.00 0.00 0.00 0
60646 0.00 0.00 0.00 0
60647 0.00 0.00 0.00 0
60648 0.00 0.00 0.00 0
60649 0.00 0.00 0.00 0
60650 0.00 0.00 0.00 0
60651 0.00 0.00 0.00 0
60652 0.00 0.00 0.00 0
60653 0.00 0.00 0.00 0
60654 0.00 0.00 0.00 0
60666 0.00 0.00 0.00 0
60667 0.00 0.00 0.00 0
60668 0.00 0.00 0.00 0
60669 0.00 0.00 0.00 0
60670 0.00 0.00 0.00 0
60671 0.00 0.00 0.00 0
60672 0.00 0.00 0.00 0
60673 0.00 0.00 0.00 0
60674 0.00 0.00 0.00 0
60675 0.00 0.00 0.00 0
60676 0.00 0.00 0.00 0
60691 0.00 0.00 0.00 0
60692 0.00 0.00 0.00 0
60693 0.00 0.00 0.00 0
60694 0.00 0.00 0.00 0
60695 0.00 0.00 0.00 0
60696 0.00 0.00 0.00 0
60697 0.00 0.00 0.00 0
61706 0.00 0.00 0.00 0
61707 0.00 0.00 0.00 0
61708 0.00 0.00 0.00 0
61709 0.00 0.00 0.00 0
61710 0.00 0.00 0.00 0
61715 0.00 0.00 0.00 0
61716 0.00 0.00 0.00 0
61717 0.00 0.00 0.00 0
61718 0.00 0.00 0.00 0
61719 0.00 0.00 0.00 0
61720 0.00 0.00 0.00 0
61721 0.00 0.00 0.00 0
61722 0.00 0.00 0.00 0
61723 0.00 0.00 0.00 0
61726 0.00 0.00 0.00 0
61727 0.00 0.00 0.00 0
61728 0.00 0.00 0.00 0
61729 0.00 0.00 0.00 0
61730 0.00 0.00 0.00 0
61731 0.00 0.00 0.00 0
61732 0.00 0.00 0.00 0
61733 0.00 0.00 0.00 0
61734 0.00 0.00 0.00 0
61735 0.00 0.00 0.00 0
61739 0.00 0.00 0.00 0
61740 0.00 0.00 0.00 0
61741 0.00 0.00 0.00 0
61742 0.00 0.00 0.00 0
61743 0.00 0.00 0.00 0
61750 0.00 0.00 0.00 0
61751 0.00 0.00 0.00 0
61756 0.00 0.00 0.00 0
61757 0.00 0.00 0.00 0
61772 0.00 0.00 0.00 0
61773 0.00 0.00 0.00 0
61774 0.00 0.00 0.00 0
61775 0.00 0.00 0.00 0
61776 0.00 0.00 0.00 0
61777 0.00 0.00 0.00 0
61778 0.00 0.00 0.00 0
61784 0.00 0.00 0.00 0
61785 0.00 0.00 0.00 0
61786 0.00 0.00 0.00 0
61787 0.00 0.00 0.00 0
61788 0.00 0.00 0.00 0
61796 0.00 0.00 0.00 0
61797 0.00 0.00 0.00 0
61798 0.00 0.00 0.00 0
61799 0.00 0.00 0.00 0
61800 0.00 0.00 0.00 0
61801 0.00 0.00 0.00 0
61802 0.00 0.00 0.00 0
61803 0.00 0.00 0.00 0
61804 0.00 0.00 0.00 0
61805 0.00 0.00 0.00 0
61809 0.00 0.00 0.00 0
61810 0.00 0.00 0.00 0
61811 0.00 0.00 0.00 0
61812 0.00 0.00 0.00 0
61813 0.00 0.00 0.00 0
61814 0.00 0.00 0.00 0
61815 0.00 0.00 0.00 0
61816 0.00 0.00 0.00 0
61817 0.00 0.00 0.00 0
61818 0.00 0.00 0.00 0
61819 0.00 0.00 0.00 0
61820 0.00 0.00 0.00 0
61828 0.00 0.00 0.00 0
61829 0.00 0.00 0.00 0
61830 0.00 0.00 0.00 0
61831 0.00 0.00 0.00 0
61832 0.00 0.00 0.00 0
61833 0.00 0.00 0.00 0
61834 0.00 0.00 0.00 0
61835 0.00 0.00 0.00 0
61836 0.00 0.00 0.00 0
61837 0.00 0.00 0.00 0
61838 0.00 0.00 0.00 0
61839 0.00 0.00 0.00 0
61840 0.00 0.00 0.00 0
61841 0.00 0.00 0.00 0
61842 0.00 0.00 0.00 0
61851 0.00 0.00 0.00 0
61852 0.00 0.00 0.00 0
61853 0.00 0.00 0.00 0
61854 0.00 0.00 0.00 0
61855 0.00 0.00 0.00 0
61856 0.00 0.00 0.00 0
61857 0.00 0.00 0.00 0
61858 0.00 0.00 0.00 0
61859 0.00 0.00 0.00 0
61860 0.00 0.00 0.00 0
61861 0.00 0.00 0.00 0
61874 0.00 0.00 0.00 0
61875 0.00 0.00 0.00 0
61876 0.00 0.00 0.00 0
61877 0.00 0.00 0.00 0
61878 0.00 0.00 0.00 0
61879 0.00 0.00 0.00 0
61880 0.00 0.00 0.00 0
61891 0.00 0.00 0.00 0
61892 0.00 0.00 0.00 0
61893 0.00 0.00 0.00 0
61894 0.00 0.00 0.00 0
61895 0.00 0.00 0.00 0
61896 0.00 0.00 0.00 0
61897 0.00 0.00 0.00 0
61909 0.00 0.00 0.00 0
61910 0.00 0.00 0.00 0
61911 0.00 0.00 0.00 0
61912 0.00 0.00 0.00 0
61913 0.00 0.00 0.00 0
61914 0.00 0.00 0.00 0
61915 0.00 0.00 0.00 0
61916 0.00 0.00 0.00 0
61917 0.00 0.00 0.00 0
61918 0.00 0.00 0.00 0
61930 0.00 0.00 0.00 0
61931 0.00 0.00 0.00 0
61932 0.00 0.00 0.00 0
61933 0.00 0.00 0.00 0
61934 0.00 0.00 0.00 0
61935 0.00 0.00 0.00 0
61936 0.00 0.00 0.00 0
61937 0.00 0.00 0.00 0
61938 0.00 0.00 0.00 0
61939 0.00 0.00 0.00 0
61940 0.00 0.00 0.00 0
61954 0.00 0.00 0.00 0
61955 0.00 0.00 0.00 0
61956 0.00 0.00 0.00 0
61957 0.00 0.00 0.00 0
61958 0.00 0.00 0.00 0
62964 0.00 0.00 0.00 0
62965 0.00 0.00 0.00 0
62966 0.00 0.00 0.00 0
62967 0.00 0.00 0.00 0
62968 0.00 0.00 0.00 0
62969 0.00 0.00 0.00 0
62970 0.00 0.00 0.00 0
62974 0.00 0.00 0.00 0
62975 0.00 0.00 0.00 0
62976 0.00 0.00 0.00 0
62977 0.00 0.00 0.00 0
62978 0.00 0.00 0.00 0
62979 0.00 0.00 0.00 0
62980 0.00 0.00 0.00 0
62985 0.00 0.00 0.00 0
62986 0.00 0.00 0.00 0
62987 0.00 0.00 0.00 0
62988 0.00 0.00 0.00 0
62989 0.00 0.00 0.00 0
62990 0.00 0.00 0.00 0
62991 0.00 0.00 0.00 0
62997 0.00 0.00 0.00 0
62998 0.00 0.00 0.00 0
62999 0.00 0.00 0.00 0
63000 0.00 0.00 0.00 0
63001 0.00 0.00 0.00 0
63002 0.00 0.00 0.00 0
63008 0.00 0.00 0.00 0
63009 0.00 0.00 0.00 0
63010 0.00 0.00 0.00 0
63022 0.00 0.00 0.00 0
63023 0.00 0.00 0.00 0
63040 0.00 0.00 0.00 0
63041 0.00 0.00 0.00 0
63042 0.00 0.00 0.00 0
63043 0.00 0.00 0.00 0
63044 0.00 0.00 0.00 0
63045 0.00 0.00 0.00 0
63046 0.00 0.00 0.00 0
63053 0.00 0.00 0.00 0
63054 0.00 0.00 0.00 0
63055 0.00 0.00 0.00 0
63056 0.00 0.00 0.00 0
63057 0.00 0.00 0.00 0
63065 0.00 0.00 0.00 0
63066 0.00 0.00 0.00 0
63067 0.00 0.00 0.00 0
63068 0.00 0.00 0.00 0
63069 0.00 0.00 0.00 0
63070 0.00 0.00 0.00 0
63071 0.00 0.00 0.00 0
63072 0.00 0.00 0.00 0
63073 0.00 0.00 0.00 0
63081 0.00 0.00 0.00 0
63082 0.00 0.00 0.00 0
63083 0.00 0.00 0.00 0
63084 0.00 0.00 0.00 0
63085 0.00 0.00 0.00 0
63086 0.00 0.00 0.00 0
63104 0.00 0.00 0.00 0
63105 0.00 0.00 0.00 0
63106 0.00 0.00 0.00 0
63107 0.00 0.00 0.00 0
63130 0.00 0.00 0.00 0
63131 0.00 0.00 0.00 0
63132 0.00 0.00 0.00 0
63133 0.00 0.00 0.00 0
63149 0.00 0.00 0.00 0
63150 0.00 0.00 0.00 0
63151 0.00 0.00 0.00 0
63152 0.00 0.00 0.00 0
63163 0.00 0.00 0.00 0
63164 0.00 0.00 0.00 0
63165 0.00 0.00 0.00 0
63166 0.00 0.00 0.00 0
63167 0.00 0.00 0.00 0
63178 0.00 0.00 0.00 0
63179 0.00 0.00 0.00 0
63180 0.00 0.00 0.00 0
63181 0.00 0.00 0.00 0
63182 0.00 0.00 0.00 0
63183 0.00 0.00 0.00 0
63184 0.00 0.00 0.00 0
63185 0.00 0.00 0.00 0
63198 0.00 0.00 0.00 0
63199 0.00 0.00 0.00 0
63200 0.00 0.00 0.00 0
63201 0.00 0.00 0.00 0
63202 0.00 0.00 0.00 0
63203 0.00 0.00 0.00 0
63204 0.00 0.00 0.00 0
63205 0.00 0.00 0.00 0
63206 0.00 0.00 0.00 0
63207 0.00 0.00 0.00 0
63208 0.00 0.00 0.00 0
63219 0.00 0.00 0.00 0
63220 0.00 0.00 0.00 0
63221 0.00 0.00 0.00 0
63222 0.00 0.00 0.00 0
63223 0.00 0.00 0.00 0
63224 0.00 0.00 0.00 0
63225 0.00 0.00 0.00 0
64207 0.00 0.00 0.00 0
64226 0.00 0.00 0.00 0
64227 0.00 0.00 0.00 0
64228 0.00 0.00 0.00 0
64229 0.00 0.00 0.00 0
64230 0.00 0.00 0.00 0
64231 0.00 0.00 0.00 0
64237 0.00 0.00 0.00 0
64238 0.00 0.00 0.00 0
64239 0.00 0.00 0.00 0
64240 0.00 0.00 0.00 0
64245 0.00 0.00 0.00 0
64246 0.00 0.00 0.00 0
64247 0.00 0.00 0.00 0
64248 0.00 0.00 0.00 0
64252 0.00 0.00 0.00 0
64253 0.00 0.00 0.00 0
64254 0.00 0.00 0.00 0
64255 0.00 0.00 0.00 0
64256 0.00 0.00 0.00 0
64257 0.00 0.00 0.00 0
64266 0.00 0.00 0.00 0
64267 0.00 0.00 0.00 0
64284 0.00 0.00 0.00 0
64296 0.00 0.00 0.00 0
64297 0.00 0.00 0.00 0
64298 0.00 0.00 0.00 0
64299 0.00 0.00 0.00 0
64300 0.00 0.00 0.00 0
64308 0.00 0.00 0.00 0
64309 0.00 0.00 0.00 0
64310 0.00 0.00 0.00 0
64319 0.00 0.00 0.00 0
64320 0.00 0.00 0.00 0
64321 0.00 0.00 0.00 0
64331 0.00 0.00 0.00 0
64332 0.00 0.00 0.00 0
64333 0.00 0.00 0.00 0
64350 0.00 0.00 0.00 0
64351 0.00 0.00 0.00 0
64352 0.00 0.00 0.00 0
64353 0.00 0.00 0.00 0
64354 0.00 0.00 0.00 0
64375 0.00 0.00 0.00 0
64376 0.00 0.00 0.00 0
64401 0.00 0.00 0.00 0
64402 0.00 0.00 0.00 0
64422 0.00 0.00 0.00 0
64423 0.00 0.00 0.00 0
64424 0.00 0.00 0.00 0
64425 0.00 0.00 0.00 0
64442 0.00 0.00 0.00 0
64443 0.00 0.00 0.00 0
64444 0.00 0.00 0.00 0
64445 0.00 0.00 0.00 0
64446 0.00 0.00 0.00 0
64466 0.00 0.00 0.00 0
64467 0.00 0.00 0.00 0
64468 0.00 0.00 0.00 0
64469 0.00 0.00 0.00 0
64470 0.00 0.00 0.00 0
64471 0.00 0.00 0.00 0
64472 0.00 0.00 0.00 0
64473 0.00 0.00 0.00 0
64474 0.00 0.00 0.00 0
64475 0.00 0.00 0.00 0
64486 0.00 0.00 0.00 0
64487 0.00 0.00 0.00 0
64488 0.00 0.00 0.00 0
64489 0.00 0.00 0.00 0
64490 0.00 0.00 0.00 0
64491 0.00 0.00 0.00 0
64492 0.00 0.00 0.00 0
64493 0.00 0.00 0.00 0
65582 0.00 0.00 0.00 0
65583 0.00 0.00 0.00 0
65584 0.00 0.00 0.00 0
65614 0.00 0.00 0.00 0
65615 0.00 0.00 0.00 0
65616 0.00 0.00 0.00 0
65617 0.00 0.00 0.00 0
65618 0.00 0.00 0.00 0
65619 0.00 0.00 0.00 0
65629 0.00 0.00 0.00 0
65630 0.00 0.00 0.00 0
65631 0.00 0.00 0.00 0
65640 0.00 0.00 0.00 0
65641 0.00 0.00 0.00 0
65642 0.00 0.00 0.00 0
65643 0.00 0.00 0.00 0
65658 0.00 0.00 0.00 0
65659 0.00 0.00 0.00 0
65660 0.00 0.00 0.00 0
65661 0.00 0.00 0.00 0
65662 0.00 0.00 0.00 0
65663 0.00 0.00 0.00 0
65678 0.00 0.00 0.00 0
65679 0.00 0.00 0.00 0
65680 0.00 0.00 0.00 0
65681 0.00 0.00 0.00 0
65682 0.00 0.00 0.00 0
65694 0.00 0.00 0.00 0
65701 0.00 0.00 0.00 0
65702 0.00 0.00 0.00 0
65703 0.00 0.00 0.00 0
65714 0.00 0.00 0.00 0
65715 0.00 0.00 0.00 0
65721 0.00 0.00 0.00 0
65731 0.00 0.00 0.00 0
65732 0.00 0.00 0.00 0
65733 0.00 0.00 0.00 0
65734 0.00 0.00 0.00 0
65735 0.00 0.00 0.00 0
65746 0.00 0.00 0.00 0
65747 0.00 0.00 0.00 0
65748 0.00 0.00 0.00 0
65749 0.00 0.00 0.00 0
65750 0.00 0.00 0.00 0
65751 0.00 0.00 0.00 0
65760 0.00 0.00 0.00 0
65761 0.00 0.00 0.00 0
65781 0.00 0.00 0.00 0
65782 0.00 0.00 0.00 0
65801 0.00 0.00 0.00 0
65802 0.00 0.00 0.00 0
65803 0.00 0.00 0.00 0
65817 0.00 0.00 0.00 0
65818 0.00 0.00 0.00 0
65819 0.00 0.00 0.00 0
65820 0.00 0.00 0.00 0
65821 0.00 0.00 0.00 0
65840 0.00 0.00 0.00 0
65841 0.00 0.00 0.00 0
65842 0.00 0.00 0.00 0
65843 0.00 0.00 0.00 0
65844 0.00 0.00 0.00 0
65845 0.00 0.00 0.00 0
65846 0.00 0.00 0.00 0
65847 0.00 0.00 0.00 0
65848 0.00 0.00 0.00 0
65863 0.00 0.00 0.00 0
65864 0.00 0.00 0.00 0
65865 0.00 0.00 0.00 0
65866 0.00 0.00 0.00 0
65867 0.00 0.00 0.00 0
65868 0.00 0.00 0.00 0
65869 0.00 0.00 0.00 0
65870 0.00 0.00 0.00 0
65871 0.00 0.00 0.00 0
66859 0.00 0.00 0.00 0
66860 0.00 0.00 0.00 0
66861 0.00 0.00 0.00 0
66890 0.00 0.00 0.00 0
66891 0.00 0.00 0.00 0
66892 0.00 0.00 0.00 0
66917 0.00 0.00 0.00 0
66918 0.00 0.00 0.00 0
66919 0.00 0.00 0.00 0
66930 0.00 0.00 0.00 0
66931 0.00 0.00 0.00 0
66932 0.00 0.00 0.00 0
66933 0.00 0.00 0.00 0
66934 0.00 0.00 0.00 0
66946 0.00 0.00 0.00 0
66947 0.00 0.00 0.00 0
66948 0.00 0.00 0.00 0
66949 0.00 0.00 0.00 0
66950 0.00 0.00 0.00 0
66955 0.00 0.00 0.00 0
66956 0.00 0.00 0.00 0
66957 0.00 0.00 0.00 0
66958 0.00 0.00 0.00 0
66959 0.00 0.00 0.00 0
66960 0.00 0.00 0.00 0
66965 0.00 0.00 0.00 0
66966 0.00 0.00 0.00 0
66971 0.00 0.00 0.00 0
66972 0.00 0.00 0.00 0
66984 0.00 0.00 0.00 0
66985 0.00 0.00 0.00 0
66996 0.00 0.00 0.00 0
67012 0.00 0.00 0.00 0
67013 0.00 0.00 0.00 0
67014 0.00 0.00 0.00 0
67015 0.00 0.00 0.00 0
67016 0.00 0.00 0.00 0
67017 0.00 0.00 0.00 0
67018 0.00 0.00 0.00 0
67034 0.00 0.00 0.00 0
67035 0.00 0.00 0.00 0
67036 0.00 0.00 0.00 0
67037 0.00 0.00 0.00 0
67038 0.00 0.00 0.00 0
67039 0.00 0.00 0.00 0
67040 0.00 0.00 0.00 0
67050 0.00 0.00 0.00 0
67051 0.00 0.00 0.00 0
67052 0.00 0.00 0.00 0
67053 0.00 0.00 0.00 0
67054 0.00 0.00 0.00 0
67069 0.00 0.00 0.00 0
67070 0.00 0.00 0.00 0
67071 0.00 0.00 0.00 0
67089 0.00 0.00 0.00 0
67090 0.00 0.00 0.00 0
67106 0.00 0.00 0.00 0
67107 0.00 0.00 0.00 0
67108 0.00 0.00 0.00 0
67109 0.00 0.00 0.00 0
67127 0.00 0.00 0.00 0
67128 0.00 0.00 0.00 0
67129 0.00 0.00 0.00 0
67130 0.00 0.00 0.00 0
67131 0.00 0.00 0.00 0
67132 0.00 0.00 0.00 0
67133 0.00 0.00 0.00 0
67134 0.00 0.00 0.00 0
67150 0.00 0.00 0.00 0
67151 0.00 0.00 0.00 0
67152 0.00 0.00 0.00 0
67153 0.00 0.00 0.00 0
67154 0.00 0.00 0.00 0
67155 0.00 0.00 0.00 0
67156 0.00 0.00 0.00 0
67157 0.00 0.00 0.00 0
67158 0.00 0.00 0.00 0
67159 0.00 0.00 0.00 0
68166 0.00 0.00 0.00 0
68167 0.00 0.00 0.00 0
68168 0.00 0.00 0.00 0
68169 0.00 0.00 0.00 0
68183 0.00 0.00 0.00 0
68184 0.00 0.00 0.00 0
68185 0.00 0.00 0.00 0
68204 0.00 0.00 0.00 0
68205 0.00 0.00 0.00 0
68215 0.00 0.00 0.00 0
68216 0.00 0.00 0.00 0
68217 0.00 0.00 0.00 0
68220 0.00 0.00 0.00 0
68221 0.00 0.00 0.00 0
68222 0.00 0.00 0.00 0
68223 0.00 0.00 0.00 0
68224 0.00 0.00 0.00 0
68227 0.00 0.00 0.00 0
68228 0.00 0.00 0.00 0
68229 0.00 0.00 0.00 0
68230 0.00 0.00 0.00 0
68231 0.00 0.00 0.00 0
68232 0.00 0.00 0.00 0
68233 0.00 0.00 0.00 0
68236 0.00 0.00 0.00 0
68237 0.00 0.00 0.00 0
68238 0.00 0.00 0.00 0
68242 0.00 0.00 0.00 0
68246 0.00 0.00 0.00 0
68247 0.00 0.00 0.00 0
68251 0.00 0.00 0.00 0
68259 0.00 0.00 0.00 0
68260 0.00 0.00 0.00 0
68261 0.00 0.00 0.00 0
68262 0.00 0.00 0.00 0
68263 0.00 0.00 0.00 0
68264 0.00 0.00 0.00 0
68265 0.00 0.00 0.00 0
68266 0.00 0.00 0.00 0
68285 0.00 0.00 0.00 0
68286 0.00 0.00 0.00 0
68287 0.00 0.00 0.00 0
68288 0.00 0.00 0.00 0
68289 0.00 0.00 0.00 0
68290 0.00 0.00 0.00 0
68291 0.00 0.00 0.00 0
68292 0.00 0.00 0.00 0
68305 0.00 0.00 0.00 0
68306 0.00 0.00 0.00 0
68307 0.00 0.00 0.00 0
68308 0.00 0.00 0.00 0
68309 0.00 0.00 0.00 0
68322 0.00 0.00 0.00 0
68323 0.00 0.00 0.00 0
68324 0.00 0.00 0.00 0
68342 0.00 0.00 0.00 0
68343 0.00 0.00 0.00 0
68344 0.00 0.00 0.00 0
68364 0.00 0.00 0.00 0
68365 0.00 0.00 0.00 0
68366 0.00 0.00 0.00 0
68367 0.00 0.00 0.00 0
68385 0.00 0.00 0.00 0
68386 0.00 0.00 0.00 0
68387 0.00 0.00 0.00 0
68388 0.00 0.00 0.00 0
68389 0.00 0.00 0.00 0
68390 0.00 0.00 0.00 0
68391 0.00 0.00 0.00 0
68392 0.00 0.00 0.00 0
68416 0.00 0.00 0.00 0
68417 0.00 0.00 0.00 0
68418 0.00 0.00 0.00 0
68419 0.00 0.00 0.00 0
68420 0.00 0.00 0.00 0
68421 0.00 0.00 0.00 0
68422 0.00 0.00 0.00 0
68423 0.00 0.00 0.00 0
68424 0.00 0.00 0.00 0
69438 0.00 0.00 0.00 0
69439 0.00 0.00 0.00 0
69440 0.00 0.00 0.00 0
69452 0.00 0.00 0.00 0
69453 0.00 0.00 0.00 0
69454 0.00 0.00 0.00 0
69455 0.00 0.00 0.00 0
69456 0.00 0.00 0.00 0
69457 0.00 0.00 0.00 0
69472 0.00 0.00 0.00 0
69473 0.00 0.00 0.00 0
69474 0.00 0.00 0.00 0
69475 0.00 0.00 0.00 0
69484 0.00 0.00 0.00 0
69485 0.00 0.00 0.00 0
69486 0.00 0.00 0.00 0
69488 0.00 0.00 0.00 0
69489 0.00 0.00 0.00 0
69490 0.00 0.00 0.00 0
69491 0.00 0.00 0.00 0
69493 0.00 0.00 0.00 0
69494 0.00 0.00 0.00 0
69495 0.00 0.00 0.00 0
69496 0.00 0.00 0.00 0
69497 0.00 0.00 0.00 0
69498 0.00 0.00 0.00 0
69499 0.00 0.00 0.00 0
69501 0.00 0.00 0.00 0
69502 0.00 0.00 0.00 0
69503 0.00 0.00 0.00 0
69504 0.00 0.00 0.00 0
69505 0.00 0.00 0.00 0
69508 0.00 0.00 0.00 0
69509 0.00 0.00 0.00 0
69510 0.00 0.00 0.00 0
69513 0.00 0.00 0.00 0
69514 0.00 0.00 0.00 0
69515 0.00 0.00 0.00 0
69518 0.00 0.00 0.00 0
69519 0.00 0.00 0.00 0
69520 0.00 0.00 0.00 0
69521 0.00 0.00 0.00 0
69522 0.00 0.00 0.00 0
69523 0.00 0.00 0.00 0
69524 0.00 0.00 0.00 0
69528 0.00 0.00 0.00 0
69529 0.00 0.00 0.00 0
69530 0.00 0.00 0.00 0
69531 0.00 0.00 0.00 0
69532 0.00 0.00 0.00 0
69533 0.00 0.00 0.00 0
69534 0.00 0.00 0.00 0
69535 0.00 0.00 0.00 0
69536 0.00 0.00 0.00 0
69537 0.00 0.00 0.00 0
69538 0.00 0.00 0.00 0
69539 0.00 0.00 0.00 0
69557 0.00 0.00 0.00 0
69558 0.00 0.00 0.00 0
69559 0.00 0.00 0.00 0
69560 0.00 0.00 0.00 0
69561 0.00 0.00 0.00 0
69562 0.00 0.00 0.00 0
69563 0.00 0.00 0.00 0
69564 0.00 0.00 0.00 0
69581 0.00 0.00 0.00 0
69582 0.00 0.00 0.00 0
69583 0.00 0.00 0.00 0
69584 0.00 0.00 0.00 0
69599 0.00 0.00 0.00 0
69626 0.00 0.00 0.00 0
69663 0.00 0.00 0.00 0
69664 0.00 0.00 0.00 0
69665 0.00 0.00 0.00 0
69666 0.00 0.00 0.00 0
70771 0.00 0.00 0.00 0
70772 0.00 0.00 0.00 0
70773 0.00 0.00 0.00 0
70774 0.00 0.00 0.00 0
70787 0.00 0.00 0.00 0
70788 0.00 0.00 0.00 0
70789 0.00 0.00 0.00 0
70790 0.00 0.00 0.00 0
70791 0.00 0.00 0.00 0
70792 0.00 0.00 0.00 0
70806 0.00 0.00 0.00 0
70807 0.00 0.00 0.00 0
70808 0.00 0.00 0.00 0
70809 0.00 0.00 0.00 0
70810 0.00 0.00 0.00 0
70811 0.00 0.00 0.00 0
70812 0.00 0.00 0.00 0
70821 0.00 0.00 0.00 0
70822 0.00 0.00 0.00 0
70823 0.00 0.00 0.00 0
70824 0.00 0.00 0.00 0
70825 0.00 0.00 0.00 0
70826 0.00 0.00 0.00 0
70831 0.00 0.00 0.00 0
70832 0.00 0.00 0.00 0
70833 0.00 0.00 0.00 0
70834 0.00 0.00 0.00 0
70835 0.00 0.00 0.00 0
70836 0.00 0.00 0.00 0
70837 0.00 0.00 0.00 0
70838 0.00 0.00 0.00 0
70839 0.00 0.00 0.00 0
70840 0.00 0.00 0.00 0
70844 0.00 0.00 0.00 0
70845 0.00 0.00 0.00 0
70846 0.00 0.00 0.00 0
70847 0.00 0.00 0.00 0
70848 0.00 0.00 0.00 0
70849 0.00 0.00 0.00 0
70850 0.00 0.00 0.00 0
70855 0.00 0.00 0.00 0
70856 0.00 0.00 0.00 0
70857 0.00 0.00 0.00 0
70858 0.00 0.00 0.00 0
70864 0.00 0.00 0.00 0
70865 0.00 0.00 0.00 0
70866 0.00 0.00 0.00 0
70867 0.00 0.00 0.00 0
70868 0.00 0.00 0.00 0
70869 0.00 0.00 0.00 0
70870 0.00 0.00 0.00 0
70871 0.00 0.00 0.00 0
70877 0.00 0.00 0.00 0
70878 0.00 0.00 0.00 0
70879 0.00 0.00 0.00 0
70880 0.00 0.00 0.00 0
70881 0.00 0.00 0.00 0
70882 0.00 0.00 0.00 0
70883 0.00 0.00 0.00 0
70884 0.00 0.00 0.00 0
70885 0.00 0.00 0.00 0
70886 0.00 0.00 0.00 0
70887 0.00 0.00 0.00 0
70888 0.00 0.00 0.00 0
70889 0.00 0.00 0.00 0
70890 0.00 0.00 0.00 0
70896 0.00 0.00 0.00 0
70897 0.00 0.00 0.00 0
70898 0.00 0.00 0.00 0
70899 0.00 0.00 0.00 0
70900 0.00 0.00 0.00 0
70901 0.00 0.00 0.00 0
70902 0.00 0.00 0.00 0
70903 0.00 0.00 0.00 0
70904 0.00 0.00 0.00 0
70905 0.00 0.00 0.00 0
70906 0.00 0.00 0.00 0
70924 0.00 0.00 0.00 0
70925 0.00 0.00 0.00 0
70926 0.00 0.00 0.00 0
70947 0.00 0.00 0.00 0
72066 0.00 0.00 0.00 0
72067 0.00 0.00 0.00 0
72068 0.00 0.00 0.00 0
72078 0.00 0.00 0.00 0
72079 0.00 0.00 0.00 0
72080 0.00 0.00 0.00 0
72084 0.00 0.00 0.00 0
72085 0.00 0.00 0.00 0
72086 0.00 0.00 0.00 0
72087 0.00 0.00 0.00 0
72088 0.00 0.00 0.00 0
72089 0.00 0.00 0.00 0
72090 0.00 0.00 0.00 0
72091 0.00 0.00 0.00 0
72095 0.00 0.00 0.00 0
72096 0.00 0.00 0.00 0
72097 0.00 0.00 0.00 0
72098 0.00 0.00 0.00 0
72099 0.00 0.00 0.00 0
72100 0.00 0.00 0.00 0
72101 0.00 0.00 0.00 0
72102 0.00 0.00 0.00 0
72103 0.00 0.00 0.00 0
72104 0.00 0.00 0.00 0
72109 0.00 0.00 0.00 0
72110 0.00 0.00 0.00 0
72111 0.00 0.00 0.00 0
72112 0.00 0.00 0.00 0
72113 0.00 0.00 0.00 0
72114 0.00 0.00 0.00 0
72115 0.00 0.00 0.00 0
72116 0.00 0.00 0.00 0
72117 0.00 0.00 0.00 0
72123 0.00 0.00 0.00 0
72124 0.00 0.00 0.00 0
72125 0.00 0.00 0.00 0
72126 0.00 0.00 0.00 0
72127 0.00 0.00 0.00 0
72128 0.00 0.00 0.00 0
72129 0.00 0.00 0.00 0
72130 0.00 0.00 0.00 0
72131 0.00 0.00 0.00 0
72132 0.00 0.00 0.00 0
72133 0.00 0.00 0.00 0
72134 0.00 0.00 0.00 0
72135 0.00 0.00 0.00 0
72141 0.00 0.00 0.00 0
72142 0.00 0.00 0.00 0
72143 0.00 0.00 0.00 0
72144 0.00 0.00 0.00 0
72145 0.00 0.00 0.00 0
72146 0.00 0.00 0.00 0
72149 0.00 0.00 0.00 0
72150 0.00 0.00 0.00 0
72151 0.00 0.00 0.00 0
72152 0.00 0.00 0.00 0
72157 0.00 0.00 0.00 0
72158 0.00 0.00 0.00 0
72173 0.00 0.00 0.00 0
73224 0.00 0.00 0.00 0
73225 0.00 0.00 0.00 0
73226 0.00 0.00 0.00 0
73241 0.00 0.00 0.00 0
73242 0.00 0.00 0.00 0
73259 0.00 0.00 0.00 0
