# caudalmiddlefrontal
3994
81240 0.00 0.00 0.00 0
81241 0.00 0.00 0.00 0
81242 0.00 0.00 0.00 0
81262 0.00 0.00 0.00 0
81263 0.00 0.00 0.00 0
81264 0.00 0.00 0.00 0
81276 0.00 0.00 0.00 0
81277 0.00 0.00 0.00 0
81278 0.00 0.00 0.00 0
82441 0.00 0.00 0.00 0
82442 0.00 0.00 0.00 0
82443 0.00 0.00 0.00 0
82457 0.00 0.00 0.00 0
82458 0.00 0.00 0.00 0
82459 0.00 0.00 0.00 0
82460 0.00 0.00 0.00 0
82475 0.00 0.00 0.00 0
82476 0.00 0.00 0.00 0
82477 0.00 0.00 0.00 0
82478 0.00 0.00 0.00 0
82479 0.00 0.00 0.00 0
82496 0.00 0.00 0.00 0
82497 0.00 0.00 0.00 0
82498 0.00 0.00 0.00 0
82499 0.00 0.00 0.00 0
82500 0.00 0.00 0.00 0
82520 0.00 0.00 0.00 0
82521 0.00 0.00 0.00 0
82522 0.00 0.00 0.00 0
82538 0.00 0.00 0.00 0
82539 0.00 0.00 0.00 0
82540 0.00 0.00 0.00 0
82541 0.00 0.00 0.00 0
82556 0.00 0.00 0.00 0
82557 0.00 0.00 0.00 0
82558 0.00 0.00 0.00 0
83585 0.00 0.00 0.00 0
83586 0.00 0.00 0.00 0
83587 0.00 0.00 0.00 0
83596 0.00 0.00 0.00 0
83597 0.00 0.00 0.00 0
83598 0.00 0.00 0.00 0
83599 0.00 0.00 0.00 0
83608 0.00 0.00 0.00 0
83609 0.00 0.00 0.00 0
83610 0.00 0.00 0.00 0
83611 0.00 0.00 0.00 0
83612 0.00 0.00 0.00 0
83618 0.00 0.00 0.00 0
83619 0.00 0.00 0.00 0
83620 0.00 0.00 0.00 0
83621 0.00 0.00 0.00 0
83622 0.00 0.00 0.00 0
83630 0.00 0.00 0.00 0
83631 0.00 0.00 0.00 0
83632 0.00 0.00 0.00 0
83633 0.00 0.00 0.00 0
83634 0.00 0.00 0.00 0
83646 0.00 0.00 0.00 0
83647 0.00 0.00 0.00 0
83648 0.00 0.00 0.00 0
83649 0.00 0.00 0.00 0
83663 0.00 0.00 0.00 0
83664 0.00 0.00 0.00 0
83665 0.00 0.00 0.00 0
83683 0.00 0.00 0.00 0
83684 0.00 0.00 0.00 0
83685 0.00 0.00 0.00 0
83686 0.00 0.00 0.00 0
83705 0.00 0.00 0.00 0
83706 0.00 0.00 0.00 0
83707 0.00 0.00 0.00 0
83721 0.00 0.00 0.00 0
83722 0.00 0.00 0.00 0
83723 0.00 0.00 0.00 0
83743 0.00 0.00 0.00 0
84799 0.00 0.00 0.00 0
84800 0.00 0.00 0.00 0
84801 0.00 0.00 0.00 0
84802 0.00 0.00 0.00 0
84817 0.00 0.00 0.00 0
84818 0.00 0.00 0.00 0
84819 0.00 0.00 0.00 0
84820 0.00 0.00 0.00 0
84821 0.00 0.00 0.00 0
84830 0.00 0.00 0.00 0
84831 0.00 0.00 0.00 0
84832 0.00 0.00 0.00 0
84833 0.00 0.00 0.00 0
84834 0.00 0.00 0.00 0
84842 0.00 0.00 0.00 0
84843 0.00 0.00 0.00 0
84844 0.00 0.00 0.00 0
84845 0.00 0.00 0.00 0
84846 0.00 0.00 0.00 0
84852 0.00 0.00 0.00 0
84853 0.00 0.00 0.00 0
84854 0.00 0.00 0.00 0
84855 0.00 0.00 0.00 0
84856 0.00 0.00 0.00 0
84863 0.00 0.00 0.00 0
84864 0.00 0.00 0.00 0
84865 0.00 0.00 0.00 0
84866 0.00 0.00 0.00 0
84878 0.00 0.00 0.00 0
84879 0.00 0.00 0.00 0
84880 0.00 0.00 0.00 0
84893 0.00 0.00 0.00 0
84894 0.00 0.00 0.00 0
84895 0.00 0.00 0.00 0
84911 0.00 0.00 0.00 0
84912 0.00 0.00 0.00 0
84913 0.00 0.00 0.00 0
84914 0.00 0.00 0.00 0
84915 0.00 0.00 0.00 0
84929 0.00 0.00 0.00 0
84930 0.00 0.00 0.00 0
84931 0.00 0.00 0.00 0
84932 0.00 0.00 0.00 0
84940 0.00 0.00 0.00 0
84942 0.00 0.00 0.00 0
84943 0.00 0.00 0.00 0
85979 0.00 0.00 0.00 0
85980 0.00 0.00 0.00 0
85981 0.00 0.00 0.00 0
85986 0.00 0.00 0.00 0
85987 0.00 0.00 0.00 0
85988 0.00 0.00 0.00 0
85989 0.00 0.00 0.00 0
85990 0.00 0.00 0.00 0
86000 0.00 0.00 0.00 0
86001 0.00 0.00 0.00 0
86002 0.00 0.00 0.00 0
86003 0.00 0.00 0.00 0
86004 0.00 0.00 0.00 0
86005 0.00 0.00 0.00 0
86016 0.00 0.00 0.00 0
86017 0.00 0.00 0.00 0
86018 0.00 0.00 0.00 0
86019 0.00 0.00 0.00 0
86020 0.00 0.00 0.00 0
86030 0.00 0.00 0.00 0
86031 0.00 0.00 0.00 0
86032 0.00 0.00 0.00 0
86033 0.00 0.00 0.00 0
86034 0.00 0.00 0.00 0
86039 0.00 0.00 0.00 0
86040 0.00 0.00 0.00 0
86041 0.00 0.00 0.00 0
86042 0.00 0.00 0.00 0
86043 0.00 0.00 0.00 0
86044 0.00 0.00 0.00 0
86051 0.00 0.00 0.00 0
86052 0.00 0.00 0.00 0
86053 0.00 0.00 0.00 0
86054 0.00 0.00 0.00 0
86068 0.00 0.00 0.00 0
86069 0.00 0.00 0.00 0
86070 0.00 0.00 0.00 0
86071 0.00 0.00 0.00 0
86086 0.00 0.00 0.00 0
86087 0.00 0.00 0.00 0
86088 0.00 0.00 0.00 0
86104 0.00 0.00 0.00 0
86105 0.00 0.00 0.00 0
86106 0.00 0.00 0.00 0
86107 0.00 0.00 0.00 0
86118 0.00 0.00 0.00 0
86120 0.00 0.00 0.00 0
86121 0.00 0.00 0.00 0
87213 0.00 0.00 0.00 0
87214 0.00 0.00 0.00 0
87219 0.00 0.00 0.00 0
87220 0.00 0.00 0.00 0
87221 0.00 0.00 0.00 0
87225 0.00 0.00 0.00 0
87226 0.00 0.00 0.00 0
87227 0.00 0.00 0.00 0
87232 0.00 0.00 0.00 0
87233 0.00 0.00 0.00 0
87234 0.00 0.00 0.00 0
87235 0.00 0.00 0.00 0
87236 0.00 0.00 0.00 0
87237 0.00 0.00 0.00 0
87244 0.00 0.00 0.00 0
87245 0.00 0.00 0.00 0
87246 0.00 0.00 0.00 0
87247 0.00 0.00 0.00 0
87248 0.00 0.00 0.00 0
87249 0.00 0.00 0.00 0
87258 0.00 0.00 0.00 0
87259 0.00 0.00 0.00 0
87260 0.00 0.00 0.00 0
87261 0.00 0.00 0.00 0
87268 0.00 0.00 0.00 0
87269 0.00 0.00 0.00 0
87270 0.00 0.00 0.00 0
87271 0.00 0.00 0.00 0
87272 0.00 0.00 0.00 0
87273 0.00 0.00 0.00 0
87283 0.00 0.00 0.00 0
87284 0.00 0.00 0.00 0
87285 0.00 0.00 0.00 0
87286 0.00 0.00 0.00 0
87287 0.00 0.00 0.00 0
87302 0.00 0.00 0.00 0
87303 0.00 0.00 0.00 0
87304 0.00 0.00 0.00 0
87305 0.00 0.00 0.00 0
87306 0.00 0.00 0.00 0
87307 0.00 0.00 0.00 0
87324 0.00 0.00 0.00 0
87325 0.00 0.00 0.00 0
87326 0.00 0.00 0.00 0
87327 0.00 0.00 0.00 0
87328 0.00 0.00 0.00 0
87329 0.00 0.00 0.00 0
87344 0.00 0.00 0.00 0
87345 0.00 0.00 0.00 0
87346 0.00 0.00 0.00 0
87347 0.00 0.00 0.00 0
87348 0.00 0.00 0.00 0
87349 0.00 0.00 0.00 0
87350 0.00 0.00 0.00 0
87363 0.00 0.00 0.00 0
87364 0.00 0.00 0.00 0
87365 0.00 0.00 0.00 0
88302 0.00 0.00 0.00 0
88303 0.00 0.00 0.00 0
88304 0.00 0.00 0.00 0
88313 0.00 0.00 0.00 0
88314 0.00 0.00 0.00 0
88315 0.00 0.00 0.00 0
88350 0.00 0.00 0.00 0
88351 0.00 0.00 0.00 0
88357 0.00 0.00 0.00 0
88358 0.00 0.00 0.00 0
88359 0.00 0.00 0.00 0
88364 0.00 0.00 0.00 0
88365 0.00 0.00 0.00 0
88366 0.00 0.00 0.00 0
88367 0.00 0.00 0.00 0
88372 0.00 0.00 0.00 0
88373 0.00 0.00 0.00 0
88374 0.00 0.00 0.00 0
88389 0.00 0.00 0.00 0
88390 0.00 0.00 0.00 0
88391 0.00 0.00 0.00 0
88395 0.00 0.00 0.00 0
88396 0.00 0.00 0.00 0
88397 0.00 0.00 0.00 0
88398 0.00 0.00 0.00 0
88403 0.00 0.00 0.00 0
88404 0.00 0.00 0.00 0
88405 0.00 0.00 0.00 0
88406 0.00 0.00 0.00 0
88410 0.00 0.00 0.00 0
88411 0.00 0.00 0.00 0
88412 0.00 0.00 0.00 0
88413 0.00 0.00 0.00 0
88417 0.00 0.00 0.00 0
88418 0.00 0.00 0.00 0
88419 0.00 0.00 0.00 0
88420 0.00 0.00 0.00 0
88421 0.00 0.00 0.00 0
88425 0.00 0.00 0.00 0
88426 0.00 0.00 0.00 0
88427 0.00 0.00 0.00 0
88428 0.00 0.00 0.00 0
88429 0.00 0.00 0.00 0
88430 0.00 0.00 0.00 0
88431 0.00 0.00 0.00 0
88436 0.00 0.00 0.00 0
88437 0.00 0.00 0.00 0
88438 0.00 0.00 0.00 0
88439 0.00 0.00 0.00 0
88440 0.00 0.00 0.00 0
88441 0.00 0.00 0.00 0
88447 0.00 0.00 0.00 0
88448 0.00 0.00 0.00 0
88449 0.00 0.00 0.00 0
88450 0.00 0.00 0.00 0
88451 0.00 0.00 0.00 0
88452 0.00 0.00 0.00 0
88460 0.00 0.00 0.00 0
88461 0.00 0.00 0.00 0
88462 0.00 0.00 0.00 0
88463 0.00 0.00 0.00 0
88464 0.00 0.00 0.00 0
88465 0.00 0.00 0.00 0
88478 0.00 0.00 0.00 0
88479 0.00 0.00 0.00 0
88480 0.00 0.00 0.00 0
88481 0.00 0.00 0.00 0
88482 0.00 0.00 0.00 0
88501 0.00 0.00 0.00 0
88502 0.00 0.00 0.00 0
88503 0.00 0.00 0.00 0
88504 0.00 0.00 0.00 0
88505 0.00 0.00 0.00 0
88520 0.00 0.00 0.00 0
88521 0.00 0.00 0.00 0
88522 0.00 0.00 0.00 0
88523 0.00 0.00 0.00 0
88524 0.00 0.00 0.00 0
88535 0.00 0.00 0.00 0
88537 0.00 0.00 0.00 0
88538 0.00 0.00 0.00 0
89474 0.00 0.00 0.00 0
89475 0.00 0.00 0.00 0
89476 0.00 0.00 0.00 0
89482 0.00 0.00 0.00 0
89483 0.00 0.00 0.00 0
89484 0.00 0.00 0.00 0
89485 0.00 0.00 0.00 0
89494 0.00 0.00 0.00 0
89495 0.00 0.00 0.00 0
89496 0.00 0.00 0.00 0
89497 0.00 0.00 0.00 0
89508 0.00 0.00 0.00 0
89509 0.00 0.00 0.00 0
89510 0.00 0.00 0.00 0
89511 0.00 0.00 0.00 0
89512 0.00 0.00 0.00 0
89518 0.00 0.00 0.00 0
89519 0.00 0.00 0.00 0
89520 0.00 0.00 0.00 0
89521 0.00 0.00 0.00 0
89522 0.00 0.00 0.00 0
89523 0.00 0.00 0.00 0
89531 0.00 0.00 0.00 0
89532 0.00 0.00 0.00 0
89533 0.00 0.00 0.00 0
89534 0.00 0.00 0.00 0
89535 0.00 0.00 0.00 0
89536 0.00 0.00 0.00 0
89545 0.00 0.00 0.00 0
89546 0.00 0.00 0.00 0
89547 0.00 0.00 0.00 0
89548 0.00 0.00 0.00 0
89549 0.00 0.00 0.00 0
89550 0.00 0.00 0.00 0
89558 0.00 0.00 0.00 0
89559 0.00 0.00 0.00 0
89560 0.00 0.00 0.00 0
89561 0.00 0.00 0.00 0
89562 0.00 0.00 0.00 0
89568 0.00 0.00 0.00 0
89569 0.00 0.00 0.00 0
89570 0.00 0.00 0.00 0
89576 0.00 0.00 0.00 0
89577 0.00 0.00 0.00 0
89578 0.00 0.00 0.00 0
89585 0.00 0.00 0.00 0
89586 0.00 0.00 0.00 0
89587 0.00 0.00 0.00 0
89588 0.00 0.00 0.00 0
89594 0.00 0.00 0.00 0
89595 0.00 0.00 0.00 0
89596 0.00 0.00 0.00 0
89597 0.00 0.00 0.00 0
89598 0.00 0.00 0.00 0
89599 0.00 0.00 0.00 0
89600 0.00 0.00 0.00 0
89601 0.00 0.00 0.00 0
89602 0.00 0.00 0.00 0
89603 0.00 0.00 0.00 0
89604 0.00 0.00 0.00 0
89608 0.00 0.00 0.00 0
89609 0.00 0.00 0.00 0
89610 0.00 0.00 0.00 0
89611 0.00 0.00 0.00 0
89612 0.00 0.00 0.00 0
89613 0.00 0.00 0.00 0
89614 0.00 0.00 0.00 0
89615 0.00 0.00 0.00 0
89616 0.00 0.00 0.00 0
89617 0.00 0.00 0.00 0
89618 0.00 0.00 0.00 0
89622 0.00 0.00 0.00 0
89623 0.00 0.00 0.00 0
89624 0.00 0.00 0.00 0
89625 0.00 0.00 0.00 0
89626 0.00 0.00 0.00 0
89627 0.00 0.00 0.00 0
89628 0.00 0.00 0.00 0
89629 0.00 0.00 0.00 0
89630 0.00 0.00 0.00 0
89631 0.00 0.00 0.00 0
89634 0.00 0.00 0.00 0
89635 0.00 0.00 0.00 0
89636 0.00 0.00 0.00 0
89637 0.00 0.00 0.00 0
89640 0.00 0.00 0.00 0
89641 0.00 0.00 0.00 0
89642 0.00 0.00 0.00 0
89643 0.00 0.00 0.00 0
89646 0.00 0.00 0.00 0
89647 0.00 0.00 0.00 0
89648 0.00 0.00 0.00 0
89649 0.00 0.00 0.00 0
89653 0.00 0.00 0.00 0
89654 0.00 0.00 0.00 0
89655 0.00 0.00 0.00 0
89656 0.00 0.00 0.00 0
89661 0.00 0.00 0.00 0
89662 0.00 0.00 0.00 0
89663 0.00 0.00 0.00 0
89664 0.00 0.00 0.00 0
89673 0.00 0.00 0.00 0
89674 0.00 0.00 0.00 0
89675 0.00 0.00 0.00 0
89676 0.00 0.00 0.00 0
89689 0.00 0.00 0.00 0
89690 0.00 0.00 0.00 0
89691 0.00 0.00 0.00 0
89692 0.00 0.00 0.00 0
89713 0.00 0.00 0.00 0
89714 0.00 0.00 0.00 0
89715 0.00 0.00 0.00 0
89716 0.00 0.00 0.00 0
89734 0.00 0.00 0.00 0
89735 0.00 0.00 0.00 0
89736 0.00 0.00 0.00 0
89737 0.00 0.00 0.00 0
89751 0.00 0.00 0.00 0
89833 0.00 0.00 0.00 0
89849 0.00 0.00 0.00 0
89850 0.00 0.00 0.00 0
89851 0.00 0.00 0.00 0
89852 0.00 0.00 0.00 0
89853 0.00 0.00 0.00 0
89866 0.00 0.00 0.00 0
89867 0.00 0.00 0.00 0
89868 0.00 0.00 0.00 0
89869 0.00 0.00 0.00 0
89875 0.00 0.00 0.00 0
89876 0.00 0.00 0.00 0
90706 0.00 0.00 0.00 0
90707 0.00 0.00 0.00 0
90708 0.00 0.00 0.00 0
90714 0.00 0.00 0.00 0
90715 0.00 0.00 0.00 0
90716 0.00 0.00 0.00 0
90717 0.00 0.00 0.00 0
90726 0.00 0.00 0.00 0
90727 0.00 0.00 0.00 0
90728 0.00 0.00 0.00 0
90729 0.00 0.00 0.00 0
90741 0.00 0.00 0.00 0
90742 0.00 0.00 0.00 0
90743 0.00 0.00 0.00 0
90744 0.00 0.00 0.00 0
90745 0.00 0.00 0.00 0
90746 0.00 0.00 0.00 0
90747 0.00 0.00 0.00 0
90755 0.00 0.00 0.00 0
90756 0.00 0.00 0.00 0
90757 0.00 0.00 0.00 0
90758 0.00 0.00 0.00 0
90759 0.00 0.00 0.00 0
90760 0.00 0.00 0.00 0
90761 0.00 0.00 0.00 0
90766 0.00 0.00 0.00 0
90767 0.00 0.00 0.00 0
90768 0.00 0.00 0.00 0
90769 0.00 0.00 0.00 0
90770 0.00 0.00 0.00 0
90771 0.00 0.00 0.00 0
90780 0.00 0.00 0.00 0
90781 0.00 0.00 0.00 0
90782 0.00 0.00 0.00 0
90783 0.00 0.00 0.00 0
90784 0.00 0.00 0.00 0
90785 0.00 0.00 0.00 0
90795 0.00 0.00 0.00 0
90796 0.00 0.00 0.00 0
90797 0.00 0.00 0.00 0
90798 0.00 0.00 0.00 0
90799 0.00 0.00 0.00 0
90800 0.00 0.00 0.00 0
90811 0.00 0.00 0.00 0
90812 0.00 0.00 0.00 0
90813 0.00 0.00 0.00 0
90814 0.00 0.00 0.00 0
90815 0.00 0.00 0.00 0
90826 0.00 0.00 0.00 0
90827 0.00 0.00 0.00 0
90828 0.00 0.00 0.00 0
90829 0.00 0.00 0.00 0
90836 0.00 0.00 0.00 0
90837 0.00 0.00 0.00 0
90838 0.00 0.00 0.00 0
90839 0.00 0.00 0.00 0
90840 0.00 0.00 0.00 0
90841 0.00 0.00 0.00 0
90848 0.00 0.00 0.00 0
90849 0.00 0.00 0.00 0
90850 0.00 0.00 0.00 0
90851 0.00 0.00 0.00 0
90852 0.00 0.00 0.00 0
90853 0.00 0.00 0.00 0
90854 0.00 0.00 0.00 0
90855 0.00 0.00 0.00 0
90856 0.00 0.00 0.00 0
90857 0.00 0.00 0.00 0
90858 0.00 0.00 0.00 0
90859 0.00 0.00 0.00 0
90860 0.00 0.00 0.00 0
90861 0.00 0.00 0.00 0
90862 0.00 0.00 0.00 0
90868 0.00 0.00 0.00 0
90869 0.00 0.00 0.00 0
90870 0.00 0.00 0.00 0
90871 0.00 0.00 0.00 0
90872 0.00 0.00 0.00 0
90873 0.00 0.00 0.00 0
90874 0.00 0.00 0.00 0
90875 0.00 0.00 0.00 0
90876 0.00 0.00 0.00 0
90877 0.00 0.00 0.00 0
90878 0.00 0.00 0.00 0
90883 0.00 0.00 0.00 0
90884 0.00 0.00 0.00 0
90885 0.00 0.00 0.00 0
90886 0.00 0.00 0.00 0
90887 0.00 0.00 0.00 0
90888 0.00 0.00 0.00 0
90889 0.00 0.00 0.00 0
90890 0.00 0.00 0.00 0
90891 0.00 0.00 0.00 0
90892 0.00 0.00 0.00 0
90893 0.00 0.00 0.00 0
90897 0.00 0.00 0.00 0
90898 0.00 0.00 0.00 0
90899 0.00 0.00 0.00 0
90900 0.00 0.00 0.00 0
90901 0.00 0.00 0.00 0
90902 0.00 0.00 0.00 0
90903 0.00 0.00 0.00 0
90904 0.00 0.00 0.00 0
90905 0.00 0.00 0.00 0
90909 0.00 0.00 0.00 0
90910 0.00 0.00 0.00 0
90911 0.00 0.00 0.00 0
90912 0.00 0.00 0.00 0
90917 0.00 0.00 0.00 0
90918 0.00 0.00 0.00 0
90919 0.00 0.00 0.00 0
90924 0.00 0.00 0.00 0
90925 0.00 0.00 0.00 0
90926 0.00 0.00 0.00 0
90927 0.00 0.00 0.00 0
90931 0.00 0.00 0.00 0
90932 0.00 0.00 0.00 0
90933 0.00 0.00 0.00 0
90934 0.00 0.00 0.00 0
90939 0.00 0.00 0.00 0
90940 0.00 0.00 0.00 0
90941 0.00 0.00 0.00 0
90942 0.00 0.00 0.00 0
90951 0.00 0.00 0.00 0
90952 0.00 0.00 0.00 0
90953 0.00 0.00 0.00 0
90954 0.00 0.00 0.00 0
90955 0.00 0.00 0.00 0
90972 0.00 0.00 0.00 0
90973 0.00 0.00 0.00 0
90974 0.00 0.00 0.00 0
90975 0.00 0.00 0.00 0
90976 0.00 0.00 0.00 0
90977 0.00 0.00 0.00 0
91004 0.00 0.00 0.00 0
91005 0.00 0.00 0.00 0
91006 0.00 0.00 0.00 0
91034 0.00 0.00 0.00 0
91124 0.00 0.00 0.00 0
91142 0.00 0.00 0.00 0
91143 0.00 0.00 0.00 0
91162 0.00 0.00 0.00 0
91163 0.00 0.00 0.00 0
91164 0.00 0.00 0.00 0
91181 0.00 0.00 0.00 0
91182 0.00 0.00 0.00 0
91183 0.00 0.00 0.00 0
91184 0.00 0.00 0.00 0
91185 0.00 0.00 0.00 0
91186 0.00 0.00 0.00 0
91199 0.00 0.00 0.00 0
91200 0.00 0.00 0.00 0
91201 0.00 0.00 0.00 0
91202 0.00 0.00 0.00 0
91203 0.00 0.00 0.00 0
91216 0.00 0.00 0.00 0
91217 0.00 0.00 0.00 0
91218 0.00 0.00 0.00 0
91219 0.00 0.00 0.00 0
91976 0.00 0.00 0.00 0
91977 0.00 0.00 0.00 0
91978 0.00 0.00 0.00 0
91988 0.00 0.00 0.00 0
91989 0.00 0.00 0.00 0
91990 0.00 0.00 0.00 0
91991 0.00 0.00 0.00 0
92001 0.00 0.00 0.00 0
92002 0.00 0.00 0.00 0
92003 0.00 0.00 0.00 0
92004 0.00 0.00 0.00 0
92005 0.00 0.00 0.00 0
92006 0.00 0.00 0.00 0
92007 0.00 0.00 0.00 0
92008 0.00 0.00 0.00 0
92009 0.00 0.00 0.00 0
92018 0.00 0.00 0.00 0
92019 0.00 0.00 0.00 0
92020 0.00 0.00 0.00 0
92021 0.00 0.00 0.00 0
92022 0.00 0.00 0.00 0
92023 0.00 0.00 0.00 0
92024 0.00 0.00 0.00 0
92025 0.00 0.00 0.00 0
92028 0.00 0.00 0.00 0
92029 0.00 0.00 0.00 0
92030 0.00 0.00 0.00 0
92031 0.00 0.00 0.00 0
92035 0.00 0.00 0.00 0
92036 0.00 0.00 0.00 0
92037 0.00 0.00 0.00 0
92038 0.00 0.00 0.00 0
92039 0.00 0.00 0.00 0
92044 0.00 0.00 0.00 0
92045 0.00 0.00 0.00 0
92046 0.00 0.00 0.00 0
92047 0.00 0.00 0.00 0
92048 0.00 0.00 0.00 0
92052 0.00 0.00 0.00 0
92053 0.00 0.00 0.00 0
92054 0.00 0.00 0.00 0
92055 0.00 0.00 0.00 0
92056 0.00 0.00 0.00 0
92066 0.00 0.00 0.00 0
92067 0.00 0.00 0.00 0
92068 0.00 0.00 0.00 0
92069 0.00 0.00 0.00 0
92080 0.00 0.00 0.00 0
92081 0.00 0.00 0.00 0
92082 0.00 0.00 0.00 0
92083 0.00 0.00 0.00 0
92096 0.00 0.00 0.00 0
92097 0.00 0.00 0.00 0
92098 0.00 0.00 0.00 0
92099 0.00 0.00 0.00 0
92100 0.00 0.00 0.00 0
92101 0.00 0.00 0.00 0
92102 0.00 0.00 0.00 0
92103 0.00 0.00 0.00 0
92104 0.00 0.00 0.00 0
92105 0.00 0.00 0.00 0
92106 0.00 0.00 0.00 0
92120 0.00 0.00 0.00 0
92121 0.00 0.00 0.00 0
92122 0.00 0.00 0.00 0
92123 0.00 0.00 0.00 0
92124 0.00 0.00 0.00 0
92125 0.00 0.00 0.00 0
92126 0.00 0.00 0.00 0
92127 0.00 0.00 0.00 0
92128 0.00 0.00 0.00 0
92129 0.00 0.00 0.00 0
92130 0.00 0.00 0.00 0
92131 0.00 0.00 0.00 0
92132 0.00 0.00 0.00 0
92133 0.00 0.00 0.00 0
92134 0.00 0.00 0.00 0
92140 0.00 0.00 0.00 0
92141 0.00 0.00 0.00 0
92142 0.00 0.00 0.00 0
92143 0.00 0.00 0.00 0
92144 0.00 0.00 0.00 0
92145 0.00 0.00 0.00 0
92146 0.00 0.00 0.00 0
92147 0.00 0.00 0.00 0
92148 0.00 0.00 0.00 0
92149 0.00 0.00 0.00 0
92154 0.00 0.00 0.00 0
92155 0.00 0.00 0.00 0
92156 0.00 0.00 0.00 0
92157 0.00 0.00 0.00 0
92158 0.00 0.00 0.00 0
92159 0.00 0.00 0.00 0
92160 0.00 0.00 0.00 0
92161 0.00 0.00 0.00 0
92162 0.00 0.00 0.00 0
92163 0.00 0.00 0.00 0
92164 0.00 0.00 0.00 0
92165 0.00 0.00 0.00 0
92166 0.00 0.00 0.00 0
92171 0.00 0.00 0.00 0
92172 0.00 0.00 0.00 0
92173 0.00 0.00 0.00 0
92174 0.00 0.00 0.00 0
92175 0.00 0.00 0.00 0
92176 0.00 0.00 0.00 0
92177 0.00 0.00 0.00 0
92178 0.00 0.00 0.00 0
92179 0.00 0.00 0.00 0
92180 0.00 0.00 0.00 0
92186 0.00 0.00 0.00 0
92187 0.00 0.00 0.00 0
92188 0.00 0.00 0.00 0
92189 0.00 0.00 0.00 0
92190 0.00 0.00 0.00 0
92195 0.00 0.00 0.00 0
92196 0.00 0.00 0.00 0
92197 0.00 0.00 0.00 0
92198 0.00 0.00 0.00 0
92199 0.00 0.00 0.00 0
92200 0.00 0.00 0.00 0
92205 0.00 0.00 0.00 0
92206 0.00 0.00 0.00 0
92207 0.00 0.00 0.00 0
92208 0.00 0.00 0.00 0
92213 0.00 0.00 0.00 0
92214 0.00 0.00 0.00 0
92215 0.00 0.00 0.00 0
92216 0.00 0.00 0.00 0
92223 0.00 0.00 0.00 0
92224 0.00 0.00 0.00 0
92225 0.00 0.00 0.00 0
92226 0.00 0.00 0.00 0
92227 0.00 0.00 0.00 0
92236 0.00 0.00 0.00 0
92237 0.00 0.00 0.00 0
92238 0.00 0.00 0.00 0
92239 0.00 0.00 0.00 0
92240 0.00 0.00 0.00 0
92241 0.00 0.00 0.00 0
92254 0.00 0.00 0.00 0
92255 0.00 0.00 0.00 0
92256 0.00 0.00 0.00 0
92257 0.00 0.00 0.00 0
92344 0.00 0.00 0.00 0
92345 0.00 0.00 0.00 0
92357 0.00 0.00 0.00 0
92358 0.00 0.00 0.00 0
92364 0.00 0.00 0.00 0
92365 0.00 0.00 0.00 0
92378 0.00 0.00 0.00 0
92379 0.00 0.00 0.00 0
92380 0.00 0.00 0.00 0
92398 0.00 0.00 0.00 0
92399 0.00 0.00 0.00 0
92400 0.00 0.00 0.00 0
92401 0.00 0.00 0.00 0
92423 0.00 0.00 0.00 0
92424 0.00 0.00 0.00 0
92425 0.00 0.00 0.00 0
92426 0.00 0.00 0.00 0
92427 0.00 0.00 0.00 0
92428 0.00 0.00 0.00 0
92442 0.00 0.00 0.00 0
92443 0.00 0.00 0.00 0
92444 0.00 0.00 0.00 0
93158 0.00 0.00 0.00 0
93159 0.00 0.00 0.00 0
93160 0.00 0.00 0.00 0
93171 0.00 0.00 0.00 0
93172 0.00 0.00 0.00 0
93173 0.00 0.00 0.00 0
93174 0.00 0.00 0.00 0
93185 0.00 0.00 0.00 0
93186 0.00 0.00 0.00 0
93187 0.00 0.00 0.00 0
93188 0.00 0.00 0.00 0
93189 0.00 0.00 0.00 0
93190 0.00 0.00 0.00 0
93191 0.00 0.00 0.00 0
93199 0.00 0.00 0.00 0
93200 0.00 0.00 0.00 0
93201 0.00 0.00 0.00 0
93202 0.00 0.00 0.00 0
93203 0.00 0.00 0.00 0
93204 0.00 0.00 0.00 0
93205 0.00 0.00 0.00 0
93206 0.00 0.00 0.00 0
93211 0.00 0.00 0.00 0
93212 0.00 0.00 0.00 0
93213 0.00 0.00 0.00 0
93214 0.00 0.00 0.00 0
93215 0.00 0.00 0.00 0
93216 0.00 0.00 0.00 0
93217 0.00 0.00 0.00 0
93222 0.00 0.00 0.00 0
93223 0.00 0.00 0.00 0
93224 0.00 0.00 0.00 0
93225 0.00 0.00 0.00 0
93226 0.00 0.00 0.00 0
93227 0.00 0.00 0.00 0
93228 0.00 0.00 0.00 0
93229 0.00 0.00 0.00 0
93233 0.00 0.00 0.00 0
93234 0.00 0.00 0.00 0
93235 0.00 0.00 0.00 0
93236 0.00 0.00 0.00 0
93237 0.00 0.00 0.00 0
93238 0.00 0.00 0.00 0
93239 0.00 0.00 0.00 0
93243 0.00 0.00 0.00 0
93244 0.00 0.00 0.00 0
93245 0.00 0.00 0.00 0
93246 0.00 0.00 0.00 0
93247 0.00 0.00 0.00 0
93252 0.00 0.00 0.00 0
93253 0.00 0.00 0.00 0
93254 0.00 0.00 0.00 0
93255 0.00 0.00 0.00 0
93259 0.00 0.00 0.00 0
93260 0.00 0.00 0.00 0
93261 0.00 0.00 0.00 0
93262 0.00 0.00 0.00 0
93266 0.00 0.00 0.00 0
93267 0.00 0.00 0.00 0
93268 0.00 0.00 0.00 0
93269 0.00 0.00 0.00 0
93281 0.00 0.00 0.00 0
93282 0.00 0.00 0.00 0
93283 0.00 0.00 0.00 0
93284 0.00 0.00 0.00 0
93285 0.00 0.00 0.00 0
93286 0.00 0.00 0.00 0
93287 0.00 0.00 0.00 0
93288 0.00 0.00 0.00 0
93289 0.00 0.00 0.00 0
93290 0.00 0.00 0.00 0
93291 0.00 0.00 0.00 0
93292 0.00 0.00 0.00 0
93293 0.00 0.00 0.00 0
93294 0.00 0.00 0.00 0
93295 0.00 0.00 0.00 0
93306 0.00 0.00 0.00 0
93307 0.00 0.00 0.00 0
93308 0.00 0.00 0.00 0
93309 0.00 0.00 0.00 0
93310 0.00 0.00 0.00 0
93311 0.00 0.00 0.00 0
93312 0.00 0.00 0.00 0
93313 0.00 0.00 0.00 0
93314 0.00 0.00 0.00 0
93315 0.00 0.00 0.00 0
93316 0.00 0.00 0.00 0
93317 0.00 0.00 0.00 0
93326 0.00 0.00 0.00 0
93327 0.00 0.00 0.00 0
93328 0.00 0.00 0.00 0
93329 0.00 0.00 0.00 0
93330 0.00 0.00 0.00 0
93331 0.00 0.00 0.00 0
93332 0.00 0.00 0.00 0
93333 0.00 0.00 0.00 0
93334 0.00 0.00 0.00 0
93342 0.00 0.00 0.00 0
93343 0.00 0.00 0.00 0
93344 0.00 0.00 0.00 0
93345 0.00 0.00 0.00 0
93346 0.00 0.00 0.00 0
93347 0.00 0.00 0.00 0
93348 0.00 0.00 0.00 0
93349 0.00 0.00 0.00 0
93350 0.00 0.00 0.00 0
93351 0.00 0.00 0.00 0
93352 0.00 0.00 0.00 0
93359 0.00 0.00 0.00 0
93360 0.00 0.00 0.00 0
93361 0.00 0.00 0.00 0
93362 0.00 0.00 0.00 0
93363 0.00 0.00 0.00 0
93364 0.00 0.00 0.00 0
93365 0.00 0.00 0.00 0
93366 0.00 0.00 0.00 0
93367 0.00 0.00 0.00 0
93374 0.00 0.00 0.00 0
93375 0.00 0.00 0.00 0
93376 0.00 0.00 0.00 0
93377 0.00 0.00 0.00 0
93378 0.00 0.00 0.00 0
93379 0.00 0.00 0.00 0
93380 0.00 0.00 0.00 0
93387 0.00 0.00 0.00 0
93388 0.00 0.00 0.00 0
93389 0.00 0.00 0.00 0
93390 0.00 0.00 0.00 0
93396 0.00 0.00 0.00 0
93397 0.00 0.00 0.00 0
93398 0.00 0.00 0.00 0
93399 0.00 0.00 0.00 0
93400 0.00 0.00 0.00 0
93406 0.00 0.00 0.00 0
93407 0.00 0.00 0.00 0
93408 0.00 0.00 0.00 0
93409 0.00 0.00 0.00 0
93410 0.00 0.00 0.00 0
93411 0.00 0.00 0.00 0
93420 0.00 0.00 0.00 0
93421 0.00 0.00 0.00 0
93422 0.00 0.00 0.00 0
93423 0.00 0.00 0.00 0
93424 0.00 0.00 0.00 0
93425 0.00 0.00 0.00 0
93435 0.00 0.00 0.00 0
93436 0.00 0.00 0.00 0
93437 0.00 0.00 0.00 0
93487 0.00 0.00 0.00 0
93488 0.00 0.00 0.00 0
93497 0.00 0.00 0.00 0
93498 0.00 0.00 0.00 0
93500 0.00 0.00 0.00 0
93501 0.00 0.00 0.00 0
93507 0.00 0.00 0.00 0
93508 0.00 0.00 0.00 0
93509 0.00 0.00 0.00 0
93521 0.00 0.00 0.00 0
93522 0.00 0.00 0.00 0
93523 0.00 0.00 0.00 0
93537 0.00 0.00 0.00 0
93538 0.00 0.00 0.00 0
93539 0.00 0.00 0.00 0
93554 0.00 0.00 0.00 0
93555 0.00 0.00 0.00 0
93556 0.00 0.00 0.00 0
93569 0.00 0.00 0.00 0
93570 0.00 0.00 0.00 0
94334 0.00 0.00 0.00 0
94335 0.00 0.00 0.00 0
94336 0.00 0.00 0.00 0
94337 0.00 0.00 0.00 0
94347 0.00 0.00 0.00 0
94348 0.00 0.00 0.00 0
94349 0.00 0.00 0.00 0
94350 0.00 0.00 0.00 0
94351 0.00 0.00 0.00 0
94352 0.00 0.00 0.00 0
94356 0.00 0.00 0.00 0
94357 0.00 0.00 0.00 0
94358 0.00 0.00 0.00 0
94359 0.00 0.00 0.00 0
94360 0.00 0.00 0.00 0
94361 0.00 0.00 0.00 0
94362 0.00 0.00 0.00 0
94363 0.00 0.00 0.00 0
94364 0.00 0.00 0.00 0
94369 0.00 0.00 0.00 0
94370 0.00 0.00 0.00 0
94371 0.00 0.00 0.00 0
94372 0.00 0.00 0.00 0
94373 0.00 0.00 0.00 0
94374 0.00 0.00 0.00 0
94375 0.00 0.00 0.00 0
94380 0.00 0.00 0.00 0
94381 0.00 0.00 0.00 0
94382 0.00 0.00 0.00 0
94383 0.00 0.00 0.00 0
94384 0.00 0.00 0.00 0
94385 0.00 0.00 0.00 0
94386 0.00 0.00 0.00 0
94391 0.00 0.00 0.00 0
94392 0.00 0.00 0.00 0
94393 0.00 0.00 0.00 0
94394 0.00 0.00 0.00 0
94395 0.00 0.00 0.00 0
94396 0.00 0.00 0.00 0
94397 0.00 0.00 0.00 0
94398 0.00 0.00 0.00 0
94399 0.00 0.00 0.00 0
94403 0.00 0.00 0.00 0
94404 0.00 0.00 0.00 0
94405 0.00 0.00 0.00 0
94406 0.00 0.00 0.00 0
94407 0.00 0.00 0.00 0
94408 0.00 0.00 0.00 0
94409 0.00 0.00 0.00 0
94410 0.00 0.00 0.00 0
94415 0.00 0.00 0.00 0
94416 0.00 0.00 0.00 0
94417 0.00 0.00 0.00 0
94418 0.00 0.00 0.00 0
94419 0.00 0.00 0.00 0
94424 0.00 0.00 0.00 0
94425 0.00 0.00 0.00 0
94426 0.00 0.00 0.00 0
94430 0.00 0.00 0.00 0
94431 0.00 0.00 0.00 0
94432 0.00 0.00 0.00 0
94437 0.00 0.00 0.00 0
94438 0.00 0.00 0.00 0
94439 0.00 0.00 0.00 0
94440 0.00 0.00 0.00 0
94441 0.00 0.00 0.00 0
94442 0.00 0.00 0.00 0
94443 0.00 0.00 0.00 0
94444 0.00 0.00 0.00 0
94445 0.00 0.00 0.00 0
94446 0.00 0.00 0.00 0
94447 0.00 0.00 0.00 0
94452 0.00 0.00 0.00 0
94453 0.00 0.00 0.00 0
94454 0.00 0.00 0.00 0
94455 0.00 0.00 0.00 0
94456 0.00 0.00 0.00 0
94457 0.00 0.00 0.00 0
94458 0.00 0.00 0.00 0
94459 0.00 0.00 0.00 0
94460 0.00 0.00 0.00 0
94461 0.00 0.00 0.00 0
94462 0.00 0.00 0.00 0
94463 0.00 0.00 0.00 0
94464 0.00 0.00 0.00 0
94470 0.00 0.00 0.00 0
94471 0.00 0.00 0.00 0
94472 0.00 0.00 0.00 0
94473 0.00 0.00 0.00 0
94474 0.00 0.00 0.00 0
94475 0.00 0.00 0.00 0
94476 0.00 0.00 0.00 0
94477 0.00 0.00 0.00 0
94478 0.00 0.00 0.00 0
94479 0.00 0.00 0.00 0
94480 0.00 0.00 0.00 0
94481 0.00 0.00 0.00 0
94482 0.00 0.00 0.00 0
94489 0.00 0.00 0.00 0
94490 0.00 0.00 0.00 0
94491 0.00 0.00 0.00 0
94492 0.00 0.00 0.00 0
94493 0.00 0.00 0.00 0
94494 0.00 0.00 0.00 0
94495 0.00 0.00 0.00 0
94496 0.00 0.00 0.00 0
94497 0.00 0.00 0.00 0
94498 0.00 0.00 0.00 0
94505 0.00 0.00 0.00 0
94506 0.00 0.00 0.00 0
94507 0.00 0.00 0.00 0
94508 0.00 0.00 0.00 0
94509 0.00 0.00 0.00 0
94510 0.00 0.00 0.00 0
94511 0.00 0.00 0.00 0
94512 0.00 0.00 0.00 0
94513 0.00 0.00 0.00 0
94514 0.00 0.00 0.00 0
94515 0.00 0.00 0.00 0
94516 0.00 0.00 0.00 0
94517 0.00 0.00 0.00 0
94523 0.00 0.00 0.00 0
94524 0.00 0.00 0.00 0
94525 0.00 0.00 0.00 0
94526 0.00 0.00 0.00 0
94527 0.00 0.00 0.00 0
94528 0.00 0.00 0.00 0
94529 0.00 0.00 0.00 0
94530 0.00 0.00 0.00 0
94531 0.00 0.00 0.00 0
94532 0.00 0.00 0.00 0
94533 0.00 0.00 0.00 0
94540 0.00 0.00 0.00 0
94541 0.00 0.00 0.00 0
94542 0.00 0.00 0.00 0
94543 0.00 0.00 0.00 0
94544 0.00 0.00 0.00 0
94549 0.00 0.00 0.00 0
94550 0.00 0.00 0.00 0
94551 0.00 0.00 0.00 0
94552 0.00 0.00 0.00 0
94553 0.00 0.00 0.00 0
94554 0.00 0.00 0.00 0
94562 0.00 0.00 0.00 0
94563 0.00 0.00 0.00 0
94564 0.00 0.00 0.00 0
94565 0.00 0.00 0.00 0
94566 0.00 0.00 0.00 0
94567 0.00 0.00 0.00 0
94568 0.00 0.00 0.00 0
94578 0.00 0.00 0.00 0
94579 0.00 0.00 0.00 0
94580 0.00 0.00 0.00 0
94581 0.00 0.00 0.00 0
94582 0.00 0.00 0.00 0
94583 0.00 0.00 0.00 0
94595 0.00 0.00 0.00 0
94596 0.00 0.00 0.00 0
94628 0.00 0.00 0.00 0
94629 0.00 0.00 0.00 0
94630 0.00 0.00 0.00 0
94633 0.00 0.00 0.00 0
94634 0.00 0.00 0.00 0
94635 0.00 0.00 0.00 0
94636 0.00 0.00 0.00 0
94637 0.00 0.00 0.00 0
94638 0.00 0.00 0.00 0
94639 0.00 0.00 0.00 0
94640 0.00 0.00 0.00 0
94641 0.00 0.00 0.00 0
94650 0.00 0.00 0.00 0
94651 0.00 0.00 0.00 0
94652 0.00 0.00 0.00 0
94653 0.00 0.00 0.00 0
94654 0.00 0.00 0.00 0
94655 0.00 0.00 0.00 0
94656 0.00 0.00 0.00 0
94657 0.00 0.00 0.00 0
94658 0.00 0.00 0.00 0
94661 0.00 0.00 0.00 0
94662 0.00 0.00 0.00 0
94663 0.00 0.00 0.00 0
94664 0.00 0.00 0.00 0
94665 0.00 0.00 0.00 0
94666 0.00 0.00 0.00 0
94667 0.00 0.00 0.00 0
94668 0.00 0.00 0.00 0
94672 0.00 0.00 0.00 0
94673 0.00 0.00 0.00 0
94674 0.00 0.00 0.00 0
94675 0.00 0.00 0.00 0
94676 0.00 0.00 0.00 0
94677 0.00 0.00 0.00 0
94688 0.00 0.00 0.00 0
94689 0.00 0.00 0.00 0
94690 0.00 0.00 0.00 0
94691 0.00 0.00 0.00 0
94701 0.00 0.00 0.00 0
94702 0.00 0.00 0.00 0
94710 0.00 0.00 0.00 0
94711 0.00 0.00 0.00 0
94722 0.00 0.00 0.00 0
94723 0.00 0.00 0.00 0
95464 0.00 0.00 0.00 0
95465 0.00 0.00 0.00 0
95466 0.00 0.00 0.00 0
95467 0.00 0.00 0.00 0
95468 0.00 0.00 0.00 0
95469 0.00 0.00 0.00 0
95475 0.00 0.00 0.00 0
95476 0.00 0.00 0.00 0
95477 0.00 0.00 0.00 0
95478 0.00 0.00 0.00 0
95479 0.00 0.00 0.00 0
95480 0.00 0.00 0.00 0
95481 0.00 0.00 0.00 0
95486 0.00 0.00 0.00 0
95487 0.00 0.00 0.00 0
95488 0.00 0.00 0.00 0
95489 0.00 0.00 0.00 0
95490 0.00 0.00 0.00 0
95491 0.00 0.00 0.00 0
95498 0.00 0.00 0.00 0
95499 0.00 0.00 0.00 0
95500 0.00 0.00 0.00 0
95501 0.00 0.00 0.00 0
95502 0.00 0.00 0.00 0
95503 0.00 0.00 0.00 0
95510 0.00 0.00 0.00 0
95511 0.00 0.00 0.00 0
95512 0.00 0.00 0.00 0
95513 0.00 0.00 0.00 0
95514 0.00 0.00 0.00 0
95515 0.00 0.00 0.00 0
95522 0.00 0.00 0.00 0
95523 0.00 0.00 0.00 0
95524 0.00 0.00 0.00 0
95525 0.00 0.00 0.00 0
95526 0.00 0.00 0.00 0
95527 0.00 0.00 0.00 0
95528 0.00 0.00 0.00 0
95529 0.00 0.00 0.00 0
95535 0.00 0.00 0.00 0
95536 0.00 0.00 0.00 0
95537 0.00 0.00 0.00 0
95538 0.00 0.00 0.00 0
95539 0.00 0.00 0.00 0
95540 0.00 0.00 0.00 0
95541 0.00 0.00 0.00 0
95542 0.00 0.00 0.00 0
95543 0.00 0.00 0.00 0
95544 0.00 0.00 0.00 0
95549 0.00 0.00 0.00 0
95550 0.00 0.00 0.00 0
95551 0.00 0.00 0.00 0
95552 0.00 0.00 0.00 0
95553 0.00 0.00 0.00 0
95554 0.00 0.00 0.00 0
95555 0.00 0.00 0.00 0
95563 0.00 0.00 0.00 0
95564 0.00 0.00 0.00 0
95565 0.00 0.00 0.00 0
95566 0.00 0.00 0.00 0
95567 0.00 0.00 0.00 0
95572 0.00 0.00 0.00 0
95573 0.00 0.00 0.00 0
95574 0.00 0.00 0.00 0
95575 0.00 0.00 0.00 0
95580 0.00 0.00 0.00 0
95581 0.00 0.00 0.00 0
95582 0.00 0.00 0.00 0
95583 0.00 0.00 0.00 0
95584 0.00 0.00 0.00 0
95585 0.00 0.00 0.00 0
95586 0.00 0.00 0.00 0
95587 0.00 0.00 0.00 0
95588 0.00 0.00 0.00 0
95594 0.00 0.00 0.00 0
95595 0.00 0.00 0.00 0
95596 0.00 0.00 0.00 0
95597 0.00 0.00 0.00 0
95598 0.00 0.00 0.00 0
95599 0.00 0.00 0.00 0
95600 0.00 0.00 0.00 0
95601 0.00 0.00 0.00 0
95602 0.00 0.00 0.00 0
95603 0.00 0.00 0.00 0
95604 0.00 0.00 0.00 0
95605 0.00 0.00 0.00 0
95606 0.00 0.00 0.00 0
95613 0.00 0.00 0.00 0
95614 0.00 0.00 0.00 0
95615 0.00 0.00 0.00 0
95616 0.00 0.00 0.00 0
95617 0.00 0.00 0.00 0
95618 0.00 0.00 0.00 0
95619 0.00 0.00 0.00 0
95620 0.00 0.00 0.00 0
95621 0.00 0.00 0.00 0
95622 0.00 0.00 0.00 0
95623 0.00 0.00 0.00 0
95624 0.00 0.00 0.00 0
95625 0.00 0.00 0.00 0
95626 0.00 0.00 0.00 0
95634 0.00 0.00 0.00 0
95635 0.00 0.00 0.00 0
95636 0.00 0.00 0.00 0
95637 0.00 0.00 0.00 0
95638 0.00 0.00 0.00 0
95639 0.00 0.00 0.00 0
95640 0.00 0.00 0.00 0
95641 0.00 0.00 0.00 0
95642 0.00 0.00 0.00 0
95643 0.00 0.00 0.00 0
95644 0.00 0.00 0.00 0
95650 0.00 0.00 0.00 0
95651 0.00 0.00 0.00 0
95652 0.00 0.00 0.00 0
95653 0.00 0.00 0.00 0
95654 0.00 0.00 0.00 0
95655 0.00 0.00 0.00 0
95657 0.00 0.00 0.00 0
95658 0.00 0.00 0.00 0
95659 0.00 0.00 0.00 0
95660 0.00 0.00 0.00 0
95661 0.00 0.00 0.00 0
95662 0.00 0.00 0.00 0
95663 0.00 0.00 0.00 0
95664 0.00 0.00 0.00 0
95665 0.00 0.00 0.00 0
95666 0.00 0.00 0.00 0
95667 0.00 0.00 0.00 0
95668 0.00 0.00 0.00 0
95669 0.00 0.00 0.00 0
95670 0.00 0.00 0.00 0
95675 0.00 0.00 0.00 0
95676 0.00 0.00 0.00 0
95677 0.00 0.00 0.00 0
95678 0.00 0.00 0.00 0
95679 0.00 0.00 0.00 0
95680 0.00 0.00 0.00 0
95681 0.00 0.00 0.00 0
95682 0.00 0.00 0.00 0
95683 0.00 0.00 0.00 0
95689 0.00 0.00 0.00 0
95690 0.00 0.00 0.00 0
95691 0.00 0.00 0.00 0
95692 0.00 0.00 0.00 0
95693 0.00 0.00 0.00 0
95694 0.00 0.00 0.00 0
95695 0.00 0.00 0.00 0
95696 0.00 0.00 0.00 0
95704 0.00 0.00 0.00 0
95705 0.00 0.00 0.00 0
95706 0.00 0.00 0.00 0
95707 0.00 0.00 0.00 0
95708 0.00 0.00 0.00 0
95718 0.00 0.00 0.00 0
95720 0.00 0.00 0.00 0
95721 0.00 0.00 0.00 0
95722 0.00 0.00 0.00 0
95731 0.00 0.00 0.00 0
95754 0.00 0.00 0.00 0
95755 0.00 0.00 0.00 0
95756 0.00 0.00 0.00 0
95757 0.00 0.00 0.00 0
95758 0.00 0.00 0.00 0
95759 0.00 0.00 0.00 0
95760 0.00 0.00 0.00 0
95761 0.00 0.00 0.00 0
95762 0.00 0.00 0.00 0
95763 0.00 0.00 0.00 0
95764 0.00 0.00 0.00 0
95767 0.00 0.00 0.00 0
95768 0.00 0.00 0.00 0
95769 0.00 0.00 0.00 0
95770 0.00 0.00 0.00 0
95771 0.00 0.00 0.00 0
95772 0.00 0.00 0.00 0
95773 0.00 0.00 0.00 0
95774 0.00 0.00 0.00 0
95775 0.00 0.00 0.00 0
95776 0.00 0.00 0.00 0
95777 0.00 0.00 0.00 0
95778 0.00 0.00 0.00 0
95783 0.00 0.00 0.00 0
95784 0.00 0.00 0.00 0
95785 0.00 0.00 0.00 0
95786 0.00 0.00 0.00 0
95787 0.00 0.00 0.00 0
95788 0.00 0.00 0.00 0
95789 0.00 0.00 0.00 0
95790 0.00 0.00 0.00 0
95791 0.00 0.00 0.00 0
95792 0.00 0.00 0.00 0
95793 0.00 0.00 0.00 0
95794 0.00 0.00 0.00 0
95802 0.00 0.00 0.00 0
95803 0.00 0.00 0.00 0
95804 0.00 0.00 0.00 0
95807 0.00 0.00 0.00 0
95808 0.00 0.00 0.00 0
95809 0.00 0.00 0.00 0
95813 0.00 0.00 0.00 0
95814 0.00 0.00 0.00 0
95815 0.00 0.00 0.00 0
95816 0.00 0.00 0.00 0
95826 0.00 0.00 0.00 0
95827 0.00 0.00 0.00 0
95828 0.00 0.00 0.00 0
95838 0.00 0.00 0.00 0
95839 0.00 0.00 0.00 0
95848 0.00 0.00 0.00 0
95849 0.00 0.00 0.00 0
95850 0.00 0.00 0.00 0
95860 0.00 0.00 0.00 0
95861 0.00 0.00 0.00 0
95862 0.00 0.00 0.00 0
96577 0.00 0.00 0.00 0
96578 0.00 0.00 0.00 0
96579 0.00 0.00 0.00 0
96587 0.00 0.00 0.00 0
96588 0.00 0.00 0.00 0
96589 0.00 0.00 0.00 0
96590 0.00 0.00 0.00 0
96591 0.00 0.00 0.00 0
96597 0.00 0.00 0.00 0
96598 0.00 0.00 0.00 0
96599 0.00 0.00 0.00 0
96600 0.00 0.00 0.00 0
96601 0.00 0.00 0.00 0
96608 0.00 0.00 0.00 0
96609 0.00 0.00 0.00 0
96610 0.00 0.00 0.00 0
96611 0.00 0.00 0.00 0
96620 0.00 0.00 0.00 0
96621 0.00 0.00 0.00 0
96622 0.00 0.00 0.00 0
96623 0.00 0.00 0.00 0
96624 0.00 0.00 0.00 0
96631 0.00 0.00 0.00 0
96632 0.00 0.00 0.00 0
96633 0.00 0.00 0.00 0
96634 0.00 0.00 0.00 0
96635 0.00 0.00 0.00 0
96636 0.00 0.00 0.00 0
96644 0.00 0.00 0.00 0
96645 0.00 0.00 0.00 0
96646 0.00 0.00 0.00 0
96647 0.00 0.00 0.00 0
96648 0.00 0.00 0.00 0
96649 0.00 0.00 0.00 0
96650 0.00 0.00 0.00 0
96651 0.00 0.00 0.00 0
96652 0.00 0.00 0.00 0
96661 0.00 0.00 0.00 0
96662 0.00 0.00 0.00 0
96663 0.00 0.00 0.00 0
96664 0.00 0.00 0.00 0
96665 0.00 0.00 0.00 0
96666 0.00 0.00 0.00 0
96667 0.00 0.00 0.00 0
96680 0.00 0.00 0.00 0
96681 0.00 0.00 0.00 0
96682 0.00 0.00 0.00 0
96683 0.00 0.00 0.00 0
96692 0.00 0.00 0.00 0
96693 0.00 0.00 0.00 0
96694 0.00 0.00 0.00 0
96695 0.00 0.00 0.00 0
96702 0.00 0.00 0.00 0
96703 0.00 0.00 0.00 0
96704 0.00 0.00 0.00 0
96705 0.00 0.00 0.00 0
96715 0.00 0.00 0.00 0
96716 0.00 0.00 0.00 0
96717 0.00 0.00 0.00 0
96718 0.00 0.00 0.00 0
96719 0.00 0.00 0.00 0
96720 0.00 0.00 0.00 0
96721 0.00 0.00 0.00 0
96722 0.00 0.00 0.00 0
96723 0.00 0.00 0.00 0
96724 0.00 0.00 0.00 0
96731 0.00 0.00 0.00 0
96732 0.00 0.00 0.00 0
96733 0.00 0.00 0.00 0
96734 0.00 0.00 0.00 0
96735 0.00 0.00 0.00 0
96736 0.00 0.00 0.00 0
96737 0.00 0.00 0.00 0
96738 0.00 0.00 0.00 0
96739 0.00 0.00 0.00 0
96740 0.00 0.00 0.00 0
96741 0.00 0.00 0.00 0
96747 0.00 0.00 0.00 0
96748 0.00 0.00 0.00 0
96749 0.00 0.00 0.00 0
96750 0.00 0.00 0.00 0
96751 0.00 0.00 0.00 0
96752 0.00 0.00 0.00 0
96753 0.00 0.00 0.00 0
96754 0.00 0.00 0.00 0
96755 0.00 0.00 0.00 0
96756 0.00 0.00 0.00 0
96757 0.00 0.00 0.00 0
96760 0.00 0.00 0.00 0
96761 0.00 0.00 0.00 0
96762 0.00 0.00 0.00 0
96763 0.00 0.00 0.00 0
96764 0.00 0.00 0.00 0
96765 0.00 0.00 0.00 0
96766 0.00 0.00 0.00 0
96769 0.00 0.00 0.00 0
96770 0.00 0.00 0.00 0
96771 0.00 0.00 0.00 0
96772 0.00 0.00 0.00 0
96773 0.00 0.00 0.00 0
96774 0.00 0.00 0.00 0
96775 0.00 0.00 0.00 0
96778 0.00 0.00 0.00 0
96779 0.00 0.00 0.00 0
96780 0.00 0.00 0.00 0
96781 0.00 0.00 0.00 0
96782 0.00 0.00 0.00 0
96783 0.00 0.00 0.00 0
96784 0.00 0.00 0.00 0
96785 0.00 0.00 0.00 0
96786 0.00 0.00 0.00 0
96789 0.00 0.00 0.00 0
96790 0.00 0.00 0.00 0
96791 0.00 0.00 0.00 0
96792 0.00 0.00 0.00 0
96793 0.00 0.00 0.00 0
96794 0.00 0.00 0.00 0
96801 0.00 0.00 0.00 0
96802 0.00 0.00 0.00 0
96803 0.00 0.00 0.00 0
96804 0.00 0.00 0.00 0
96811 0.00 0.00 0.00 0
96812 0.00 0.00 0.00 0
96813 0.00 0.00 0.00 0
96820 0.00 0.00 0.00 0
96828 0.00 0.00 0.00 0
96833 0.00 0.00 0.00 0
96834 0.00 0.00 0.00 0
96835 0.00 0.00 0.00 0
96836 0.00 0.00 0.00 0
96837 0.00 0.00 0.00 0
96838 0.00 0.00 0.00 0
96839 0.00 0.00 0.00 0
96840 0.00 0.00 0.00 0
96844 0.00 0.00 0.00 0
96845 0.00 0.00 0.00 0
96846 0.00 0.00 0.00 0
96847 0.00 0.00 0.00 0
96848 0.00 0.00 0.00 0
96849 0.00 0.00 0.00 0
96850 0.00 0.00 0.00 0
96851 0.00 0.00 0.00 0
96852 0.00 0.00 0.00 0
96853 0.00 0.00 0.00 0
96854 0.00 0.00 0.00 0
96855 0.00 0.00 0.00 0
96856 0.00 0.00 0.00 0
96857 0.00 0.00 0.00 0
96862 0.00 0.00 0.00 0
96863 0.00 0.00 0.00 0
96864 0.00 0.00 0.00 0
96865 0.00 0.00 0.00 0
96866 0.00 0.00 0.00 0
96867 0.00 0.00 0.00 0
96868 0.00 0.00 0.00 0
96869 0.00 0.00 0.00 0
96870 0.00 0.00 0.00 0
96871 0.00 0.00 0.00 0
96872 0.00 0.00 0.00 0
96873 0.00 0.00 0.00 0
96874 0.00 0.00 0.00 0
96875 0.00 0.00 0.00 0
96877 0.00 0.00 0.00 0
96878 0.00 0.00 0.00 0
96879 0.00 0.00 0.00 0
96880 0.00 0.00 0.00 0
96881 0.00 0.00 0.00 0
96882 0.00 0.00 0.00 0
96888 0.00 0.00 0.00 0
96889 0.00 0.00 0.00 0
96890 0.00 0.00 0.00 0
96891 0.00 0.00 0.00 0
96897 0.00 0.00 0.00 0
96898 0.00 0.00 0.00 0
96899 0.00 0.00 0.00 0
96901 0.00 0.00 0.00 0
96902 0.00 0.00 0.00 0
96909 0.00 0.00 0.00 0
96910 0.00 0.00 0.00 0
96911 0.00 0.00 0.00 0
96922 0.00 0.00 0.00 0
96923 0.00 0.00 0.00 0
96934 0.00 0.00 0.00 0
96935 0.00 0.00 0.00 0
96944 0.00 0.00 0.00 0
96945 0.00 0.00 0.00 0
96953 0.00 0.00 0.00 0
96954 0.00 0.00 0.00 0
97652 0.00 0.00 0.00 0
97653 0.00 0.00 0.00 0
97654 0.00 0.00 0.00 0
97661 0.00 0.00 0.00 0
97662 0.00 0.00 0.00 0
97663 0.00 0.00 0.00 0
97664 0.00 0.00 0.00 0
97670 0.00 0.00 0.00 0
97671 0.00 0.00 0.00 0
97672 0.00 0.00 0.00 0
97673 0.00 0.00 0.00 0
97679 0.00 0.00 0.00 0
97680 0.00 0.00 0.00 0
97681 0.00 0.00 0.00 0
97682 0.00 0.00 0.00 0
97689 0.00 0.00 0.00 0
97690 0.00 0.00 0.00 0
97691 0.00 0.00 0.00 0
97692 0.00 0.00 0.00 0
97693 0.00 0.00 0.00 0
97694 0.00 0.00 0.00 0
97700 0.00 0.00 0.00 0
97701 0.00 0.00 0.00 0
97702 0.00 0.00 0.00 0
97703 0.00 0.00 0.00 0
97704 0.00 0.00 0.00 0
97705 0.00 0.00 0.00 0
97706 0.00 0.00 0.00 0
97714 0.00 0.00 0.00 0
97715 0.00 0.00 0.00 0
97716 0.00 0.00 0.00 0
97717 0.00 0.00 0.00 0
97718 0.00 0.00 0.00 0
97719 0.00 0.00 0.00 0
97720 0.00 0.00 0.00 0
97732 0.00 0.00 0.00 0
97733 0.00 0.00 0.00 0
97734 0.00 0.00 0.00 0
97735 0.00 0.00 0.00 0
97736 0.00 0.00 0.00 0
97737 0.00 0.00 0.00 0
97738 0.00 0.00 0.00 0
97744 0.00 0.00 0.00 0
97745 0.00 0.00 0.00 0
97746 0.00 0.00 0.00 0
97747 0.00 0.00 0.00 0
97757 0.00 0.00 0.00 0
97758 0.00 0.00 0.00 0
97767 0.00 0.00 0.00 0
97768 0.00 0.00 0.00 0
97769 0.00 0.00 0.00 0
97770 0.00 0.00 0.00 0
97771 0.00 0.00 0.00 0
97776 0.00 0.00 0.00 0
97777 0.00 0.00 0.00 0
97778 0.00 0.00 0.00 0
97779 0.00 0.00 0.00 0
97780 0.00 0.00 0.00 0
97781 0.00 0.00 0.00 0
97782 0.00 0.00 0.00 0
97783 0.00 0.00 0.00 0
97787 0.00 0.00 0.00 0
97788 0.00 0.00 0.00 0
97789 0.00 0.00 0.00 0
97790 0.00 0.00 0.00 0
97791 0.00 0.00 0.00 0
97792 0.00 0.00 0.00 0
97793 0.00 0.00 0.00 0
97794 0.00 0.00 0.00 0
97795 0.00 0.00 0.00 0
97796 0.00 0.00 0.00 0
97799 0.00 0.00 0.00 0
97800 0.00 0.00 0.00 0
97801 0.00 0.00 0.00 0
97802 0.00 0.00 0.00 0
97803 0.00 0.00 0.00 0
97804 0.00 0.00 0.00 0
97805 0.00 0.00 0.00 0
97806 0.00 0.00 0.00 0
97807 0.00 0.00 0.00 0
97811 0.00 0.00 0.00 0
97812 0.00 0.00 0.00 0
97813 0.00 0.00 0.00 0
97816 0.00 0.00 0.00 0
97817 0.00 0.00 0.00 0
97818 0.00 0.00 0.00 0
97819 0.00 0.00 0.00 0
97820 0.00 0.00 0.00 0
97821 0.00 0.00 0.00 0
97822 0.00 0.00 0.00 0
97823 0.00 0.00 0.00 0
97826 0.00 0.00 0.00 0
97827 0.00 0.00 0.00 0
97828 0.00 0.00 0.00 0
97829 0.00 0.00 0.00 0
97830 0.00 0.00 0.00 0
97831 0.00 0.00 0.00 0
97832 0.00 0.00 0.00 0
97833 0.00 0.00 0.00 0
97834 0.00 0.00 0.00 0
97835 0.00 0.00 0.00 0
97836 0.00 0.00 0.00 0
97841 0.00 0.00 0.00 0
97842 0.00 0.00 0.00 0
97843 0.00 0.00 0.00 0
97844 0.00 0.00 0.00 0
97845 0.00 0.00 0.00 0
97846 0.00 0.00 0.00 0
97847 0.00 0.00 0.00 0
97848 0.00 0.00 0.00 0
97854 0.00 0.00 0.00 0
97855 0.00 0.00 0.00 0
97856 0.00 0.00 0.00 0
97857 0.00 0.00 0.00 0
97864 0.00 0.00 0.00 0
97865 0.00 0.00 0.00 0
97866 0.00 0.00 0.00 0
97872 0.00 0.00 0.00 0
97873 0.00 0.00 0.00 0
97874 0.00 0.00 0.00 0
97875 0.00 0.00 0.00 0
97876 0.00 0.00 0.00 0
97877 0.00 0.00 0.00 0
97878 0.00 0.00 0.00 0
97879 0.00 0.00 0.00 0
97880 0.00 0.00 0.00 0
97881 0.00 0.00 0.00 0
97882 0.00 0.00 0.00 0
97883 0.00 0.00 0.00 0
97885 0.00 0.00 0.00 0
97886 0.00 0.00 0.00 0
97887 0.00 0.00 0.00 0
97888 0.00 0.00 0.00 0
97889 0.00 0.00 0.00 0
97890 0.00 0.00 0.00 0
97891 0.00 0.00 0.00 0
97892 0.00 0.00 0.00 0
97893 0.00 0.00 0.00 0
97894 0.00 0.00 0.00 0
97895 0.00 0.00 0.00 0
97896 0.00 0.00 0.00 0
97897 0.00 0.00 0.00 0
97898 0.00 0.00 0.00 0
97899 0.00 0.00 0.00 0
97901 0.00 0.00 0.00 0
97902 0.00 0.00 0.00 0
97903 0.00 0.00 0.00 0
97904 0.00 0.00 0.00 0
97905 0.00 0.00 0.00 0
97906 0.00 0.00 0.00 0
97907 0.00 0.00 0.00 0
97908 0.00 0.00 0.00 0
97909 0.00 0.00 0.00 0
97910 0.00 0.00 0.00 0
97913 0.00 0.00 0.00 0
97915 0.00 0.00 0.00 0
97916 0.00 0.00 0.00 0
97917 0.00 0.00 0.00 0
97918 0.00 0.00 0.00 0
97919 0.00 0.00 0.00 0
97920 0.00 0.00 0.00 0
97921 0.00 0.00 0.00 0
97922 0.00 0.00 0.00 0
97929 0.00 0.00 0.00 0
97930 0.00 0.00 0.00 0
97931 0.00 0.00 0.00 0
97932 0.00 0.00 0.00 0
97933 0.00 0.00 0.00 0
97934 0.00 0.00 0.00 0
97935 0.00 0.00 0.00 0
97936 0.00 0.00 0.00 0
97942 0.00 0.00 0.00 0
97943 0.00 0.00 0.00 0
97944 0.00 0.00 0.00 0
97945 0.00 0.00 0.00 0
97946 0.00 0.00 0.00 0
97952 0.00 0.00 0.00 0
97953 0.00 0.00 0.00 0
97954 0.00 0.00 0.00 0
97964 0.00 0.00 0.00 0
97965 0.00 0.00 0.00 0
97966 0.00 0.00 0.00 0
97979 0.00 0.00 0.00 0
97990 0.00 0.00 0.00 0
97999 0.00 0.00 0.00 0
98000 0.00 0.00 0.00 0
98006 0.00 0.00 0.00 0
98007 0.00 0.00 0.00 0
98008 0.00 0.00 0.00 0
98678 0.00 0.00 0.00 0
98679 0.00 0.00 0.00 0
98680 0.00 0.00 0.00 0
98687 0.00 0.00 0.00 0
98688 0.00 0.00 0.00 0
98689 0.00 0.00 0.00 0
98695 0.00 0.00 0.00 0
98696 0.00 0.00 0.00 0
98697 0.00 0.00 0.00 0
98704 0.00 0.00 0.00 0
98705 0.00 0.00 0.00 0
98706 0.00 0.00 0.00 0
98713 0.00 0.00 0.00 0
98714 0.00 0.00 0.00 0
98715 0.00 0.00 0.00 0
98716 0.00 0.00 0.00 0
98717 0.00 0.00 0.00 0
98718 0.00 0.00 0.00 0
98724 0.00 0.00 0.00 0
98725 0.00 0.00 0.00 0
98726 0.00 0.00 0.00 0
98727 0.00 0.00 0.00 0
98728 0.00 0.00 0.00 0
98729 0.00 0.00 0.00 0
98730 0.00 0.00 0.00 0
98737 0.00 0.00 0.00 0
98738 0.00 0.00 0.00 0
98739 0.00 0.00 0.00 0
98740 0.00 0.00 0.00 0
98741 0.00 0.00 0.00 0
98742 0.00 0.00 0.00 0
98743 0.00 0.00 0.00 0
98744 0.00 0.00 0.00 0
98753 0.00 0.00 0.00 0
98754 0.00 0.00 0.00 0
98755 0.00 0.00 0.00 0
98756 0.00 0.00 0.00 0
98757 0.00 0.00 0.00 0
98758 0.00 0.00 0.00 0
98759 0.00 0.00 0.00 0
98760 0.00 0.00 0.00 0
98761 0.00 0.00 0.00 0
98764 0.00 0.00 0.00 0
98765 0.00 0.00 0.00 0
98766 0.00 0.00 0.00 0
98767 0.00 0.00 0.00 0
98768 0.00 0.00 0.00 0
98769 0.00 0.00 0.00 0
98770 0.00 0.00 0.00 0
98771 0.00 0.00 0.00 0
98772 0.00 0.00 0.00 0
98773 0.00 0.00 0.00 0
98782 0.00 0.00 0.00 0
98783 0.00 0.00 0.00 0
98784 0.00 0.00 0.00 0
98785 0.00 0.00 0.00 0
98789 0.00 0.00 0.00 0
98790 0.00 0.00 0.00 0
98791 0.00 0.00 0.00 0
98792 0.00 0.00 0.00 0
98795 0.00 0.00 0.00 0
98796 0.00 0.00 0.00 0
98797 0.00 0.00 0.00 0
98798 0.00 0.00 0.00 0
98799 0.00 0.00 0.00 0
98800 0.00 0.00 0.00 0
98801 0.00 0.00 0.00 0
98805 0.00 0.00 0.00 0
98806 0.00 0.00 0.00 0
98807 0.00 0.00 0.00 0
98808 0.00 0.00 0.00 0
98809 0.00 0.00 0.00 0
98810 0.00 0.00 0.00 0
98811 0.00 0.00 0.00 0
98812 0.00 0.00 0.00 0
98813 0.00 0.00 0.00 0
98814 0.00 0.00 0.00 0
98818 0.00 0.00 0.00 0
98819 0.00 0.00 0.00 0
98820 0.00 0.00 0.00 0
98821 0.00 0.00 0.00 0
98822 0.00 0.00 0.00 0
98823 0.00 0.00 0.00 0
98824 0.00 0.00 0.00 0
98825 0.00 0.00 0.00 0
98826 0.00 0.00 0.00 0
98827 0.00 0.00 0.00 0
98828 0.00 0.00 0.00 0
98832 0.00 0.00 0.00 0
98833 0.00 0.00 0.00 0
98834 0.00 0.00 0.00 0
98835 0.00 0.00 0.00 0
98836 0.00 0.00 0.00 0
98837 0.00 0.00 0.00 0
98838 0.00 0.00 0.00 0
98841 0.00 0.00 0.00 0
98842 0.00 0.00 0.00 0
98845 0.00 0.00 0.00 0
98846 0.00 0.00 0.00 0
98847 0.00 0.00 0.00 0
98848 0.00 0.00 0.00 0
98849 0.00 0.00 0.00 0
98850 0.00 0.00 0.00 0
98857 0.00 0.00 0.00 0
98858 0.00 0.00 0.00 0
98859 0.00 0.00 0.00 0
98860 0.00 0.00 0.00 0
98861 0.00 0.00 0.00 0
98862 0.00 0.00 0.00 0
98863 0.00 0.00 0.00 0
98864 0.00 0.00 0.00 0
98865 0.00 0.00 0.00 0
98866 0.00 0.00 0.00 0
98867 0.00 0.00 0.00 0
98875 0.00 0.00 0.00 0
98876 0.00 0.00 0.00 0
98877 0.00 0.00 0.00 0
98878 0.00 0.00 0.00 0
98879 0.00 0.00 0.00 0
98880 0.00 0.00 0.00 0
98881 0.00 0.00 0.00 0
98882 0.00 0.00 0.00 0
98883 0.00 0.00 0.00 0
98884 0.00 0.00 0.00 0
98885 0.00 0.00 0.00 0
98895 0.00 0.00 0.00 0
98896 0.00 0.00 0.00 0
98897 0.00 0.00 0.00 0
98898 0.00 0.00 0.00 0
98899 0.00 0.00 0.00 0
98900 0.00 0.00 0.00 0
98901 0.00 0.00 0.00 0
98902 0.00 0.00 0.00 0
98903 0.00 0.00 0.00 0
98904 0.00 0.00 0.00 0
98905 0.00 0.00 0.00 0
98906 0.00 0.00 0.00 0
98914 0.00 0.00 0.00 0
98915 0.00 0.00 0.00 0
98916 0.00 0.00 0.00 0
98917 0.00 0.00 0.00 0
98918 0.00 0.00 0.00 0
98919 0.00 0.00 0.00 0
98920 0.00 0.00 0.00 0
98921 0.00 0.00 0.00 0
98922 0.00 0.00 0.00 0
98923 0.00 0.00 0.00 0
98924 0.00 0.00 0.00 0
98925 0.00 0.00 0.00 0
98926 0.00 0.00 0.00 0
98929 0.00 0.00 0.00 0
98930 0.00 0.00 0.00 0
98931 0.00 0.00 0.00 0
98932 0.00 0.00 0.00 0
98934 0.00 0.00 0.00 0
98935 0.00 0.00 0.00 0
98938 0.00 0.00 0.00 0
98939 0.00 0.00 0.00 0
98940 0.00 0.00 0.00 0
98941 0.00 0.00 0.00 0
98942 0.00 0.00 0.00 0
98943 0.00 0.00 0.00 0
98944 0.00 0.00 0.00 0
98945 0.00 0.00 0.00 0
98946 0.00 0.00 0.00 0
98948 0.00 0.00 0.00 0
98949 0.00 0.00 0.00 0
98950 0.00 0.00 0.00 0
98951 0.00 0.00 0.00 0
98952 0.00 0.00 0.00 0
98953 0.00 0.00 0.00 0
98954 0.00 0.00 0.00 0
98955 0.00 0.00 0.00 0
98956 0.00 0.00 0.00 0
98957 0.00 0.00 0.00 0
98965 0.00 0.00 0.00 0
98966 0.00 0.00 0.00 0
98967 0.00 0.00 0.00 0
98968 0.00 0.00 0.00 0
98969 0.00 0.00 0.00 0
98974 0.00 0.00 0.00 0
98975 0.00 0.00 0.00 0
98976 0.00 0.00 0.00 0
98977 0.00 0.00 0.00 0
98978 0.00 0.00 0.00 0
98979 0.00 0.00 0.00 0
98980 0.00 0.00 0.00 0
98987 0.00 0.00 0.00 0
98988 0.00 0.00 0.00 0
98989 0.00 0.00 0.00 0
98990 0.00 0.00 0.00 0
98991 0.00 0.00 0.00 0
98992 0.00 0.00 0.00 0
98993 0.00 0.00 0.00 0
98994 0.00 0.00 0.00 0
98995 0.00 0.00 0.00 0
98996 0.00 0.00 0.00 0
99006 0.00 0.00 0.00 0
99007 0.00 0.00 0.00 0
99008 0.00 0.00 0.00 0
99009 0.00 0.00 0.00 0
99010 0.00 0.00 0.00 0
99011 0.00 0.00 0.00 0
99012 0.00 0.00 0.00 0
99013 0.00 0.00 0.00 0
99014 0.00 0.00 0.00 0
99015 0.00 0.00 0.00 0
99028 0.00 0.00 0.00 0
99029 0.00 0.00 0.00 0
99030 0.00 0.00 0.00 0
99031 0.00 0.00 0.00 0
99032 0.00 0.00 0.00 0
99033 0.00 0.00 0.00 0
99034 0.00 0.00 0.00 0
99046 0.00 0.00 0.00 0
99047 0.00 0.00 0.00 0
99048 0.00 0.00 0.00 0
99049 0.00 0.00 0.00 0
99050 0.00 0.00 0.00 0
99051 0.00 0.00 0.00 0
99052 0.00 0.00 0.00 0
99061 0.00 0.00 0.00 0
99062 0.00 0.00 0.00 0
99063 0.00 0.00 0.00 0
99064 0.00 0.00 0.00 0
99065 0.00 0.00 0.00 0
99070 0.00 0.00 0.00 0
99071 0.00 0.00 0.00 0
99072 0.00 0.00 0.00 0
99073 0.00 0.00 0.00 0
99759 0.00 0.00 0.00 0
99760 0.00 0.00 0.00 0
99761 0.00 0.00 0.00 0
99769 0.00 0.00 0.00 0
99770 0.00 0.00 0.00 0
99771 0.00 0.00 0.00 0
99772 0.00 0.00 0.00 0
99773 0.00 0.00 0.00 0
99779 0.00 0.00 0.00 0
99780 0.00 0.00 0.00 0
99781 0.00 0.00 0.00 0
99782 0.00 0.00 0.00 0
99790 0.00 0.00 0.00 0
99791 0.00 0.00 0.00 0
99792 0.00 0.00 0.00 0
99793 0.00 0.00 0.00 0
99800 0.00 0.00 0.00 0
99801 0.00 0.00 0.00 0
99802 0.00 0.00 0.00 0
99803 0.00 0.00 0.00 0
99804 0.00 0.00 0.00 0
99812 0.00 0.00 0.00 0
99813 0.00 0.00 0.00 0
99814 0.00 0.00 0.00 0
99815 0.00 0.00 0.00 0
99825 0.00 0.00 0.00 0
99826 0.00 0.00 0.00 0
99827 0.00 0.00 0.00 0
99828 0.00 0.00 0.00 0
99829 0.00 0.00 0.00 0
99830 0.00 0.00 0.00 0
99831 0.00 0.00 0.00 0
99840 0.00 0.00 0.00 0
99841 0.00 0.00 0.00 0
99842 0.00 0.00 0.00 0
99843 0.00 0.00 0.00 0
99844 0.00 0.00 0.00 0
99845 0.00 0.00 0.00 0
99849 0.00 0.00 0.00 0
99850 0.00 0.00 0.00 0
99851 0.00 0.00 0.00 0
99852 0.00 0.00 0.00 0
99853 0.00 0.00 0.00 0
99854 0.00 0.00 0.00 0
99855 0.00 0.00 0.00 0
99856 0.00 0.00 0.00 0
99857 0.00 0.00 0.00 0
99867 0.00 0.00 0.00 0
99868 0.00 0.00 0.00 0
99869 0.00 0.00 0.00 0
99870 0.00 0.00 0.00 0
99871 0.00 0.00 0.00 0
99872 0.00 0.00 0.00 0
99875 0.00 0.00 0.00 0
99876 0.00 0.00 0.00 0
99877 0.00 0.00 0.00 0
99878 0.00 0.00 0.00 0
99881 0.00 0.00 0.00 0
99882 0.00 0.00 0.00 0
99883 0.00 0.00 0.00 0
99887 0.00 0.00 0.00 0
99888 0.00 0.00 0.00 0
99889 0.00 0.00 0.00 0
99890 0.00 0.00 0.00 0
99891 0.00 0.00 0.00 0
99892 0.00 0.00 0.00 0
99893 0.00 0.00 0.00 0
99894 0.00 0.00 0.00 0
99897 0.00 0.00 0.00 0
99898 0.00 0.00 0.00 0
99899 0.00 0.00 0.00 0
99900 0.00 0.00 0.00 0
99901 0.00 0.00 0.00 0
99902 0.00 0.00 0.00 0
99903 0.00 0.00 0.00 0
99904 0.00 0.00 0.00 0
99905 0.00 0.00 0.00 0
99906 0.00 0.00 0.00 0
99907 0.00 0.00 0.00 0
99908 0.00 0.00 0.00 0
99911 0.00 0.00 0.00 0
99912 0.00 0.00 0.00 0
99913 0.00 0.00 0.00 0
99914 0.00 0.00 0.00 0
99915 0.00 0.00 0.00 0
99916 0.00 0.00 0.00 0
99917 0.00 0.00 0.00 0
99918 0.00 0.00 0.00 0
99919 0.00 0.00 0.00 0
99920 0.00 0.00 0.00 0
99921 0.00 0.00 0.00 0
99923 0.00 0.00 0.00 0
99924 0.00 0.00 0.00 0
99925 0.00 0.00 0.00 0
99926 0.00 0.00 0.00 0
99928 0.00 0.00 0.00 0
99929 0.00 0.00 0.00 0
99934 0.00 0.00 0.00 0
99935 0.00 0.00 0.00 0
99936 0.00 0.00 0.00 0
99943 0.00 0.00 0.00 0
99944 0.00 0.00 0.00 0
99945 0.00 0.00 0.00 0
99953 0.00 0.00 0.00 0
99954 0.00 0.00 0.00 0
99955 0.00 0.00 0.00 0
99960 0.00 0.00 0.00 0
99961 0.00 0.00 0.00 0
99962 0.00 0.00 0.00 0
99966 0.00 0.00 0.00 0
99967 0.00 0.00 0.00 0
99970 0.00 0.00 0.00 0
99971 0.00 0.00 0.00 0
99972 0.00 0.00 0.00 0
99973 0.00 0.00 0.00 0
99974 0.00 0.00 0.00 0
99975 0.00 0.00 0.00 0
99976 0.00 0.00 0.00 0
99977 0.00 0.00 0.00 0
99980 0.00 0.00 0.00 0
99981 0.00 0.00 0.00 0
99982 0.00 0.00 0.00 0
99983 0.00 0.00 0.00 0
99984 0.00 0.00 0.00 0
99985 0.00 0.00 0.00 0
99986 0.00 0.00 0.00 0
99987 0.00 0.00 0.00 0
99988 0.00 0.00 0.00 0
99989 0.00 0.00 0.00 0
99991 0.00 0.00 0.00 0
99992 0.00 0.00 0.00 0
99993 0.00 0.00 0.00 0
100001 0.00 0.00 0.00 0
100002 0.00 0.00 0.00 0
100003 0.00 0.00 0.00 0
100004 0.00 0.00 0.00 0
100006 0.00 0.00 0.00 0
100007 0.00 0.00 0.00 0
100008 0.00 0.00 0.00 0
100009 0.00 0.00 0.00 0
100010 0.00 0.00 0.00 0
100011 0.00 0.00 0.00 0
100021 0.00 0.00 0.00 0
100022 0.00 0.00 0.00 0
100023 0.00 0.00 0.00 0
100024 0.00 0.00 0.00 0
100025 0.00 0.00 0.00 0
100026 0.00 0.00 0.00 0
100027 0.00 0.00 0.00 0
100042 0.00 0.00 0.00 0
100043 0.00 0.00 0.00 0
100044 0.00 0.00 0.00 0
100045 0.00 0.00 0.00 0
100046 0.00 0.00 0.00 0
100047 0.00 0.00 0.00 0
100048 0.00 0.00 0.00 0
100062 0.00 0.00 0.00 0
100064 0.00 0.00 0.00 0
100065 0.00 0.00 0.00 0
100066 0.00 0.00 0.00 0
100067 0.00 0.00 0.00 0
100068 0.00 0.00 0.00 0
100069 0.00 0.00 0.00 0
100070 0.00 0.00 0.00 0
100080 0.00 0.00 0.00 0
100083 0.00 0.00 0.00 0
100084 0.00 0.00 0.00 0
100085 0.00 0.00 0.00 0
100086 0.00 0.00 0.00 0
100087 0.00 0.00 0.00 0
100088 0.00 0.00 0.00 0
100089 0.00 0.00 0.00 0
100090 0.00 0.00 0.00 0
100101 0.00 0.00 0.00 0
100102 0.00 0.00 0.00 0
100103 0.00 0.00 0.00 0
100104 0.00 0.00 0.00 0
100105 0.00 0.00 0.00 0
100106 0.00 0.00 0.00 0
100107 0.00 0.00 0.00 0
100112 0.00 0.00 0.00 0
100113 0.00 0.00 0.00 0
100114 0.00 0.00 0.00 0
100115 0.00 0.00 0.00 0
100116 0.00 0.00 0.00 0
100117 0.00 0.00 0.00 0
100124 0.00 0.00 0.00 0
100125 0.00 0.00 0.00 0
100126 0.00 0.00 0.00 0
100127 0.00 0.00 0.00 0
100802 0.00 0.00 0.00 0
100803 0.00 0.00 0.00 0
100804 0.00 0.00 0.00 0
100817 0.00 0.00 0.00 0
100818 0.00 0.00 0.00 0
100819 0.00 0.00 0.00 0
100820 0.00 0.00 0.00 0
100821 0.00 0.00 0.00 0
100831 0.00 0.00 0.00 0
100832 0.00 0.00 0.00 0
100833 0.00 0.00 0.00 0
100834 0.00 0.00 0.00 0
100843 0.00 0.00 0.00 0
100844 0.00 0.00 0.00 0
100845 0.00 0.00 0.00 0
100854 0.00 0.00 0.00 0
100855 0.00 0.00 0.00 0
100856 0.00 0.00 0.00 0
100857 0.00 0.00 0.00 0
100865 0.00 0.00 0.00 0
100866 0.00 0.00 0.00 0
100867 0.00 0.00 0.00 0
100868 0.00 0.00 0.00 0
100877 0.00 0.00 0.00 0
100878 0.00 0.00 0.00 0
100879 0.00 0.00 0.00 0
100880 0.00 0.00 0.00 0
100887 0.00 0.00 0.00 0
100888 0.00 0.00 0.00 0
100889 0.00 0.00 0.00 0
100890 0.00 0.00 0.00 0
100891 0.00 0.00 0.00 0
100892 0.00 0.00 0.00 0
100893 0.00 0.00 0.00 0
100899 0.00 0.00 0.00 0
100900 0.00 0.00 0.00 0
100901 0.00 0.00 0.00 0
100902 0.00 0.00 0.00 0
100903 0.00 0.00 0.00 0
100904 0.00 0.00 0.00 0
100905 0.00 0.00 0.00 0
100906 0.00 0.00 0.00 0
100915 0.00 0.00 0.00 0
100916 0.00 0.00 0.00 0
100917 0.00 0.00 0.00 0
100918 0.00 0.00 0.00 0
100919 0.00 0.00 0.00 0
100920 0.00 0.00 0.00 0
100921 0.00 0.00 0.00 0
100922 0.00 0.00 0.00 0
100925 0.00 0.00 0.00 0
100926 0.00 0.00 0.00 0
100927 0.00 0.00 0.00 0
100928 0.00 0.00 0.00 0
100932 0.00 0.00 0.00 0
100933 0.00 0.00 0.00 0
100934 0.00 0.00 0.00 0
100937 0.00 0.00 0.00 0
100938 0.00 0.00 0.00 0
100939 0.00 0.00 0.00 0
100942 0.00 0.00 0.00 0
100943 0.00 0.00 0.00 0
100944 0.00 0.00 0.00 0
100945 0.00 0.00 0.00 0
100946 0.00 0.00 0.00 0
100947 0.00 0.00 0.00 0
100948 0.00 0.00 0.00 0
100949 0.00 0.00 0.00 0
100953 0.00 0.00 0.00 0
100954 0.00 0.00 0.00 0
100955 0.00 0.00 0.00 0
100956 0.00 0.00 0.00 0
100957 0.00 0.00 0.00 0
100958 0.00 0.00 0.00 0
100959 0.00 0.00 0.00 0
100960 0.00 0.00 0.00 0
100961 0.00 0.00 0.00 0
100968 0.00 0.00 0.00 0
100969 0.00 0.00 0.00 0
100970 0.00 0.00 0.00 0
100971 0.00 0.00 0.00 0
100977 0.00 0.00 0.00 0
100978 0.00 0.00 0.00 0
100979 0.00 0.00 0.00 0
100980 0.00 0.00 0.00 0
100981 0.00 0.00 0.00 0
100988 0.00 0.00 0.00 0
100989 0.00 0.00 0.00 0
100997 0.00 0.00 0.00 0
100998 0.00 0.00 0.00 0
101005 0.00 0.00 0.00 0
101006 0.00 0.00 0.00 0
101009 0.00 0.00 0.00 0
101010 0.00 0.00 0.00 0
101014 0.00 0.00 0.00 0
101015 0.00 0.00 0.00 0
101016 0.00 0.00 0.00 0
101017 0.00 0.00 0.00 0
101018 0.00 0.00 0.00 0
101019 0.00 0.00 0.00 0
101020 0.00 0.00 0.00 0
101024 0.00 0.00 0.00 0
101025 0.00 0.00 0.00 0
101026 0.00 0.00 0.00 0
101027 0.00 0.00 0.00 0
101028 0.00 0.00 0.00 0
101029 0.00 0.00 0.00 0
101030 0.00 0.00 0.00 0
101031 0.00 0.00 0.00 0
101032 0.00 0.00 0.00 0
101035 0.00 0.00 0.00 0
101036 0.00 0.00 0.00 0
101037 0.00 0.00 0.00 0
101038 0.00 0.00 0.00 0
101040 0.00 0.00 0.00 0
101041 0.00 0.00 0.00 0
101049 0.00 0.00 0.00 0
101050 0.00 0.00 0.00 0
101051 0.00 0.00 0.00 0
101052 0.00 0.00 0.00 0
101053 0.00 0.00 0.00 0
101054 0.00 0.00 0.00 0
101058 0.00 0.00 0.00 0
101059 0.00 0.00 0.00 0
101060 0.00 0.00 0.00 0
101061 0.00 0.00 0.00 0
101062 0.00 0.00 0.00 0
101063 0.00 0.00 0.00 0
101064 0.00 0.00 0.00 0
101076 0.00 0.00 0.00 0
101077 0.00 0.00 0.00 0
101078 0.00 0.00 0.00 0
101095 0.00 0.00 0.00 0
101096 0.00 0.00 0.00 0
101113 0.00 0.00 0.00 0
101114 0.00 0.00 0.00 0
101129 0.00 0.00 0.00 0
101130 0.00 0.00 0.00 0
101142 0.00 0.00 0.00 0
101143 0.00 0.00 0.00 0
101151 0.00 0.00 0.00 0
101152 0.00 0.00 0.00 0
101153 0.00 0.00 0.00 0
101164 0.00 0.00 0.00 0
101165 0.00 0.00 0.00 0
101166 0.00 0.00 0.00 0
101167 0.00 0.00 0.00 0
101175 0.00 0.00 0.00 0
101176 0.00 0.00 0.00 0
101857 0.00 0.00 0.00 0
101858 0.00 0.00 0.00 0
101859 0.00 0.00 0.00 0
101870 0.00 0.00 0.00 0
101871 0.00 0.00 0.00 0
101872 0.00 0.00 0.00 0
101873 0.00 0.00 0.00 0
101883 0.00 0.00 0.00 0
101884 0.00 0.00 0.00 0
101885 0.00 0.00 0.00 0
101886 0.00 0.00 0.00 0
101887 0.00 0.00 0.00 0
101896 0.00 0.00 0.00 0
101897 0.00 0.00 0.00 0
101898 0.00 0.00 0.00 0
101899 0.00 0.00 0.00 0
101900 0.00 0.00 0.00 0
101912 0.00 0.00 0.00 0
101913 0.00 0.00 0.00 0
101914 0.00 0.00 0.00 0
101915 0.00 0.00 0.00 0
101916 0.00 0.00 0.00 0
101917 0.00 0.00 0.00 0
101918 0.00 0.00 0.00 0
101927 0.00 0.00 0.00 0
101928 0.00 0.00 0.00 0
101929 0.00 0.00 0.00 0
101930 0.00 0.00 0.00 0
101931 0.00 0.00 0.00 0
101932 0.00 0.00 0.00 0
101933 0.00 0.00 0.00 0
101934 0.00 0.00 0.00 0
101945 0.00 0.00 0.00 0
101946 0.00 0.00 0.00 0
101947 0.00 0.00 0.00 0
101948 0.00 0.00 0.00 0
101949 0.00 0.00 0.00 0
101950 0.00 0.00 0.00 0
101951 0.00 0.00 0.00 0
101952 0.00 0.00 0.00 0
101953 0.00 0.00 0.00 0
101954 0.00 0.00 0.00 0
101961 0.00 0.00 0.00 0
101962 0.00 0.00 0.00 0
101963 0.00 0.00 0.00 0
101964 0.00 0.00 0.00 0
101965 0.00 0.00 0.00 0
101966 0.00 0.00 0.00 0
101967 0.00 0.00 0.00 0
101968 0.00 0.00 0.00 0
101969 0.00 0.00 0.00 0
101970 0.00 0.00 0.00 0
101971 0.00 0.00 0.00 0
101972 0.00 0.00 0.00 0
101973 0.00 0.00 0.00 0
101980 0.00 0.00 0.00 0
101981 0.00 0.00 0.00 0
101982 0.00 0.00 0.00 0
101983 0.00 0.00 0.00 0
101984 0.00 0.00 0.00 0
101985 0.00 0.00 0.00 0
101986 0.00 0.00 0.00 0
101987 0.00 0.00 0.00 0
101988 0.00 0.00 0.00 0
101989 0.00 0.00 0.00 0
101990 0.00 0.00 0.00 0
102000 0.00 0.00 0.00 0
102001 0.00 0.00 0.00 0
102002 0.00 0.00 0.00 0
102003 0.00 0.00 0.00 0
102004 0.00 0.00 0.00 0
102005 0.00 0.00 0.00 0
102006 0.00 0.00 0.00 0
102007 0.00 0.00 0.00 0
102008 0.00 0.00 0.00 0
102009 0.00 0.00 0.00 0
102010 0.00 0.00 0.00 0
102011 0.00 0.00 0.00 0
102016 0.00 0.00 0.00 0
102017 0.00 0.00 0.00 0
102018 0.00 0.00 0.00 0
102019 0.00 0.00 0.00 0
102020 0.00 0.00 0.00 0
102021 0.00 0.00 0.00 0
102022 0.00 0.00 0.00 0
102023 0.00 0.00 0.00 0
102024 0.00 0.00 0.00 0
102028 0.00 0.00 0.00 0
102029 0.00 0.00 0.00 0
102030 0.00 0.00 0.00 0
102031 0.00 0.00 0.00 0
102032 0.00 0.00 0.00 0
102033 0.00 0.00 0.00 0
102034 0.00 0.00 0.00 0
102037 0.00 0.00 0.00 0
102038 0.00 0.00 0.00 0
102039 0.00 0.00 0.00 0
102040 0.00 0.00 0.00 0
102041 0.00 0.00 0.00 0
102042 0.00 0.00 0.00 0
102045 0.00 0.00 0.00 0
102046 0.00 0.00 0.00 0
102047 0.00 0.00 0.00 0
102048 0.00 0.00 0.00 0
102049 0.00 0.00 0.00 0
102050 0.00 0.00 0.00 0
102057 0.00 0.00 0.00 0
102058 0.00 0.00 0.00 0
102059 0.00 0.00 0.00 0
102060 0.00 0.00 0.00 0
102061 0.00 0.00 0.00 0
102062 0.00 0.00 0.00 0
102063 0.00 0.00 0.00 0
102071 0.00 0.00 0.00 0
102072 0.00 0.00 0.00 0
102079 0.00 0.00 0.00 0
102080 0.00 0.00 0.00 0
102081 0.00 0.00 0.00 0
102082 0.00 0.00 0.00 0
102083 0.00 0.00 0.00 0
102084 0.00 0.00 0.00 0
102093 0.00 0.00 0.00 0
102094 0.00 0.00 0.00 0
102095 0.00 0.00 0.00 0
102096 0.00 0.00 0.00 0
102097 0.00 0.00 0.00 0
102098 0.00 0.00 0.00 0
102104 0.00 0.00 0.00 0
102105 0.00 0.00 0.00 0
102109 0.00 0.00 0.00 0
102111 0.00 0.00 0.00 0
102114 0.00 0.00 0.00 0
102115 0.00 0.00 0.00 0
102116 0.00 0.00 0.00 0
102117 0.00 0.00 0.00 0
102118 0.00 0.00 0.00 0
102119 0.00 0.00 0.00 0
102120 0.00 0.00 0.00 0
102121 0.00 0.00 0.00 0
102125 0.00 0.00 0.00 0
102126 0.00 0.00 0.00 0
102127 0.00 0.00 0.00 0
102128 0.00 0.00 0.00 0
102133 0.00 0.00 0.00 0
102134 0.00 0.00 0.00 0
102135 0.00 0.00 0.00 0
102140 0.00 0.00 0.00 0
102141 0.00 0.00 0.00 0
102142 0.00 0.00 0.00 0
102150 0.00 0.00 0.00 0
102151 0.00 0.00 0.00 0
102152 0.00 0.00 0.00 0
102153 0.00 0.00 0.00 0
102154 0.00 0.00 0.00 0
102155 0.00 0.00 0.00 0
102156 0.00 0.00 0.00 0
102157 0.00 0.00 0.00 0
102158 0.00 0.00 0.00 0
102162 0.00 0.00 0.00 0
102163 0.00 0.00 0.00 0
102164 0.00 0.00 0.00 0
102165 0.00 0.00 0.00 0
102166 0.00 0.00 0.00 0
102180 0.00 0.00 0.00 0
102181 0.00 0.00 0.00 0
102200 0.00 0.00 0.00 0
102201 0.00 0.00 0.00 0
102219 0.00 0.00 0.00 0
102220 0.00 0.00 0.00 0
102231 0.00 0.00 0.00 0
102232 0.00 0.00 0.00 0
102238 0.00 0.00 0.00 0
102239 0.00 0.00 0.00 0
102240 0.00 0.00 0.00 0
102251 0.00 0.00 0.00 0
102252 0.00 0.00 0.00 0
102266 0.00 0.00 0.00 0
102267 0.00 0.00 0.00 0
102268 0.00 0.00 0.00 0
102284 0.00 0.00 0.00 0
102285 0.00 0.00 0.00 0
103006 0.00 0.00 0.00 0
103007 0.00 0.00 0.00 0
103008 0.00 0.00 0.00 0
103017 0.00 0.00 0.00 0
103018 0.00 0.00 0.00 0
103019 0.00 0.00 0.00 0
103027 0.00 0.00 0.00 0
103028 0.00 0.00 0.00 0
103029 0.00 0.00 0.00 0
103037 0.00 0.00 0.00 0
103038 0.00 0.00 0.00 0
103039 0.00 0.00 0.00 0
103040 0.00 0.00 0.00 0
103050 0.00 0.00 0.00 0
103051 0.00 0.00 0.00 0
103052 0.00 0.00 0.00 0
103053 0.00 0.00 0.00 0
103065 0.00 0.00 0.00 0
103066 0.00 0.00 0.00 0
103067 0.00 0.00 0.00 0
103068 0.00 0.00 0.00 0
103077 0.00 0.00 0.00 0
103078 0.00 0.00 0.00 0
103079 0.00 0.00 0.00 0
103080 0.00 0.00 0.00 0
103085 0.00 0.00 0.00 0
103086 0.00 0.00 0.00 0
103087 0.00 0.00 0.00 0
103088 0.00 0.00 0.00 0
103089 0.00 0.00 0.00 0
103090 0.00 0.00 0.00 0
103091 0.00 0.00 0.00 0
103099 0.00 0.00 0.00 0
103100 0.00 0.00 0.00 0
103101 0.00 0.00 0.00 0
103102 0.00 0.00 0.00 0
103103 0.00 0.00 0.00 0
103104 0.00 0.00 0.00 0
103105 0.00 0.00 0.00 0
103106 0.00 0.00 0.00 0
103107 0.00 0.00 0.00 0
103108 0.00 0.00 0.00 0
103109 0.00 0.00 0.00 0
103116 0.00 0.00 0.00 0
103117 0.00 0.00 0.00 0
103118 0.00 0.00 0.00 0
103119 0.00 0.00 0.00 0
103120 0.00 0.00 0.00 0
103121 0.00 0.00 0.00 0
103122 0.00 0.00 0.00 0
103123 0.00 0.00 0.00 0
103124 0.00 0.00 0.00 0
103125 0.00 0.00 0.00 0
103126 0.00 0.00 0.00 0
103127 0.00 0.00 0.00 0
103132 0.00 0.00 0.00 0
103133 0.00 0.00 0.00 0
103134 0.00 0.00 0.00 0
103135 0.00 0.00 0.00 0
103136 0.00 0.00 0.00 0
103137 0.00 0.00 0.00 0
103138 0.00 0.00 0.00 0
103139 0.00 0.00 0.00 0
103140 0.00 0.00 0.00 0
103141 0.00 0.00 0.00 0
103142 0.00 0.00 0.00 0
103143 0.00 0.00 0.00 0
103144 0.00 0.00 0.00 0
103148 0.00 0.00 0.00 0
103149 0.00 0.00 0.00 0
103150 0.00 0.00 0.00 0
103151 0.00 0.00 0.00 0
103152 0.00 0.00 0.00 0
103153 0.00 0.00 0.00 0
103154 0.00 0.00 0.00 0
103155 0.00 0.00 0.00 0
103156 0.00 0.00 0.00 0
103157 0.00 0.00 0.00 0
103160 0.00 0.00 0.00 0
103161 0.00 0.00 0.00 0
103162 0.00 0.00 0.00 0
103163 0.00 0.00 0.00 0
103164 0.00 0.00 0.00 0
103165 0.00 0.00 0.00 0
103166 0.00 0.00 0.00 0
103167 0.00 0.00 0.00 0
103170 0.00 0.00 0.00 0
103171 0.00 0.00 0.00 0
103172 0.00 0.00 0.00 0
103173 0.00 0.00 0.00 0
103174 0.00 0.00 0.00 0
103175 0.00 0.00 0.00 0
103176 0.00 0.00 0.00 0
103177 0.00 0.00 0.00 0
103178 0.00 0.00 0.00 0
103179 0.00 0.00 0.00 0
103187 0.00 0.00 0.00 0
103188 0.00 0.00 0.00 0
103189 0.00 0.00 0.00 0
103190 0.00 0.00 0.00 0
103191 0.00 0.00 0.00 0
103192 0.00 0.00 0.00 0
103193 0.00 0.00 0.00 0
103194 0.00 0.00 0.00 0
103195 0.00 0.00 0.00 0
103209 0.00 0.00 0.00 0
103210 0.00 0.00 0.00 0
103211 0.00 0.00 0.00 0
103225 0.00 0.00 0.00 0
103226 0.00 0.00 0.00 0
103227 0.00 0.00 0.00 0
103239 0.00 0.00 0.00 0
103240 0.00 0.00 0.00 0
103241 0.00 0.00 0.00 0
103242 0.00 0.00 0.00 0
103243 0.00 0.00 0.00 0
103244 0.00 0.00 0.00 0
103245 0.00 0.00 0.00 0
103253 0.00 0.00 0.00 0
103254 0.00 0.00 0.00 0
103255 0.00 0.00 0.00 0
103256 0.00 0.00 0.00 0
103257 0.00 0.00 0.00 0
103260 0.00 0.00 0.00 0
103263 0.00 0.00 0.00 0
103264 0.00 0.00 0.00 0
103265 0.00 0.00 0.00 0
103268 0.00 0.00 0.00 0
103269 0.00 0.00 0.00 0
103270 0.00 0.00 0.00 0
103271 0.00 0.00 0.00 0
103272 0.00 0.00 0.00 0
103273 0.00 0.00 0.00 0
103274 0.00 0.00 0.00 0
103275 0.00 0.00 0.00 0
103278 0.00 0.00 0.00 0
103279 0.00 0.00 0.00 0
103280 0.00 0.00 0.00 0
103284 0.00 0.00 0.00 0
103285 0.00 0.00 0.00 0
103286 0.00 0.00 0.00 0
103287 0.00 0.00 0.00 0
103288 0.00 0.00 0.00 0
103289 0.00 0.00 0.00 0
103295 0.00 0.00 0.00 0
103296 0.00 0.00 0.00 0
103297 0.00 0.00 0.00 0
103298 0.00 0.00 0.00 0
103299 0.00 0.00 0.00 0
103300 0.00 0.00 0.00 0
103301 0.00 0.00 0.00 0
103302 0.00 0.00 0.00 0
103303 0.00 0.00 0.00 0
103304 0.00 0.00 0.00 0
103312 0.00 0.00 0.00 0
103313 0.00 0.00 0.00 0
103314 0.00 0.00 0.00 0
103315 0.00 0.00 0.00 0
103316 0.00 0.00 0.00 0
103317 0.00 0.00 0.00 0
103318 0.00 0.00 0.00 0
103319 0.00 0.00 0.00 0
103320 0.00 0.00 0.00 0
103326 0.00 0.00 0.00 0
103327 0.00 0.00 0.00 0
103328 0.00 0.00 0.00 0
103344 0.00 0.00 0.00 0
103345 0.00 0.00 0.00 0
103360 0.00 0.00 0.00 0
103372 0.00 0.00 0.00 0
103373 0.00 0.00 0.00 0
103385 0.00 0.00 0.00 0
103386 0.00 0.00 0.00 0
103397 0.00 0.00 0.00 0
103398 0.00 0.00 0.00 0
103399 0.00 0.00 0.00 0
103411 0.00 0.00 0.00 0
103421 0.00 0.00 0.00 0
103422 0.00 0.00 0.00 0
103432 0.00 0.00 0.00 0
104169 0.00 0.00 0.00 0
104170 0.00 0.00 0.00 0
104171 0.00 0.00 0.00 0
104182 0.00 0.00 0.00 0
104183 0.00 0.00 0.00 0
104184 0.00 0.00 0.00 0
104185 0.00 0.00 0.00 0
104194 0.00 0.00 0.00 0
104195 0.00 0.00 0.00 0
104196 0.00 0.00 0.00 0
104205 0.00 0.00 0.00 0
104206 0.00 0.00 0.00 0
104207 0.00 0.00 0.00 0
104217 0.00 0.00 0.00 0
104218 0.00 0.00 0.00 0
104219 0.00 0.00 0.00 0
104231 0.00 0.00 0.00 0
104232 0.00 0.00 0.00 0
104233 0.00 0.00 0.00 0
104234 0.00 0.00 0.00 0
104240 0.00 0.00 0.00 0
104241 0.00 0.00 0.00 0
104242 0.00 0.00 0.00 0
104248 0.00 0.00 0.00 0
104249 0.00 0.00 0.00 0
104250 0.00 0.00 0.00 0
104257 0.00 0.00 0.00 0
104258 0.00 0.00 0.00 0
104259 0.00 0.00 0.00 0
104260 0.00 0.00 0.00 0
104261 0.00 0.00 0.00 0
104262 0.00 0.00 0.00 0
104263 0.00 0.00 0.00 0
104264 0.00 0.00 0.00 0
104265 0.00 0.00 0.00 0
104270 0.00 0.00 0.00 0
104271 0.00 0.00 0.00 0
104272 0.00 0.00 0.00 0
104273 0.00 0.00 0.00 0
104274 0.00 0.00 0.00 0
104275 0.00 0.00 0.00 0
104276 0.00 0.00 0.00 0
104277 0.00 0.00 0.00 0
104278 0.00 0.00 0.00 0
104284 0.00 0.00 0.00 0
104285 0.00 0.00 0.00 0
104286 0.00 0.00 0.00 0
104287 0.00 0.00 0.00 0
104288 0.00 0.00 0.00 0
104289 0.00 0.00 0.00 0
104290 0.00 0.00 0.00 0
104293 0.00 0.00 0.00 0
104294 0.00 0.00 0.00 0
104295 0.00 0.00 0.00 0
104298 0.00 0.00 0.00 0
104299 0.00 0.00 0.00 0
104300 0.00 0.00 0.00 0
104301 0.00 0.00 0.00 0
104302 0.00 0.00 0.00 0
104303 0.00 0.00 0.00 0
104304 0.00 0.00 0.00 0
104305 0.00 0.00 0.00 0
104309 0.00 0.00 0.00 0
104310 0.00 0.00 0.00 0
104311 0.00 0.00 0.00 0
104312 0.00 0.00 0.00 0
104313 0.00 0.00 0.00 0
104314 0.00 0.00 0.00 0
104317 0.00 0.00 0.00 0
104318 0.00 0.00 0.00 0
104319 0.00 0.00 0.00 0
104320 0.00 0.00 0.00 0
104321 0.00 0.00 0.00 0
104322 0.00 0.00 0.00 0
104329 0.00 0.00 0.00 0
104330 0.00 0.00 0.00 0
104331 0.00 0.00 0.00 0
104332 0.00 0.00 0.00 0
104333 0.00 0.00 0.00 0
104334 0.00 0.00 0.00 0
104347 0.00 0.00 0.00 0
104348 0.00 0.00 0.00 0
104349 0.00 0.00 0.00 0
104350 0.00 0.00 0.00 0
104351 0.00 0.00 0.00 0
104361 0.00 0.00 0.00 0
104362 0.00 0.00 0.00 0
104363 0.00 0.00 0.00 0
104364 0.00 0.00 0.00 0
104370 0.00 0.00 0.00 0
104371 0.00 0.00 0.00 0
104372 0.00 0.00 0.00 0
104373 0.00 0.00 0.00 0
104374 0.00 0.00 0.00 0
104375 0.00 0.00 0.00 0
104376 0.00 0.00 0.00 0
104377 0.00 0.00 0.00 0
104378 0.00 0.00 0.00 0
104388 0.00 0.00 0.00 0
104389 0.00 0.00 0.00 0
104390 0.00 0.00 0.00 0
104391 0.00 0.00 0.00 0
104392 0.00 0.00 0.00 0
104393 0.00 0.00 0.00 0
104394 0.00 0.00 0.00 0
104395 0.00 0.00 0.00 0
104405 0.00 0.00 0.00 0
104406 0.00 0.00 0.00 0
104409 0.00 0.00 0.00 0
104410 0.00 0.00 0.00 0
104411 0.00 0.00 0.00 0
104413 0.00 0.00 0.00 0
104414 0.00 0.00 0.00 0
104415 0.00 0.00 0.00 0
104416 0.00 0.00 0.00 0
104417 0.00 0.00 0.00 0
104418 0.00 0.00 0.00 0
104419 0.00 0.00 0.00 0
104420 0.00 0.00 0.00 0
104421 0.00 0.00 0.00 0
104422 0.00 0.00 0.00 0
104423 0.00 0.00 0.00 0
104424 0.00 0.00 0.00 0
104425 0.00 0.00 0.00 0
104428 0.00 0.00 0.00 0
104429 0.00 0.00 0.00 0
104430 0.00 0.00 0.00 0
104431 0.00 0.00 0.00 0
104432 0.00 0.00 0.00 0
104433 0.00 0.00 0.00 0
104434 0.00 0.00 0.00 0
104435 0.00 0.00 0.00 0
104436 0.00 0.00 0.00 0
104437 0.00 0.00 0.00 0
104440 0.00 0.00 0.00 0
104441 0.00 0.00 0.00 0
104442 0.00 0.00 0.00 0
104443 0.00 0.00 0.00 0
104444 0.00 0.00 0.00 0
104445 0.00 0.00 0.00 0
104446 0.00 0.00 0.00 0
104447 0.00 0.00 0.00 0
104448 0.00 0.00 0.00 0
104449 0.00 0.00 0.00 0
104450 0.00 0.00 0.00 0
104451 0.00 0.00 0.00 0
104452 0.00 0.00 0.00 0
104458 0.00 0.00 0.00 0
104459 0.00 0.00 0.00 0
104460 0.00 0.00 0.00 0
104461 0.00 0.00 0.00 0
104462 0.00 0.00 0.00 0
104463 0.00 0.00 0.00 0
104464 0.00 0.00 0.00 0
104465 0.00 0.00 0.00 0
104466 0.00 0.00 0.00 0
104467 0.00 0.00 0.00 0
104475 0.00 0.00 0.00 0
104476 0.00 0.00 0.00 0
104481 0.00 0.00 0.00 0
104482 0.00 0.00 0.00 0
104496 0.00 0.00 0.00 0
104497 0.00 0.00 0.00 0
104510 0.00 0.00 0.00 0
104526 0.00 0.00 0.00 0
104527 0.00 0.00 0.00 0
104537 0.00 0.00 0.00 0
104538 0.00 0.00 0.00 0
104544 0.00 0.00 0.00 0
104545 0.00 0.00 0.00 0
104551 0.00 0.00 0.00 0
104560 0.00 0.00 0.00 0
105263 0.00 0.00 0.00 0
105264 0.00 0.00 0.00 0
105277 0.00 0.00 0.00 0
105278 0.00 0.00 0.00 0
105279 0.00 0.00 0.00 0
105280 0.00 0.00 0.00 0
105295 0.00 0.00 0.00 0
105296 0.00 0.00 0.00 0
105297 0.00 0.00 0.00 0
105308 0.00 0.00 0.00 0
105309 0.00 0.00 0.00 0
105310 0.00 0.00 0.00 0
105311 0.00 0.00 0.00 0
105320 0.00 0.00 0.00 0
105321 0.00 0.00 0.00 0
105322 0.00 0.00 0.00 0
105329 0.00 0.00 0.00 0
105330 0.00 0.00 0.00 0
105331 0.00 0.00 0.00 0
105332 0.00 0.00 0.00 0
105338 0.00 0.00 0.00 0
105339 0.00 0.00 0.00 0
105340 0.00 0.00 0.00 0
105341 0.00 0.00 0.00 0
105347 0.00 0.00 0.00 0
105348 0.00 0.00 0.00 0
105349 0.00 0.00 0.00 0
105355 0.00 0.00 0.00 0
105356 0.00 0.00 0.00 0
105358 0.00 0.00 0.00 0
105359 0.00 0.00 0.00 0
105360 0.00 0.00 0.00 0
105364 0.00 0.00 0.00 0
105365 0.00 0.00 0.00 0
105366 0.00 0.00 0.00 0
105367 0.00 0.00 0.00 0
105370 0.00 0.00 0.00 0
105371 0.00 0.00 0.00 0
105377 0.00 0.00 0.00 0
105378 0.00 0.00 0.00 0
105379 0.00 0.00 0.00 0
105380 0.00 0.00 0.00 0
105381 0.00 0.00 0.00 0
105384 0.00 0.00 0.00 0
105385 0.00 0.00 0.00 0
105386 0.00 0.00 0.00 0
105387 0.00 0.00 0.00 0
105392 0.00 0.00 0.00 0
105393 0.00 0.00 0.00 0
105394 0.00 0.00 0.00 0
105395 0.00 0.00 0.00 0
105396 0.00 0.00 0.00 0
105401 0.00 0.00 0.00 0
105402 0.00 0.00 0.00 0
105403 0.00 0.00 0.00 0
105404 0.00 0.00 0.00 0
105405 0.00 0.00 0.00 0
105406 0.00 0.00 0.00 0
105409 0.00 0.00 0.00 0
105410 0.00 0.00 0.00 0
105411 0.00 0.00 0.00 0
105412 0.00 0.00 0.00 0
105413 0.00 0.00 0.00 0
105418 0.00 0.00 0.00 0
105419 0.00 0.00 0.00 0
105420 0.00 0.00 0.00 0
105421 0.00 0.00 0.00 0
105431 0.00 0.00 0.00 0
105432 0.00 0.00 0.00 0
105433 0.00 0.00 0.00 0
105434 0.00 0.00 0.00 0
105435 0.00 0.00 0.00 0
105449 0.00 0.00 0.00 0
105450 0.00 0.00 0.00 0
105451 0.00 0.00 0.00 0
105452 0.00 0.00 0.00 0
105463 0.00 0.00 0.00 0
105464 0.00 0.00 0.00 0
105465 0.00 0.00 0.00 0
105466 0.00 0.00 0.00 0
105467 0.00 0.00 0.00 0
105468 0.00 0.00 0.00 0
105469 0.00 0.00 0.00 0
105478 0.00 0.00 0.00 0
105479 0.00 0.00 0.00 0
105480 0.00 0.00 0.00 0
105481 0.00 0.00 0.00 0
105482 0.00 0.00 0.00 0
105483 0.00 0.00 0.00 0
105484 0.00 0.00 0.00 0
105485 0.00 0.00 0.00 0
105486 0.00 0.00 0.00 0
105487 0.00 0.00 0.00 0
105497 0.00 0.00 0.00 0
105498 0.00 0.00 0.00 0
105499 0.00 0.00 0.00 0
105505 0.00 0.00 0.00 0
105506 0.00 0.00 0.00 0
105507 0.00 0.00 0.00 0
105508 0.00 0.00 0.00 0
105509 0.00 0.00 0.00 0
105510 0.00 0.00 0.00 0
105511 0.00 0.00 0.00 0
105512 0.00 0.00 0.00 0
105513 0.00 0.00 0.00 0
105514 0.00 0.00 0.00 0
105515 0.00 0.00 0.00 0
105517 0.00 0.00 0.00 0
105518 0.00 0.00 0.00 0
105519 0.00 0.00 0.00 0
105520 0.00 0.00 0.00 0
105521 0.00 0.00 0.00 0
105522 0.00 0.00 0.00 0
105523 0.00 0.00 0.00 0
105524 0.00 0.00 0.00 0
105525 0.00 0.00 0.00 0
105526 0.00 0.00 0.00 0
105527 0.00 0.00 0.00 0
105528 0.00 0.00 0.00 0
105529 0.00 0.00 0.00 0
105530 0.00 0.00 0.00 0
105531 0.00 0.00 0.00 0
105532 0.00 0.00 0.00 0
105533 0.00 0.00 0.00 0
105534 0.00 0.00 0.00 0
105537 0.00 0.00 0.00 0
105538 0.00 0.00 0.00 0
105539 0.00 0.00 0.00 0
105540 0.00 0.00 0.00 0
105541 0.00 0.00 0.00 0
105542 0.00 0.00 0.00 0
105543 0.00 0.00 0.00 0
105544 0.00 0.00 0.00 0
105545 0.00 0.00 0.00 0
105546 0.00 0.00 0.00 0
105549 0.00 0.00 0.00 0
105550 0.00 0.00 0.00 0
105551 0.00 0.00 0.00 0
105552 0.00 0.00 0.00 0
105553 0.00 0.00 0.00 0
105554 0.00 0.00 0.00 0
105555 0.00 0.00 0.00 0
105556 0.00 0.00 0.00 0
105557 0.00 0.00 0.00 0
105558 0.00 0.00 0.00 0
105561 0.00 0.00 0.00 0
105562 0.00 0.00 0.00 0
105563 0.00 0.00 0.00 0
105569 0.00 0.00 0.00 0
105570 0.00 0.00 0.00 0
105575 0.00 0.00 0.00 0
105585 0.00 0.00 0.00 0
105598 0.00 0.00 0.00 0
105611 0.00 0.00 0.00 0
105612 0.00 0.00 0.00 0
105613 0.00 0.00 0.00 0
105619 0.00 0.00 0.00 0
105620 0.00 0.00 0.00 0
105621 0.00 0.00 0.00 0
105627 0.00 0.00 0.00 0
105628 0.00 0.00 0.00 0
105635 0.00 0.00 0.00 0
106374 0.00 0.00 0.00 0
106375 0.00 0.00 0.00 0
106376 0.00 0.00 0.00 0
106377 0.00 0.00 0.00 0
106392 0.00 0.00 0.00 0
106393 0.00 0.00 0.00 0
106394 0.00 0.00 0.00 0
106402 0.00 0.00 0.00 0
106403 0.00 0.00 0.00 0
106404 0.00 0.00 0.00 0
106405 0.00 0.00 0.00 0
106406 0.00 0.00 0.00 0
106410 0.00 0.00 0.00 0
106411 0.00 0.00 0.00 0
106412 0.00 0.00 0.00 0
106413 0.00 0.00 0.00 0
106418 0.00 0.00 0.00 0
106419 0.00 0.00 0.00 0
106420 0.00 0.00 0.00 0
106421 0.00 0.00 0.00 0
106426 0.00 0.00 0.00 0
106427 0.00 0.00 0.00 0
106428 0.00 0.00 0.00 0
106429 0.00 0.00 0.00 0
106430 0.00 0.00 0.00 0
106431 0.00 0.00 0.00 0
106441 0.00 0.00 0.00 0
106442 0.00 0.00 0.00 0
106452 0.00 0.00 0.00 0
106453 0.00 0.00 0.00 0
106458 0.00 0.00 0.00 0
106459 0.00 0.00 0.00 0
106460 0.00 0.00 0.00 0
106463 0.00 0.00 0.00 0
106464 0.00 0.00 0.00 0
106467 0.00 0.00 0.00 0
106468 0.00 0.00 0.00 0
106469 0.00 0.00 0.00 0
106470 0.00 0.00 0.00 0
106471 0.00 0.00 0.00 0
106474 0.00 0.00 0.00 0
106475 0.00 0.00 0.00 0
106476 0.00 0.00 0.00 0
106482 0.00 0.00 0.00 0
106483 0.00 0.00 0.00 0
106484 0.00 0.00 0.00 0
106485 0.00 0.00 0.00 0
106486 0.00 0.00 0.00 0
106490 0.00 0.00 0.00 0
106495 0.00 0.00 0.00 0
106496 0.00 0.00 0.00 0
106497 0.00 0.00 0.00 0
106498 0.00 0.00 0.00 0
106499 0.00 0.00 0.00 0
106504 0.00 0.00 0.00 0
106505 0.00 0.00 0.00 0
106506 0.00 0.00 0.00 0
106507 0.00 0.00 0.00 0
106508 0.00 0.00 0.00 0
106511 0.00 0.00 0.00 0
106512 0.00 0.00 0.00 0
106513 0.00 0.00 0.00 0
106514 0.00 0.00 0.00 0
106515 0.00 0.00 0.00 0
106521 0.00 0.00 0.00 0
106522 0.00 0.00 0.00 0
106523 0.00 0.00 0.00 0
106524 0.00 0.00 0.00 0
106525 0.00 0.00 0.00 0
106534 0.00 0.00 0.00 0
106535 0.00 0.00 0.00 0
106536 0.00 0.00 0.00 0
106537 0.00 0.00 0.00 0
106538 0.00 0.00 0.00 0
106548 0.00 0.00 0.00 0
106549 0.00 0.00 0.00 0
106550 0.00 0.00 0.00 0
106551 0.00 0.00 0.00 0
106552 0.00 0.00 0.00 0
106553 0.00 0.00 0.00 0
106554 0.00 0.00 0.00 0
106565 0.00 0.00 0.00 0
106566 0.00 0.00 0.00 0
106567 0.00 0.00 0.00 0
106568 0.00 0.00 0.00 0
106569 0.00 0.00 0.00 0
106570 0.00 0.00 0.00 0
106571 0.00 0.00 0.00 0
106572 0.00 0.00 0.00 0
106573 0.00 0.00 0.00 0
106574 0.00 0.00 0.00 0
106588 0.00 0.00 0.00 0
106589 0.00 0.00 0.00 0
106590 0.00 0.00 0.00 0
106591 0.00 0.00 0.00 0
106592 0.00 0.00 0.00 0
106593 0.00 0.00 0.00 0
106594 0.00 0.00 0.00 0
106595 0.00 0.00 0.00 0
106596 0.00 0.00 0.00 0
106597 0.00 0.00 0.00 0
106598 0.00 0.00 0.00 0
106599 0.00 0.00 0.00 0
106600 0.00 0.00 0.00 0
106609 0.00 0.00 0.00 0
106610 0.00 0.00 0.00 0
106611 0.00 0.00 0.00 0
106612 0.00 0.00 0.00 0
106613 0.00 0.00 0.00 0
106614 0.00 0.00 0.00 0
106615 0.00 0.00 0.00 0
106616 0.00 0.00 0.00 0
106617 0.00 0.00 0.00 0
106618 0.00 0.00 0.00 0
106619 0.00 0.00 0.00 0
106620 0.00 0.00 0.00 0
106621 0.00 0.00 0.00 0
106624 0.00 0.00 0.00 0
106625 0.00 0.00 0.00 0
106626 0.00 0.00 0.00 0
106627 0.00 0.00 0.00 0
106628 0.00 0.00 0.00 0
106629 0.00 0.00 0.00 0
106630 0.00 0.00 0.00 0
106631 0.00 0.00 0.00 0
106632 0.00 0.00 0.00 0
106633 0.00 0.00 0.00 0
106634 0.00 0.00 0.00 0
106637 0.00 0.00 0.00 0
106638 0.00 0.00 0.00 0
106639 0.00 0.00 0.00 0
106640 0.00 0.00 0.00 0
106641 0.00 0.00 0.00 0
106642 0.00 0.00 0.00 0
106643 0.00 0.00 0.00 0
106644 0.00 0.00 0.00 0
106646 0.00 0.00 0.00 0
106647 0.00 0.00 0.00 0
106648 0.00 0.00 0.00 0
106649 0.00 0.00 0.00 0
106650 0.00 0.00 0.00 0
106651 0.00 0.00 0.00 0
106652 0.00 0.00 0.00 0
106655 0.00 0.00 0.00 0
106656 0.00 0.00 0.00 0
106662 0.00 0.00 0.00 0
106663 0.00 0.00 0.00 0
106668 0.00 0.00 0.00 0
106669 0.00 0.00 0.00 0
106676 0.00 0.00 0.00 0
106677 0.00 0.00 0.00 0
106690 0.00 0.00 0.00 0
106707 0.00 0.00 0.00 0
106708 0.00 0.00 0.00 0
106709 0.00 0.00 0.00 0
106710 0.00 0.00 0.00 0
106721 0.00 0.00 0.00 0
106722 0.00 0.00 0.00 0
107502 0.00 0.00 0.00 0
107503 0.00 0.00 0.00 0
107504 0.00 0.00 0.00 0
107514 0.00 0.00 0.00 0
107515 0.00 0.00 0.00 0
107516 0.00 0.00 0.00 0
107517 0.00 0.00 0.00 0
107526 0.00 0.00 0.00 0
107527 0.00 0.00 0.00 0
107528 0.00 0.00 0.00 0
107529 0.00 0.00 0.00 0
107530 0.00 0.00 0.00 0
107534 0.00 0.00 0.00 0
107535 0.00 0.00 0.00 0
107536 0.00 0.00 0.00 0
107537 0.00 0.00 0.00 0
107538 0.00 0.00 0.00 0
107539 0.00 0.00 0.00 0
107540 0.00 0.00 0.00 0
107545 0.00 0.00 0.00 0
107546 0.00 0.00 0.00 0
107547 0.00 0.00 0.00 0
107548 0.00 0.00 0.00 0
107549 0.00 0.00 0.00 0
107550 0.00 0.00 0.00 0
107554 0.00 0.00 0.00 0
107555 0.00 0.00 0.00 0
107556 0.00 0.00 0.00 0
107557 0.00 0.00 0.00 0
107558 0.00 0.00 0.00 0
107559 0.00 0.00 0.00 0
107560 0.00 0.00 0.00 0
107569 0.00 0.00 0.00 0
107570 0.00 0.00 0.00 0
107571 0.00 0.00 0.00 0
107585 0.00 0.00 0.00 0
107586 0.00 0.00 0.00 0
107597 0.00 0.00 0.00 0
107598 0.00 0.00 0.00 0
107603 0.00 0.00 0.00 0
107604 0.00 0.00 0.00 0
107605 0.00 0.00 0.00 0
107608 0.00 0.00 0.00 0
107609 0.00 0.00 0.00 0
107614 0.00 0.00 0.00 0
107615 0.00 0.00 0.00 0
107616 0.00 0.00 0.00 0
107617 0.00 0.00 0.00 0
107618 0.00 0.00 0.00 0
107627 0.00 0.00 0.00 0
107628 0.00 0.00 0.00 0
107629 0.00 0.00 0.00 0
107635 0.00 0.00 0.00 0
107636 0.00 0.00 0.00 0
107637 0.00 0.00 0.00 0
107638 0.00 0.00 0.00 0
107639 0.00 0.00 0.00 0
107644 0.00 0.00 0.00 0
107645 0.00 0.00 0.00 0
107646 0.00 0.00 0.00 0
107647 0.00 0.00 0.00 0
107648 0.00 0.00 0.00 0
107652 0.00 0.00 0.00 0
107653 0.00 0.00 0.00 0
107654 0.00 0.00 0.00 0
107655 0.00 0.00 0.00 0
107656 0.00 0.00 0.00 0
107664 0.00 0.00 0.00 0
107665 0.00 0.00 0.00 0
107666 0.00 0.00 0.00 0
107667 0.00 0.00 0.00 0
107668 0.00 0.00 0.00 0
107669 0.00 0.00 0.00 0
107670 0.00 0.00 0.00 0
107679 0.00 0.00 0.00 0
107680 0.00 0.00 0.00 0
107681 0.00 0.00 0.00 0
107682 0.00 0.00 0.00 0
107683 0.00 0.00 0.00 0
107684 0.00 0.00 0.00 0
107685 0.00 0.00 0.00 0
107686 0.00 0.00 0.00 0
107695 0.00 0.00 0.00 0
107696 0.00 0.00 0.00 0
107697 0.00 0.00 0.00 0
107698 0.00 0.00 0.00 0
107699 0.00 0.00 0.00 0
107700 0.00 0.00 0.00 0
107701 0.00 0.00 0.00 0
107702 0.00 0.00 0.00 0
107715 0.00 0.00 0.00 0
107716 0.00 0.00 0.00 0
107717 0.00 0.00 0.00 0
107718 0.00 0.00 0.00 0
107719 0.00 0.00 0.00 0
107720 0.00 0.00 0.00 0
107721 0.00 0.00 0.00 0
107722 0.00 0.00 0.00 0
107723 0.00 0.00 0.00 0
107724 0.00 0.00 0.00 0
107725 0.00 0.00 0.00 0
107726 0.00 0.00 0.00 0
107727 0.00 0.00 0.00 0
107728 0.00 0.00 0.00 0
107734 0.00 0.00 0.00 0
107735 0.00 0.00 0.00 0
107736 0.00 0.00 0.00 0
107737 0.00 0.00 0.00 0
107738 0.00 0.00 0.00 0
107739 0.00 0.00 0.00 0
107740 0.00 0.00 0.00 0
107741 0.00 0.00 0.00 0
107742 0.00 0.00 0.00 0
107743 0.00 0.00 0.00 0
107744 0.00 0.00 0.00 0
107745 0.00 0.00 0.00 0
107746 0.00 0.00 0.00 0
107749 0.00 0.00 0.00 0
107750 0.00 0.00 0.00 0
107751 0.00 0.00 0.00 0
107752 0.00 0.00 0.00 0
107753 0.00 0.00 0.00 0
107754 0.00 0.00 0.00 0
107755 0.00 0.00 0.00 0
107756 0.00 0.00 0.00 0
107757 0.00 0.00 0.00 0
107758 0.00 0.00 0.00 0
107759 0.00 0.00 0.00 0
107762 0.00 0.00 0.00 0
107763 0.00 0.00 0.00 0
107764 0.00 0.00 0.00 0
107765 0.00 0.00 0.00 0
107766 0.00 0.00 0.00 0
107767 0.00 0.00 0.00 0
107768 0.00 0.00 0.00 0
107771 0.00 0.00 0.00 0
107772 0.00 0.00 0.00 0
107773 0.00 0.00 0.00 0
107774 0.00 0.00 0.00 0
107777 0.00 0.00 0.00 0
107778 0.00 0.00 0.00 0
107784 0.00 0.00 0.00 0
107785 0.00 0.00 0.00 0
107787 0.00 0.00 0.00 0
107793 0.00 0.00 0.00 0
107794 0.00 0.00 0.00 0
107810 0.00 0.00 0.00 0
107811 0.00 0.00 0.00 0
107812 0.00 0.00 0.00 0
107829 0.00 0.00 0.00 0
107830 0.00 0.00 0.00 0
107831 0.00 0.00 0.00 0
108614 0.00 0.00 0.00 0
108615 0.00 0.00 0.00 0
108628 0.00 0.00 0.00 0
108629 0.00 0.00 0.00 0
108630 0.00 0.00 0.00 0
108631 0.00 0.00 0.00 0
108640 0.00 0.00 0.00 0
108641 0.00 0.00 0.00 0
108642 0.00 0.00 0.00 0
108643 0.00 0.00 0.00 0
108650 0.00 0.00 0.00 0
108651 0.00 0.00 0.00 0
108652 0.00 0.00 0.00 0
108653 0.00 0.00 0.00 0
108654 0.00 0.00 0.00 0
108658 0.00 0.00 0.00 0
108659 0.00 0.00 0.00 0
108660 0.00 0.00 0.00 0
108661 0.00 0.00 0.00 0
108662 0.00 0.00 0.00 0
108663 0.00 0.00 0.00 0
108664 0.00 0.00 0.00 0
108668 0.00 0.00 0.00 0
108669 0.00 0.00 0.00 0
108670 0.00 0.00 0.00 0
108671 0.00 0.00 0.00 0
108672 0.00 0.00 0.00 0
108673 0.00 0.00 0.00 0
108674 0.00 0.00 0.00 0
108675 0.00 0.00 0.00 0
108676 0.00 0.00 0.00 0
108680 0.00 0.00 0.00 0
108681 0.00 0.00 0.00 0
108684 0.00 0.00 0.00 0
108685 0.00 0.00 0.00 0
108686 0.00 0.00 0.00 0
108687 0.00 0.00 0.00 0
108688 0.00 0.00 0.00 0
108689 0.00 0.00 0.00 0
108690 0.00 0.00 0.00 0
108699 0.00 0.00 0.00 0
108704 0.00 0.00 0.00 0
108705 0.00 0.00 0.00 0
108706 0.00 0.00 0.00 0
108721 0.00 0.00 0.00 0
108722 0.00 0.00 0.00 0
108731 0.00 0.00 0.00 0
108737 0.00 0.00 0.00 0
108738 0.00 0.00 0.00 0
108739 0.00 0.00 0.00 0
108740 0.00 0.00 0.00 0
108749 0.00 0.00 0.00 0
108750 0.00 0.00 0.00 0
108751 0.00 0.00 0.00 0
108752 0.00 0.00 0.00 0
108753 0.00 0.00 0.00 0
108754 0.00 0.00 0.00 0
108759 0.00 0.00 0.00 0
108760 0.00 0.00 0.00 0
108761 0.00 0.00 0.00 0
108762 0.00 0.00 0.00 0
108763 0.00 0.00 0.00 0
108764 0.00 0.00 0.00 0
108769 0.00 0.00 0.00 0
108770 0.00 0.00 0.00 0
108771 0.00 0.00 0.00 0
108772 0.00 0.00 0.00 0
108779 0.00 0.00 0.00 0
108780 0.00 0.00 0.00 0
108781 0.00 0.00 0.00 0
108782 0.00 0.00 0.00 0
108789 0.00 0.00 0.00 0
108790 0.00 0.00 0.00 0
108791 0.00 0.00 0.00 0
108792 0.00 0.00 0.00 0
108793 0.00 0.00 0.00 0
108794 0.00 0.00 0.00 0
108802 0.00 0.00 0.00 0
108803 0.00 0.00 0.00 0
108804 0.00 0.00 0.00 0
108805 0.00 0.00 0.00 0
108806 0.00 0.00 0.00 0
108807 0.00 0.00 0.00 0
108818 0.00 0.00 0.00 0
108819 0.00 0.00 0.00 0
108820 0.00 0.00 0.00 0
108821 0.00 0.00 0.00 0
108822 0.00 0.00 0.00 0
108823 0.00 0.00 0.00 0
108824 0.00 0.00 0.00 0
108825 0.00 0.00 0.00 0
108839 0.00 0.00 0.00 0
108840 0.00 0.00 0.00 0
108841 0.00 0.00 0.00 0
108842 0.00 0.00 0.00 0
108843 0.00 0.00 0.00 0
108844 0.00 0.00 0.00 0
108845 0.00 0.00 0.00 0
108846 0.00 0.00 0.00 0
108847 0.00 0.00 0.00 0
108848 0.00 0.00 0.00 0
108849 0.00 0.00 0.00 0
108850 0.00 0.00 0.00 0
108851 0.00 0.00 0.00 0
108852 0.00 0.00 0.00 0
108853 0.00 0.00 0.00 0
108862 0.00 0.00 0.00 0
108863 0.00 0.00 0.00 0
108864 0.00 0.00 0.00 0
108865 0.00 0.00 0.00 0
108866 0.00 0.00 0.00 0
108867 0.00 0.00 0.00 0
108868 0.00 0.00 0.00 0
108869 0.00 0.00 0.00 0
108871 0.00 0.00 0.00 0
108872 0.00 0.00 0.00 0
108873 0.00 0.00 0.00 0
108874 0.00 0.00 0.00 0
108875 0.00 0.00 0.00 0
108876 0.00 0.00 0.00 0
108877 0.00 0.00 0.00 0
108878 0.00 0.00 0.00 0
108881 0.00 0.00 0.00 0
108882 0.00 0.00 0.00 0
108883 0.00 0.00 0.00 0
108884 0.00 0.00 0.00 0
108885 0.00 0.00 0.00 0
108888 0.00 0.00 0.00 0
108889 0.00 0.00 0.00 0
108890 0.00 0.00 0.00 0
108892 0.00 0.00 0.00 0
108893 0.00 0.00 0.00 0
108899 0.00 0.00 0.00 0
108900 0.00 0.00 0.00 0
108902 0.00 0.00 0.00 0
108911 0.00 0.00 0.00 0
108912 0.00 0.00 0.00 0
108928 0.00 0.00 0.00 0
108929 0.00 0.00 0.00 0
108930 0.00 0.00 0.00 0
109720 0.00 0.00 0.00 0
109721 0.00 0.00 0.00 0
109725 0.00 0.00 0.00 0
109726 0.00 0.00 0.00 0
109727 0.00 0.00 0.00 0
109728 0.00 0.00 0.00 0
109732 0.00 0.00 0.00 0
109733 0.00 0.00 0.00 0
109734 0.00 0.00 0.00 0
109735 0.00 0.00 0.00 0
109736 0.00 0.00 0.00 0
109741 0.00 0.00 0.00 0
109742 0.00 0.00 0.00 0
109743 0.00 0.00 0.00 0
109744 0.00 0.00 0.00 0
109745 0.00 0.00 0.00 0
109746 0.00 0.00 0.00 0
109747 0.00 0.00 0.00 0
109748 0.00 0.00 0.00 0
109749 0.00 0.00 0.00 0
109750 0.00 0.00 0.00 0
109758 0.00 0.00 0.00 0
109759 0.00 0.00 0.00 0
109760 0.00 0.00 0.00 0
109761 0.00 0.00 0.00 0
109762 0.00 0.00 0.00 0
109775 0.00 0.00 0.00 0
109804 0.00 0.00 0.00 0
109805 0.00 0.00 0.00 0
109806 0.00 0.00 0.00 0
109807 0.00 0.00 0.00 0
109808 0.00 0.00 0.00 0
109815 0.00 0.00 0.00 0
109816 0.00 0.00 0.00 0
109817 0.00 0.00 0.00 0
109818 0.00 0.00 0.00 0
109819 0.00 0.00 0.00 0
109824 0.00 0.00 0.00 0
109825 0.00 0.00 0.00 0
109826 0.00 0.00 0.00 0
109827 0.00 0.00 0.00 0
109833 0.00 0.00 0.00 0
109834 0.00 0.00 0.00 0
109835 0.00 0.00 0.00 0
109836 0.00 0.00 0.00 0
109842 0.00 0.00 0.00 0
109843 0.00 0.00 0.00 0
109844 0.00 0.00 0.00 0
109845 0.00 0.00 0.00 0
109846 0.00 0.00 0.00 0
109852 0.00 0.00 0.00 0
109853 0.00 0.00 0.00 0
109854 0.00 0.00 0.00 0
109855 0.00 0.00 0.00 0
109856 0.00 0.00 0.00 0
109857 0.00 0.00 0.00 0
109868 0.00 0.00 0.00 0
109869 0.00 0.00 0.00 0
109870 0.00 0.00 0.00 0
109871 0.00 0.00 0.00 0
109872 0.00 0.00 0.00 0
109873 0.00 0.00 0.00 0
109874 0.00 0.00 0.00 0
109875 0.00 0.00 0.00 0
109876 0.00 0.00 0.00 0
109877 0.00 0.00 0.00 0
109878 0.00 0.00 0.00 0
109892 0.00 0.00 0.00 0
109893 0.00 0.00 0.00 0
109894 0.00 0.00 0.00 0
109895 0.00 0.00 0.00 0
109896 0.00 0.00 0.00 0
109897 0.00 0.00 0.00 0
109898 0.00 0.00 0.00 0
109899 0.00 0.00 0.00 0
109900 0.00 0.00 0.00 0
109901 0.00 0.00 0.00 0
109902 0.00 0.00 0.00 0
109903 0.00 0.00 0.00 0
109904 0.00 0.00 0.00 0
109905 0.00 0.00 0.00 0
109906 0.00 0.00 0.00 0
109907 0.00 0.00 0.00 0
109920 0.00 0.00 0.00 0
109921 0.00 0.00 0.00 0
109922 0.00 0.00 0.00 0
109923 0.00 0.00 0.00 0
109924 0.00 0.00 0.00 0
109926 0.00 0.00 0.00 0
109927 0.00 0.00 0.00 0
109928 0.00 0.00 0.00 0
109929 0.00 0.00 0.00 0
109930 0.00 0.00 0.00 0
109932 0.00 0.00 0.00 0
109933 0.00 0.00 0.00 0
109934 0.00 0.00 0.00 0
109935 0.00 0.00 0.00 0
109936 0.00 0.00 0.00 0
109937 0.00 0.00 0.00 0
109940 0.00 0.00 0.00 0
109941 0.00 0.00 0.00 0
109942 0.00 0.00 0.00 0
109943 0.00 0.00 0.00 0
109946 0.00 0.00 0.00 0
109947 0.00 0.00 0.00 0
109948 0.00 0.00 0.00 0
109954 0.00 0.00 0.00 0
109955 0.00 0.00 0.00 0
109957 0.00 0.00 0.00 0
109966 0.00 0.00 0.00 0
109967 0.00 0.00 0.00 0
109978 0.00 0.00 0.00 0
109979 0.00 0.00 0.00 0
109980 0.00 0.00 0.00 0
110714 0.00 0.00 0.00 0
110715 0.00 0.00 0.00 0
110721 0.00 0.00 0.00 0
110722 0.00 0.00 0.00 0
110723 0.00 0.00 0.00 0
110724 0.00 0.00 0.00 0
110725 0.00 0.00 0.00 0
110726 0.00 0.00 0.00 0
110727 0.00 0.00 0.00 0
110728 0.00 0.00 0.00 0
110735 0.00 0.00 0.00 0
110736 0.00 0.00 0.00 0
110737 0.00 0.00 0.00 0
110738 0.00 0.00 0.00 0
110739 0.00 0.00 0.00 0
110773 0.00 0.00 0.00 0
110774 0.00 0.00 0.00 0
110780 0.00 0.00 0.00 0
110781 0.00 0.00 0.00 0
110782 0.00 0.00 0.00 0
110787 0.00 0.00 0.00 0
110788 0.00 0.00 0.00 0
110789 0.00 0.00 0.00 0
110796 0.00 0.00 0.00 0
110797 0.00 0.00 0.00 0
110798 0.00 0.00 0.00 0
110808 0.00 0.00 0.00 0
110809 0.00 0.00 0.00 0
110810 0.00 0.00 0.00 0
110811 0.00 0.00 0.00 0
110812 0.00 0.00 0.00 0
110813 0.00 0.00 0.00 0
110826 0.00 0.00 0.00 0
110827 0.00 0.00 0.00 0
110828 0.00 0.00 0.00 0
110829 0.00 0.00 0.00 0
110830 0.00 0.00 0.00 0
110831 0.00 0.00 0.00 0
110832 0.00 0.00 0.00 0
110833 0.00 0.00 0.00 0
110846 0.00 0.00 0.00 0
110847 0.00 0.00 0.00 0
110848 0.00 0.00 0.00 0
110849 0.00 0.00 0.00 0
110850 0.00 0.00 0.00 0
110851 0.00 0.00 0.00 0
110852 0.00 0.00 0.00 0
110853 0.00 0.00 0.00 0
110854 0.00 0.00 0.00 0
110855 0.00 0.00 0.00 0
110868 0.00 0.00 0.00 0
110869 0.00 0.00 0.00 0
110870 0.00 0.00 0.00 0
110871 0.00 0.00 0.00 0
110872 0.00 0.00 0.00 0
110873 0.00 0.00 0.00 0
110874 0.00 0.00 0.00 0
110875 0.00 0.00 0.00 0
110876 0.00 0.00 0.00 0
110877 0.00 0.00 0.00 0
110878 0.00 0.00 0.00 0
110879 0.00 0.00 0.00 0
110880 0.00 0.00 0.00 0
110894 0.00 0.00 0.00 0
110895 0.00 0.00 0.00 0
110896 0.00 0.00 0.00 0
110897 0.00 0.00 0.00 0
110898 0.00 0.00 0.00 0
110899 0.00 0.00 0.00 0
110902 0.00 0.00 0.00 0
110903 0.00 0.00 0.00 0
110904 0.00 0.00 0.00 0
110907 0.00 0.00 0.00 0
110908 0.00 0.00 0.00 0
110909 0.00 0.00 0.00 0
110910 0.00 0.00 0.00 0
110911 0.00 0.00 0.00 0
110914 0.00 0.00 0.00 0
110915 0.00 0.00 0.00 0
110916 0.00 0.00 0.00 0
110917 0.00 0.00 0.00 0
110923 0.00 0.00 0.00 0
110924 0.00 0.00 0.00 0
110925 0.00 0.00 0.00 0
110926 0.00 0.00 0.00 0
110932 0.00 0.00 0.00 0
110933 0.00 0.00 0.00 0
110935 0.00 0.00 0.00 0
110936 0.00 0.00 0.00 0
110946 0.00 0.00 0.00 0
110947 0.00 0.00 0.00 0
110961 0.00 0.00 0.00 0
110962 0.00 0.00 0.00 0
110963 0.00 0.00 0.00 0
110964 0.00 0.00 0.00 0
111708 0.00 0.00 0.00 0
111709 0.00 0.00 0.00 0
111710 0.00 0.00 0.00 0
111711 0.00 0.00 0.00 0
111712 0.00 0.00 0.00 0
111713 0.00 0.00 0.00 0
111714 0.00 0.00 0.00 0
111715 0.00 0.00 0.00 0
111716 0.00 0.00 0.00 0
111723 0.00 0.00 0.00 0
111724 0.00 0.00 0.00 0
111725 0.00 0.00 0.00 0
111778 0.00 0.00 0.00 0
111779 0.00 0.00 0.00 0
111792 0.00 0.00 0.00 0
111793 0.00 0.00 0.00 0
111794 0.00 0.00 0.00 0
111795 0.00 0.00 0.00 0
111796 0.00 0.00 0.00 0
111809 0.00 0.00 0.00 0
111810 0.00 0.00 0.00 0
111811 0.00 0.00 0.00 0
111812 0.00 0.00 0.00 0
111813 0.00 0.00 0.00 0
111826 0.00 0.00 0.00 0
111827 0.00 0.00 0.00 0
111828 0.00 0.00 0.00 0
111829 0.00 0.00 0.00 0
111830 0.00 0.00 0.00 0
111842 0.00 0.00 0.00 0
111843 0.00 0.00 0.00 0
111856 0.00 0.00 0.00 0
111857 0.00 0.00 0.00 0
111858 0.00 0.00 0.00 0
111859 0.00 0.00 0.00 0
111863 0.00 0.00 0.00 0
111864 0.00 0.00 0.00 0
111865 0.00 0.00 0.00 0
111868 0.00 0.00 0.00 0
111869 0.00 0.00 0.00 0
111870 0.00 0.00 0.00 0
111871 0.00 0.00 0.00 0
111873 0.00 0.00 0.00 0
111874 0.00 0.00 0.00 0
111875 0.00 0.00 0.00 0
111876 0.00 0.00 0.00 0
111882 0.00 0.00 0.00 0
111883 0.00 0.00 0.00 0
111884 0.00 0.00 0.00 0
111885 0.00 0.00 0.00 0
111888 0.00 0.00 0.00 0
111889 0.00 0.00 0.00 0
111893 0.00 0.00 0.00 0
111901 0.00 0.00 0.00 0
111902 0.00 0.00 0.00 0
111915 0.00 0.00 0.00 0
111916 0.00 0.00 0.00 0
111917 0.00 0.00 0.00 0
111918 0.00 0.00 0.00 0
111919 0.00 0.00 0.00 0
112686 0.00 0.00 0.00 0
112687 0.00 0.00 0.00 0
112688 0.00 0.00 0.00 0
112699 0.00 0.00 0.00 0
112700 0.00 0.00 0.00 0
112701 0.00 0.00 0.00 0
112702 0.00 0.00 0.00 0
112703 0.00 0.00 0.00 0
112708 0.00 0.00 0.00 0
112709 0.00 0.00 0.00 0
112710 0.00 0.00 0.00 0
112711 0.00 0.00 0.00 0
112712 0.00 0.00 0.00 0
112713 0.00 0.00 0.00 0
112714 0.00 0.00 0.00 0
112715 0.00 0.00 0.00 0
112719 0.00 0.00 0.00 0
112720 0.00 0.00 0.00 0
112721 0.00 0.00 0.00 0
112722 0.00 0.00 0.00 0
112723 0.00 0.00 0.00 0
112724 0.00 0.00 0.00 0
112725 0.00 0.00 0.00 0
112726 0.00 0.00 0.00 0
112727 0.00 0.00 0.00 0
112734 0.00 0.00 0.00 0
112832 0.00 0.00 0.00 0
112833 0.00 0.00 0.00 0
112845 0.00 0.00 0.00 0
112846 0.00 0.00 0.00 0
112860 0.00 0.00 0.00 0
112861 0.00 0.00 0.00 0
112870 0.00 0.00 0.00 0
112875 0.00 0.00 0.00 0
112876 0.00 0.00 0.00 0
112878 0.00 0.00 0.00 0
112879 0.00 0.00 0.00 0
112880 0.00 0.00 0.00 0
112881 0.00 0.00 0.00 0
112887 0.00 0.00 0.00 0
112888 0.00 0.00 0.00 0
112889 0.00 0.00 0.00 0
112896 0.00 0.00 0.00 0
112897 0.00 0.00 0.00 0
112903 0.00 0.00 0.00 0
112913 0.00 0.00 0.00 0
112914 0.00 0.00 0.00 0
112930 0.00 0.00 0.00 0
112931 0.00 0.00 0.00 0
112932 0.00 0.00 0.00 0
113691 0.00 0.00 0.00 0
113692 0.00 0.00 0.00 0
113693 0.00 0.00 0.00 0
113694 0.00 0.00 0.00 0
113708 0.00 0.00 0.00 0
113709 0.00 0.00 0.00 0
113710 0.00 0.00 0.00 0
113711 0.00 0.00 0.00 0
113712 0.00 0.00 0.00 0
113713 0.00 0.00 0.00 0
113724 0.00 0.00 0.00 0
113725 0.00 0.00 0.00 0
113726 0.00 0.00 0.00 0
113727 0.00 0.00 0.00 0
113728 0.00 0.00 0.00 0
113729 0.00 0.00 0.00 0
113735 0.00 0.00 0.00 0
113736 0.00 0.00 0.00 0
113737 0.00 0.00 0.00 0
113738 0.00 0.00 0.00 0
113744 0.00 0.00 0.00 0
113886 0.00 0.00 0.00 0
113899 0.00 0.00 0.00 0
113900 0.00 0.00 0.00 0
113914 0.00 0.00 0.00 0
113915 0.00 0.00 0.00 0
113928 0.00 0.00 0.00 0
113929 0.00 0.00 0.00 0
113930 0.00 0.00 0.00 0
113938 0.00 0.00 0.00 0
113939 0.00 0.00 0.00 0
113945 0.00 0.00 0.00 0
113946 0.00 0.00 0.00 0
113947 0.00 0.00 0.00 0
113952 0.00 0.00 0.00 0
113953 0.00 0.00 0.00 0
113954 0.00 0.00 0.00 0
113955 0.00 0.00 0.00 0
113958 0.00 0.00 0.00 0
113959 0.00 0.00 0.00 0
113960 0.00 0.00 0.00 0
113970 0.00 0.00 0.00 0
113971 0.00 0.00 0.00 0
113972 0.00 0.00 0.00 0
113979 0.00 0.00 0.00 0
113980 0.00 0.00 0.00 0
113990 0.00 0.00 0.00 0
113991 0.00 0.00 0.00 0
113992 0.00 0.00 0.00 0
114007 0.00 0.00 0.00 0
114008 0.00 0.00 0.00 0
114009 0.00 0.00 0.00 0
114010 0.00 0.00 0.00 0
114781 0.00 0.00 0.00 0
114782 0.00 0.00 0.00 0
114792 0.00 0.00 0.00 0
114793 0.00 0.00 0.00 0
114794 0.00 0.00 0.00 0
114809 0.00 0.00 0.00 0
114810 0.00 0.00 0.00 0
114811 0.00 0.00 0.00 0
114812 0.00 0.00 0.00 0
114827 0.00 0.00 0.00 0
114828 0.00 0.00 0.00 0
114830 0.00 0.00 0.00 0
114839 0.00 0.00 0.00 0
114840 0.00 0.00 0.00 0
114977 0.00 0.00 0.00 0
114992 0.00 0.00 0.00 0
114993 0.00 0.00 0.00 0
115006 0.00 0.00 0.00 0
115007 0.00 0.00 0.00 0
115015 0.00 0.00 0.00 0
115016 0.00 0.00 0.00 0
115017 0.00 0.00 0.00 0
115025 0.00 0.00 0.00 0
115026 0.00 0.00 0.00 0
115030 0.00 0.00 0.00 0
115031 0.00 0.00 0.00 0
115032 0.00 0.00 0.00 0
115033 0.00 0.00 0.00 0
115038 0.00 0.00 0.00 0
115039 0.00 0.00 0.00 0
115040 0.00 0.00 0.00 0
115041 0.00 0.00 0.00 0
115044 0.00 0.00 0.00 0
115045 0.00 0.00 0.00 0
115057 0.00 0.00 0.00 0
115058 0.00 0.00 0.00 0
115065 0.00 0.00 0.00 0
115066 0.00 0.00 0.00 0
115078 0.00 0.00 0.00 0
115079 0.00 0.00 0.00 0
115080 0.00 0.00 0.00 0
115097 0.00 0.00 0.00 0
115098 0.00 0.00 0.00 0
115099 0.00 0.00 0.00 0
115893 0.00 0.00 0.00 0
115894 0.00 0.00 0.00 0
115910 0.00 0.00 0.00 0
115911 0.00 0.00 0.00 0
115912 0.00 0.00 0.00 0
115926 0.00 0.00 0.00 0
115927 0.00 0.00 0.00 0
116064 0.00 0.00 0.00 0
116065 0.00 0.00 0.00 0
116066 0.00 0.00 0.00 0
116082 0.00 0.00 0.00 0
116083 0.00 0.00 0.00 0
116084 0.00 0.00 0.00 0
116094 0.00 0.00 0.00 0
116095 0.00 0.00 0.00 0
116096 0.00 0.00 0.00 0
116103 0.00 0.00 0.00 0
116104 0.00 0.00 0.00 0
116107 0.00 0.00 0.00 0
116108 0.00 0.00 0.00 0
116109 0.00 0.00 0.00 0
116110 0.00 0.00 0.00 0
116111 0.00 0.00 0.00 0
116117 0.00 0.00 0.00 0
116118 0.00 0.00 0.00 0
116119 0.00 0.00 0.00 0
116120 0.00 0.00 0.00 0
116123 0.00 0.00 0.00 0
116124 0.00 0.00 0.00 0
116138 0.00 0.00 0.00 0
116148 0.00 0.00 0.00 0
116149 0.00 0.00 0.00 0
116163 0.00 0.00 0.00 0
116164 0.00 0.00 0.00 0
116165 0.00 0.00 0.00 0
116166 0.00 0.00 0.00 0
116184 0.00 0.00 0.00 0
116185 0.00 0.00 0.00 0
116967 0.00 0.00 0.00 0
117145 0.00 0.00 0.00 0
117157 0.00 0.00 0.00 0
117158 0.00 0.00 0.00 0
117159 0.00 0.00 0.00 0
117161 0.00 0.00 0.00 0
117162 0.00 0.00 0.00 0
117163 0.00 0.00 0.00 0
117164 0.00 0.00 0.00 0
117165 0.00 0.00 0.00 0
117167 0.00 0.00 0.00 0
117168 0.00 0.00 0.00 0
117169 0.00 0.00 0.00 0
117170 0.00 0.00 0.00 0
117171 0.00 0.00 0.00 0
117176 0.00 0.00 0.00 0
117177 0.00 0.00 0.00 0
117178 0.00 0.00 0.00 0
117181 0.00 0.00 0.00 0
117182 0.00 0.00 0.00 0
117183 0.00 0.00 0.00 0
117197 0.00 0.00 0.00 0
117198 0.00 0.00 0.00 0
117213 0.00 0.00 0.00 0
117214 0.00 0.00 0.00 0
117227 0.00 0.00 0.00 0
117228 0.00 0.00 0.00 0
117229 0.00 0.00 0.00 0
118249 0.00 0.00 0.00 0
118250 0.00 0.00 0.00 0
118273 0.00 0.00 0.00 0
118274 0.00 0.00 0.00 0
118275 0.00 0.00 0.00 0
118276 0.00 0.00 0.00 0
118292 0.00 0.00 0.00 0
118293 0.00 0.00 0.00 0
118294 0.00 0.00 0.00 0
118295 0.00 0.00 0.00 0
118296 0.00 0.00 0.00 0
118303 0.00 0.00 0.00 0
118304 0.00 0.00 0.00 0
118305 0.00 0.00 0.00 0
118311 0.00 0.00 0.00 0
118312 0.00 0.00 0.00 0
118320 0.00 0.00 0.00 0
118321 0.00 0.00 0.00 0
118325 0.00 0.00 0.00 0
118326 0.00 0.00 0.00 0
118340 0.00 0.00 0.00 0
118341 0.00 0.00 0.00 0
118356 0.00 0.00 0.00 0
118357 0.00 0.00 0.00 0
118358 0.00 0.00 0.00 0
118359 0.00 0.00 0.00 0
118369 0.00 0.00 0.00 0
118370 0.00 0.00 0.00 0
118371 0.00 0.00 0.00 0
119366 0.00 0.00 0.00 0
119379 0.00 0.00 0.00 0
119380 0.00 0.00 0.00 0
119397 0.00 0.00 0.00 0
119398 0.00 0.00 0.00 0
119411 0.00 0.00 0.00 0
119420 0.00 0.00 0.00 0
119421 0.00 0.00 0.00 0
119431 0.00 0.00 0.00 0
119432 0.00 0.00 0.00 0
119446 0.00 0.00 0.00 0
119447 0.00 0.00 0.00 0
119465 0.00 0.00 0.00 0
119466 0.00 0.00 0.00 0
119467 0.00 0.00 0.00 0
119480 0.00 0.00 0.00 0
119481 0.00 0.00 0.00 0
119482 0.00 0.00 0.00 0
119483 0.00 0.00 0.00 0
120412 0.00 0.00 0.00 0
120423 0.00 0.00 0.00 0
120424 0.00 0.00 0.00 0
120439 0.00 0.00 0.00 0
120440 0.00 0.00 0.00 0
120453 0.00 0.00 0.00 0
120454 0.00 0.00 0.00 0
120468 0.00 0.00 0.00 0
120469 0.00 0.00 0.00 0
120470 0.00 0.00 0.00 0
120482 0.00 0.00 0.00 0
120483 0.00 0.00 0.00 0
120499 0.00 0.00 0.00 0
120500 0.00 0.00 0.00 0
120518 0.00 0.00 0.00 0
120519 0.00 0.00 0.00 0
120520 0.00 0.00 0.00 0
120536 0.00 0.00 0.00 0
121504 0.00 0.00 0.00 0
121518 0.00 0.00 0.00 0
121540 0.00 0.00 0.00 0
121541 0.00 0.00 0.00 0
121562 0.00 0.00 0.00 0
121563 0.00 0.00 0.00 0
