# caudalmiddlefrontal
3810
78607 0.00 0.00 0.00 0
78608 0.00 0.00 0.00 0
78609 0.00 0.00 0.00 0
78623 0.00 0.00 0.00 0
78624 0.00 0.00 0.00 0
78625 0.00 0.00 0.00 0
78626 0.00 0.00 0.00 0
78643 0.00 0.00 0.00 0
78644 0.00 0.00 0.00 0
78645 0.00 0.00 0.00 0
78646 0.00 0.00 0.00 0
78658 0.00 0.00 0.00 0
78659 0.00 0.00 0.00 0
79898 0.00 0.00 0.00 0
79899 0.00 0.00 0.00 0
79915 0.00 0.00 0.00 0
79916 0.00 0.00 0.00 0
79917 0.00 0.00 0.00 0
79918 0.00 0.00 0.00 0
79919 0.00 0.00 0.00 0
79920 0.00 0.00 0.00 0
79930 0.00 0.00 0.00 0
79931 0.00 0.00 0.00 0
79932 0.00 0.00 0.00 0
79933 0.00 0.00 0.00 0
79934 0.00 0.00 0.00 0
79935 0.00 0.00 0.00 0
79945 0.00 0.00 0.00 0
79946 0.00 0.00 0.00 0
79947 0.00 0.00 0.00 0
79948 0.00 0.00 0.00 0
79949 0.00 0.00 0.00 0
79950 0.00 0.00 0.00 0
79961 0.00 0.00 0.00 0
79962 0.00 0.00 0.00 0
79963 0.00 0.00 0.00 0
79964 0.00 0.00 0.00 0
81162 0.00 0.00 0.00 0
81163 0.00 0.00 0.00 0
81164 0.00 0.00 0.00 0
81165 0.00 0.00 0.00 0
81166 0.00 0.00 0.00 0
81180 0.00 0.00 0.00 0
81181 0.00 0.00 0.00 0
81182 0.00 0.00 0.00 0
81191 0.00 0.00 0.00 0
81192 0.00 0.00 0.00 0
81193 0.00 0.00 0.00 0
81194 0.00 0.00 0.00 0
81195 0.00 0.00 0.00 0
81196 0.00 0.00 0.00 0
81207 0.00 0.00 0.00 0
81208 0.00 0.00 0.00 0
81209 0.00 0.00 0.00 0
81210 0.00 0.00 0.00 0
81211 0.00 0.00 0.00 0
81212 0.00 0.00 0.00 0
81225 0.00 0.00 0.00 0
81226 0.00 0.00 0.00 0
81227 0.00 0.00 0.00 0
81228 0.00 0.00 0.00 0
82338 0.00 0.00 0.00 0
82339 0.00 0.00 0.00 0
82351 0.00 0.00 0.00 0
82352 0.00 0.00 0.00 0
82353 0.00 0.00 0.00 0
82368 0.00 0.00 0.00 0
82369 0.00 0.00 0.00 0
82370 0.00 0.00 0.00 0
82371 0.00 0.00 0.00 0
82372 0.00 0.00 0.00 0
82373 0.00 0.00 0.00 0
82374 0.00 0.00 0.00 0
82387 0.00 0.00 0.00 0
82388 0.00 0.00 0.00 0
82395 0.00 0.00 0.00 0
82396 0.00 0.00 0.00 0
82397 0.00 0.00 0.00 0
82398 0.00 0.00 0.00 0
82399 0.00 0.00 0.00 0
82400 0.00 0.00 0.00 0
82409 0.00 0.00 0.00 0
82410 0.00 0.00 0.00 0
82411 0.00 0.00 0.00 0
82412 0.00 0.00 0.00 0
82413 0.00 0.00 0.00 0
82414 0.00 0.00 0.00 0
82415 0.00 0.00 0.00 0
82428 0.00 0.00 0.00 0
82429 0.00 0.00 0.00 0
82430 0.00 0.00 0.00 0
82431 0.00 0.00 0.00 0
82432 0.00 0.00 0.00 0
82433 0.00 0.00 0.00 0
82434 0.00 0.00 0.00 0
82451 0.00 0.00 0.00 0
82452 0.00 0.00 0.00 0
82453 0.00 0.00 0.00 0
82454 0.00 0.00 0.00 0
82455 0.00 0.00 0.00 0
82474 0.00 0.00 0.00 0
82475 0.00 0.00 0.00 0
82476 0.00 0.00 0.00 0
82494 0.00 0.00 0.00 0
82511 0.00 0.00 0.00 0
82512 0.00 0.00 0.00 0
82530 0.00 0.00 0.00 0
82531 0.00 0.00 0.00 0
82532 0.00 0.00 0.00 0
82533 0.00 0.00 0.00 0
82549 0.00 0.00 0.00 0
82550 0.00 0.00 0.00 0
82551 0.00 0.00 0.00 0
82552 0.00 0.00 0.00 0
83564 0.00 0.00 0.00 0
83565 0.00 0.00 0.00 0
83570 0.00 0.00 0.00 0
83571 0.00 0.00 0.00 0
83572 0.00 0.00 0.00 0
83575 0.00 0.00 0.00 0
83576 0.00 0.00 0.00 0
83577 0.00 0.00 0.00 0
83578 0.00 0.00 0.00 0
83582 0.00 0.00 0.00 0
83583 0.00 0.00 0.00 0
83584 0.00 0.00 0.00 0
83585 0.00 0.00 0.00 0
83586 0.00 0.00 0.00 0
83600 0.00 0.00 0.00 0
83601 0.00 0.00 0.00 0
83602 0.00 0.00 0.00 0
83603 0.00 0.00 0.00 0
83604 0.00 0.00 0.00 0
83605 0.00 0.00 0.00 0
83606 0.00 0.00 0.00 0
83620 0.00 0.00 0.00 0
83621 0.00 0.00 0.00 0
83622 0.00 0.00 0.00 0
83623 0.00 0.00 0.00 0
83624 0.00 0.00 0.00 0
83636 0.00 0.00 0.00 0
83637 0.00 0.00 0.00 0
83647 0.00 0.00 0.00 0
83648 0.00 0.00 0.00 0
83649 0.00 0.00 0.00 0
83650 0.00 0.00 0.00 0
83669 0.00 0.00 0.00 0
83670 0.00 0.00 0.00 0
83671 0.00 0.00 0.00 0
83672 0.00 0.00 0.00 0
83673 0.00 0.00 0.00 0
83689 0.00 0.00 0.00 0
83690 0.00 0.00 0.00 0
83691 0.00 0.00 0.00 0
83692 0.00 0.00 0.00 0
83693 0.00 0.00 0.00 0
83694 0.00 0.00 0.00 0
83695 0.00 0.00 0.00 0
83696 0.00 0.00 0.00 0
83709 0.00 0.00 0.00 0
83710 0.00 0.00 0.00 0
83711 0.00 0.00 0.00 0
83712 0.00 0.00 0.00 0
83713 0.00 0.00 0.00 0
83714 0.00 0.00 0.00 0
83715 0.00 0.00 0.00 0
83732 0.00 0.00 0.00 0
83733 0.00 0.00 0.00 0
83734 0.00 0.00 0.00 0
83735 0.00 0.00 0.00 0
83736 0.00 0.00 0.00 0
83737 0.00 0.00 0.00 0
83754 0.00 0.00 0.00 0
83755 0.00 0.00 0.00 0
83756 0.00 0.00 0.00 0
83757 0.00 0.00 0.00 0
83758 0.00 0.00 0.00 0
83774 0.00 0.00 0.00 0
83775 0.00 0.00 0.00 0
83776 0.00 0.00 0.00 0
83777 0.00 0.00 0.00 0
83789 0.00 0.00 0.00 0
83790 0.00 0.00 0.00 0
83791 0.00 0.00 0.00 0
83792 0.00 0.00 0.00 0
84824 0.00 0.00 0.00 0
84825 0.00 0.00 0.00 0
84832 0.00 0.00 0.00 0
84833 0.00 0.00 0.00 0
84834 0.00 0.00 0.00 0
84839 0.00 0.00 0.00 0
84840 0.00 0.00 0.00 0
84841 0.00 0.00 0.00 0
84842 0.00 0.00 0.00 0
84848 0.00 0.00 0.00 0
84849 0.00 0.00 0.00 0
84850 0.00 0.00 0.00 0
84851 0.00 0.00 0.00 0
84857 0.00 0.00 0.00 0
84858 0.00 0.00 0.00 0
84859 0.00 0.00 0.00 0
84860 0.00 0.00 0.00 0
84861 0.00 0.00 0.00 0
84865 0.00 0.00 0.00 0
84866 0.00 0.00 0.00 0
84867 0.00 0.00 0.00 0
84868 0.00 0.00 0.00 0
84876 0.00 0.00 0.00 0
84877 0.00 0.00 0.00 0
84878 0.00 0.00 0.00 0
84879 0.00 0.00 0.00 0
84880 0.00 0.00 0.00 0
84891 0.00 0.00 0.00 0
84892 0.00 0.00 0.00 0
84893 0.00 0.00 0.00 0
84894 0.00 0.00 0.00 0
84895 0.00 0.00 0.00 0
84896 0.00 0.00 0.00 0
84907 0.00 0.00 0.00 0
84908 0.00 0.00 0.00 0
84920 0.00 0.00 0.00 0
84921 0.00 0.00 0.00 0
84922 0.00 0.00 0.00 0
84943 0.00 0.00 0.00 0
84944 0.00 0.00 0.00 0
84945 0.00 0.00 0.00 0
84946 0.00 0.00 0.00 0
84961 0.00 0.00 0.00 0
84962 0.00 0.00 0.00 0
84963 0.00 0.00 0.00 0
84964 0.00 0.00 0.00 0
84965 0.00 0.00 0.00 0
84975 0.00 0.00 0.00 0
84976 0.00 0.00 0.00 0
84977 0.00 0.00 0.00 0
84978 0.00 0.00 0.00 0
84979 0.00 0.00 0.00 0
84986 0.00 0.00 0.00 0
84987 0.00 0.00 0.00 0
84995 0.00 0.00 0.00 0
84996 0.00 0.00 0.00 0
84997 0.00 0.00 0.00 0
85007 0.00 0.00 0.00 0
85008 0.00 0.00 0.00 0
85009 0.00 0.00 0.00 0
85016 0.00 0.00 0.00 0
85017 0.00 0.00 0.00 0
85018 0.00 0.00 0.00 0
85019 0.00 0.00 0.00 0
85020 0.00 0.00 0.00 0
86097 0.00 0.00 0.00 0
86098 0.00 0.00 0.00 0
86099 0.00 0.00 0.00 0
86109 0.00 0.00 0.00 0
86110 0.00 0.00 0.00 0
86111 0.00 0.00 0.00 0
86112 0.00 0.00 0.00 0
86125 0.00 0.00 0.00 0
86126 0.00 0.00 0.00 0
86127 0.00 0.00 0.00 0
86128 0.00 0.00 0.00 0
86140 0.00 0.00 0.00 0
86141 0.00 0.00 0.00 0
86142 0.00 0.00 0.00 0
86143 0.00 0.00 0.00 0
86150 0.00 0.00 0.00 0
86151 0.00 0.00 0.00 0
86152 0.00 0.00 0.00 0
86158 0.00 0.00 0.00 0
86159 0.00 0.00 0.00 0
86160 0.00 0.00 0.00 0
86166 0.00 0.00 0.00 0
86167 0.00 0.00 0.00 0
86168 0.00 0.00 0.00 0
86169 0.00 0.00 0.00 0
86170 0.00 0.00 0.00 0
86176 0.00 0.00 0.00 0
86177 0.00 0.00 0.00 0
86178 0.00 0.00 0.00 0
86185 0.00 0.00 0.00 0
86186 0.00 0.00 0.00 0
86187 0.00 0.00 0.00 0
86188 0.00 0.00 0.00 0
86198 0.00 0.00 0.00 0
86199 0.00 0.00 0.00 0
86200 0.00 0.00 0.00 0
86201 0.00 0.00 0.00 0
86202 0.00 0.00 0.00 0
86203 0.00 0.00 0.00 0
86204 0.00 0.00 0.00 0
86212 0.00 0.00 0.00 0
86213 0.00 0.00 0.00 0
86221 0.00 0.00 0.00 0
86222 0.00 0.00 0.00 0
86236 0.00 0.00 0.00 0
86237 0.00 0.00 0.00 0
86238 0.00 0.00 0.00 0
86254 0.00 0.00 0.00 0
86255 0.00 0.00 0.00 0
86256 0.00 0.00 0.00 0
86271 0.00 0.00 0.00 0
86272 0.00 0.00 0.00 0
86273 0.00 0.00 0.00 0
86274 0.00 0.00 0.00 0
86287 0.00 0.00 0.00 0
86288 0.00 0.00 0.00 0
86295 0.00 0.00 0.00 0
86304 0.00 0.00 0.00 0
86305 0.00 0.00 0.00 0
86312 0.00 0.00 0.00 0
86313 0.00 0.00 0.00 0
86314 0.00 0.00 0.00 0
86315 0.00 0.00 0.00 0
87400 0.00 0.00 0.00 0
87401 0.00 0.00 0.00 0
87402 0.00 0.00 0.00 0
87416 0.00 0.00 0.00 0
87417 0.00 0.00 0.00 0
87418 0.00 0.00 0.00 0
87419 0.00 0.00 0.00 0
87420 0.00 0.00 0.00 0
87424 0.00 0.00 0.00 0
87425 0.00 0.00 0.00 0
87426 0.00 0.00 0.00 0
87427 0.00 0.00 0.00 0
87428 0.00 0.00 0.00 0
87437 0.00 0.00 0.00 0
87438 0.00 0.00 0.00 0
87439 0.00 0.00 0.00 0
87451 0.00 0.00 0.00 0
87452 0.00 0.00 0.00 0
87453 0.00 0.00 0.00 0
87454 0.00 0.00 0.00 0
87455 0.00 0.00 0.00 0
87468 0.00 0.00 0.00 0
87469 0.00 0.00 0.00 0
87470 0.00 0.00 0.00 0
87471 0.00 0.00 0.00 0
87486 0.00 0.00 0.00 0
87487 0.00 0.00 0.00 0
87488 0.00 0.00 0.00 0
87489 0.00 0.00 0.00 0
87498 0.00 0.00 0.00 0
87499 0.00 0.00 0.00 0
87500 0.00 0.00 0.00 0
87501 0.00 0.00 0.00 0
87508 0.00 0.00 0.00 0
87509 0.00 0.00 0.00 0
87510 0.00 0.00 0.00 0
87516 0.00 0.00 0.00 0
87517 0.00 0.00 0.00 0
87518 0.00 0.00 0.00 0
87519 0.00 0.00 0.00 0
87527 0.00 0.00 0.00 0
87528 0.00 0.00 0.00 0
87529 0.00 0.00 0.00 0
87530 0.00 0.00 0.00 0
87531 0.00 0.00 0.00 0
87532 0.00 0.00 0.00 0
87533 0.00 0.00 0.00 0
87540 0.00 0.00 0.00 0
87541 0.00 0.00 0.00 0
87549 0.00 0.00 0.00 0
87550 0.00 0.00 0.00 0
87562 0.00 0.00 0.00 0
87563 0.00 0.00 0.00 0
87580 0.00 0.00 0.00 0
87581 0.00 0.00 0.00 0
87599 0.00 0.00 0.00 0
87600 0.00 0.00 0.00 0
87601 0.00 0.00 0.00 0
87616 0.00 0.00 0.00 0
87617 0.00 0.00 0.00 0
87618 0.00 0.00 0.00 0
87630 0.00 0.00 0.00 0
87631 0.00 0.00 0.00 0
87642 0.00 0.00 0.00 0
87643 0.00 0.00 0.00 0
87644 0.00 0.00 0.00 0
87645 0.00 0.00 0.00 0
87657 0.00 0.00 0.00 0
87658 0.00 0.00 0.00 0
87659 0.00 0.00 0.00 0
87660 0.00 0.00 0.00 0
88647 0.00 0.00 0.00 0
88648 0.00 0.00 0.00 0
88649 0.00 0.00 0.00 0
88661 0.00 0.00 0.00 0
88662 0.00 0.00 0.00 0
88663 0.00 0.00 0.00 0
88664 0.00 0.00 0.00 0
88665 0.00 0.00 0.00 0
88666 0.00 0.00 0.00 0
88682 0.00 0.00 0.00 0
88683 0.00 0.00 0.00 0
88684 0.00 0.00 0.00 0
88685 0.00 0.00 0.00 0
88686 0.00 0.00 0.00 0
88687 0.00 0.00 0.00 0
88698 0.00 0.00 0.00 0
88699 0.00 0.00 0.00 0
88700 0.00 0.00 0.00 0
88701 0.00 0.00 0.00 0
88707 0.00 0.00 0.00 0
88708 0.00 0.00 0.00 0
88709 0.00 0.00 0.00 0
88710 0.00 0.00 0.00 0
88714 0.00 0.00 0.00 0
88715 0.00 0.00 0.00 0
88716 0.00 0.00 0.00 0
88717 0.00 0.00 0.00 0
88718 0.00 0.00 0.00 0
88719 0.00 0.00 0.00 0
88722 0.00 0.00 0.00 0
88723 0.00 0.00 0.00 0
88724 0.00 0.00 0.00 0
88725 0.00 0.00 0.00 0
88726 0.00 0.00 0.00 0
88737 0.00 0.00 0.00 0
88738 0.00 0.00 0.00 0
88739 0.00 0.00 0.00 0
88740 0.00 0.00 0.00 0
88753 0.00 0.00 0.00 0
88754 0.00 0.00 0.00 0
88755 0.00 0.00 0.00 0
88756 0.00 0.00 0.00 0
88769 0.00 0.00 0.00 0
88770 0.00 0.00 0.00 0
88771 0.00 0.00 0.00 0
88772 0.00 0.00 0.00 0
88779 0.00 0.00 0.00 0
88780 0.00 0.00 0.00 0
88781 0.00 0.00 0.00 0
88782 0.00 0.00 0.00 0
88783 0.00 0.00 0.00 0
88791 0.00 0.00 0.00 0
88792 0.00 0.00 0.00 0
88793 0.00 0.00 0.00 0
88794 0.00 0.00 0.00 0
88795 0.00 0.00 0.00 0
88796 0.00 0.00 0.00 0
88797 0.00 0.00 0.00 0
88798 0.00 0.00 0.00 0
88805 0.00 0.00 0.00 0
88806 0.00 0.00 0.00 0
88807 0.00 0.00 0.00 0
88808 0.00 0.00 0.00 0
88809 0.00 0.00 0.00 0
88816 0.00 0.00 0.00 0
88817 0.00 0.00 0.00 0
88827 0.00 0.00 0.00 0
88828 0.00 0.00 0.00 0
88842 0.00 0.00 0.00 0
88843 0.00 0.00 0.00 0
88862 0.00 0.00 0.00 0
88863 0.00 0.00 0.00 0
88882 0.00 0.00 0.00 0
88883 0.00 0.00 0.00 0
88884 0.00 0.00 0.00 0
88896 0.00 0.00 0.00 0
88897 0.00 0.00 0.00 0
88906 0.00 0.00 0.00 0
88907 0.00 0.00 0.00 0
88908 0.00 0.00 0.00 0
88909 0.00 0.00 0.00 0
88910 0.00 0.00 0.00 0
88924 0.00 0.00 0.00 0
88925 0.00 0.00 0.00 0
88926 0.00 0.00 0.00 0
89850 0.00 0.00 0.00 0
89851 0.00 0.00 0.00 0
89862 0.00 0.00 0.00 0
89863 0.00 0.00 0.00 0
89864 0.00 0.00 0.00 0
89865 0.00 0.00 0.00 0
89876 0.00 0.00 0.00 0
89877 0.00 0.00 0.00 0
89878 0.00 0.00 0.00 0
89879 0.00 0.00 0.00 0
89880 0.00 0.00 0.00 0
89894 0.00 0.00 0.00 0
89895 0.00 0.00 0.00 0
89896 0.00 0.00 0.00 0
89897 0.00 0.00 0.00 0
89898 0.00 0.00 0.00 0
89899 0.00 0.00 0.00 0
89913 0.00 0.00 0.00 0
89914 0.00 0.00 0.00 0
89915 0.00 0.00 0.00 0
89916 0.00 0.00 0.00 0
89923 0.00 0.00 0.00 0
89924 0.00 0.00 0.00 0
89925 0.00 0.00 0.00 0
89926 0.00 0.00 0.00 0
89933 0.00 0.00 0.00 0
89934 0.00 0.00 0.00 0
89935 0.00 0.00 0.00 0
89936 0.00 0.00 0.00 0
89937 0.00 0.00 0.00 0
89943 0.00 0.00 0.00 0
89944 0.00 0.00 0.00 0
89945 0.00 0.00 0.00 0
89946 0.00 0.00 0.00 0
89947 0.00 0.00 0.00 0
89948 0.00 0.00 0.00 0
89952 0.00 0.00 0.00 0
89953 0.00 0.00 0.00 0
89954 0.00 0.00 0.00 0
89955 0.00 0.00 0.00 0
89956 0.00 0.00 0.00 0
89961 0.00 0.00 0.00 0
89962 0.00 0.00 0.00 0
89963 0.00 0.00 0.00 0
89964 0.00 0.00 0.00 0
89965 0.00 0.00 0.00 0
89977 0.00 0.00 0.00 0
89978 0.00 0.00 0.00 0
89979 0.00 0.00 0.00 0
89980 0.00 0.00 0.00 0
89981 0.00 0.00 0.00 0
89993 0.00 0.00 0.00 0
89994 0.00 0.00 0.00 0
89995 0.00 0.00 0.00 0
89996 0.00 0.00 0.00 0
89997 0.00 0.00 0.00 0
90008 0.00 0.00 0.00 0
90009 0.00 0.00 0.00 0
90010 0.00 0.00 0.00 0
90011 0.00 0.00 0.00 0
90012 0.00 0.00 0.00 0
90020 0.00 0.00 0.00 0
90021 0.00 0.00 0.00 0
90022 0.00 0.00 0.00 0
90023 0.00 0.00 0.00 0
90024 0.00 0.00 0.00 0
90030 0.00 0.00 0.00 0
90031 0.00 0.00 0.00 0
90038 0.00 0.00 0.00 0
90039 0.00 0.00 0.00 0
90047 0.00 0.00 0.00 0
90048 0.00 0.00 0.00 0
90062 0.00 0.00 0.00 0
90063 0.00 0.00 0.00 0
90083 0.00 0.00 0.00 0
90084 0.00 0.00 0.00 0
90105 0.00 0.00 0.00 0
90106 0.00 0.00 0.00 0
90107 0.00 0.00 0.00 0
90120 0.00 0.00 0.00 0
90121 0.00 0.00 0.00 0
90122 0.00 0.00 0.00 0
90123 0.00 0.00 0.00 0
90124 0.00 0.00 0.00 0
91035 0.00 0.00 0.00 0
91036 0.00 0.00 0.00 0
91037 0.00 0.00 0.00 0
91047 0.00 0.00 0.00 0
91048 0.00 0.00 0.00 0
91049 0.00 0.00 0.00 0
91050 0.00 0.00 0.00 0
91051 0.00 0.00 0.00 0
91060 0.00 0.00 0.00 0
91061 0.00 0.00 0.00 0
91062 0.00 0.00 0.00 0
91063 0.00 0.00 0.00 0
91074 0.00 0.00 0.00 0
91075 0.00 0.00 0.00 0
91076 0.00 0.00 0.00 0
91077 0.00 0.00 0.00 0
91078 0.00 0.00 0.00 0
91079 0.00 0.00 0.00 0
91090 0.00 0.00 0.00 0
91091 0.00 0.00 0.00 0
91092 0.00 0.00 0.00 0
91093 0.00 0.00 0.00 0
91094 0.00 0.00 0.00 0
91101 0.00 0.00 0.00 0
91102 0.00 0.00 0.00 0
91103 0.00 0.00 0.00 0
91104 0.00 0.00 0.00 0
91105 0.00 0.00 0.00 0
91112 0.00 0.00 0.00 0
91113 0.00 0.00 0.00 0
91114 0.00 0.00 0.00 0
91115 0.00 0.00 0.00 0
91116 0.00 0.00 0.00 0
91123 0.00 0.00 0.00 0
91124 0.00 0.00 0.00 0
91125 0.00 0.00 0.00 0
91126 0.00 0.00 0.00 0
91127 0.00 0.00 0.00 0
91128 0.00 0.00 0.00 0
91134 0.00 0.00 0.00 0
91135 0.00 0.00 0.00 0
91136 0.00 0.00 0.00 0
91137 0.00 0.00 0.00 0
91138 0.00 0.00 0.00 0
91139 0.00 0.00 0.00 0
91140 0.00 0.00 0.00 0
91145 0.00 0.00 0.00 0
91146 0.00 0.00 0.00 0
91147 0.00 0.00 0.00 0
91148 0.00 0.00 0.00 0
91149 0.00 0.00 0.00 0
91155 0.00 0.00 0.00 0
91156 0.00 0.00 0.00 0
91157 0.00 0.00 0.00 0
91158 0.00 0.00 0.00 0
91159 0.00 0.00 0.00 0
91160 0.00 0.00 0.00 0
91170 0.00 0.00 0.00 0
91171 0.00 0.00 0.00 0
91172 0.00 0.00 0.00 0
91173 0.00 0.00 0.00 0
91174 0.00 0.00 0.00 0
91185 0.00 0.00 0.00 0
91186 0.00 0.00 0.00 0
91187 0.00 0.00 0.00 0
91188 0.00 0.00 0.00 0
91197 0.00 0.00 0.00 0
91198 0.00 0.00 0.00 0
91199 0.00 0.00 0.00 0
91200 0.00 0.00 0.00 0
91201 0.00 0.00 0.00 0
91207 0.00 0.00 0.00 0
91208 0.00 0.00 0.00 0
91209 0.00 0.00 0.00 0
91216 0.00 0.00 0.00 0
91217 0.00 0.00 0.00 0
91218 0.00 0.00 0.00 0
91225 0.00 0.00 0.00 0
91226 0.00 0.00 0.00 0
91234 0.00 0.00 0.00 0
91235 0.00 0.00 0.00 0
91251 0.00 0.00 0.00 0
91252 0.00 0.00 0.00 0
91275 0.00 0.00 0.00 0
91276 0.00 0.00 0.00 0
91277 0.00 0.00 0.00 0
91278 0.00 0.00 0.00 0
91279 0.00 0.00 0.00 0
91299 0.00 0.00 0.00 0
91300 0.00 0.00 0.00 0
91301 0.00 0.00 0.00 0
92235 0.00 0.00 0.00 0
92236 0.00 0.00 0.00 0
92244 0.00 0.00 0.00 0
92245 0.00 0.00 0.00 0
92246 0.00 0.00 0.00 0
92247 0.00 0.00 0.00 0
92257 0.00 0.00 0.00 0
92258 0.00 0.00 0.00 0
92259 0.00 0.00 0.00 0
92270 0.00 0.00 0.00 0
92271 0.00 0.00 0.00 0
92272 0.00 0.00 0.00 0
92273 0.00 0.00 0.00 0
92285 0.00 0.00 0.00 0
92286 0.00 0.00 0.00 0
92287 0.00 0.00 0.00 0
92288 0.00 0.00 0.00 0
92289 0.00 0.00 0.00 0
92290 0.00 0.00 0.00 0
92300 0.00 0.00 0.00 0
92301 0.00 0.00 0.00 0
92302 0.00 0.00 0.00 0
92303 0.00 0.00 0.00 0
92304 0.00 0.00 0.00 0
92305 0.00 0.00 0.00 0
92306 0.00 0.00 0.00 0
92307 0.00 0.00 0.00 0
92314 0.00 0.00 0.00 0
92315 0.00 0.00 0.00 0
92316 0.00 0.00 0.00 0
92317 0.00 0.00 0.00 0
92318 0.00 0.00 0.00 0
92325 0.00 0.00 0.00 0
92326 0.00 0.00 0.00 0
92327 0.00 0.00 0.00 0
92335 0.00 0.00 0.00 0
92336 0.00 0.00 0.00 0
92337 0.00 0.00 0.00 0
92338 0.00 0.00 0.00 0
92347 0.00 0.00 0.00 0
92348 0.00 0.00 0.00 0
92349 0.00 0.00 0.00 0
92350 0.00 0.00 0.00 0
92351 0.00 0.00 0.00 0
92352 0.00 0.00 0.00 0
92353 0.00 0.00 0.00 0
92360 0.00 0.00 0.00 0
92361 0.00 0.00 0.00 0
92362 0.00 0.00 0.00 0
92363 0.00 0.00 0.00 0
92364 0.00 0.00 0.00 0
92365 0.00 0.00 0.00 0
92366 0.00 0.00 0.00 0
92371 0.00 0.00 0.00 0
92372 0.00 0.00 0.00 0
92373 0.00 0.00 0.00 0
92374 0.00 0.00 0.00 0
92375 0.00 0.00 0.00 0
92376 0.00 0.00 0.00 0
92382 0.00 0.00 0.00 0
92383 0.00 0.00 0.00 0
92384 0.00 0.00 0.00 0
92385 0.00 0.00 0.00 0
92386 0.00 0.00 0.00 0
92387 0.00 0.00 0.00 0
92398 0.00 0.00 0.00 0
92399 0.00 0.00 0.00 0
92400 0.00 0.00 0.00 0
92401 0.00 0.00 0.00 0
92411 0.00 0.00 0.00 0
92412 0.00 0.00 0.00 0
92413 0.00 0.00 0.00 0
92414 0.00 0.00 0.00 0
92415 0.00 0.00 0.00 0
92423 0.00 0.00 0.00 0
92424 0.00 0.00 0.00 0
92425 0.00 0.00 0.00 0
92432 0.00 0.00 0.00 0
92433 0.00 0.00 0.00 0
92434 0.00 0.00 0.00 0
92441 0.00 0.00 0.00 0
92442 0.00 0.00 0.00 0
92443 0.00 0.00 0.00 0
92447 0.00 0.00 0.00 0
92448 0.00 0.00 0.00 0
92449 0.00 0.00 0.00 0
92459 0.00 0.00 0.00 0
92460 0.00 0.00 0.00 0
92461 0.00 0.00 0.00 0
92462 0.00 0.00 0.00 0
92477 0.00 0.00 0.00 0
92478 0.00 0.00 0.00 0
92479 0.00 0.00 0.00 0
92480 0.00 0.00 0.00 0
93327 0.00 0.00 0.00 0
93328 0.00 0.00 0.00 0
93329 0.00 0.00 0.00 0
93338 0.00 0.00 0.00 0
93339 0.00 0.00 0.00 0
93340 0.00 0.00 0.00 0
93341 0.00 0.00 0.00 0
93351 0.00 0.00 0.00 0
93352 0.00 0.00 0.00 0
93353 0.00 0.00 0.00 0
93354 0.00 0.00 0.00 0
93365 0.00 0.00 0.00 0
93366 0.00 0.00 0.00 0
93367 0.00 0.00 0.00 0
93368 0.00 0.00 0.00 0
93377 0.00 0.00 0.00 0
93378 0.00 0.00 0.00 0
93379 0.00 0.00 0.00 0
93386 0.00 0.00 0.00 0
93387 0.00 0.00 0.00 0
93388 0.00 0.00 0.00 0
93389 0.00 0.00 0.00 0
93390 0.00 0.00 0.00 0
93391 0.00 0.00 0.00 0
93392 0.00 0.00 0.00 0
93398 0.00 0.00 0.00 0
93399 0.00 0.00 0.00 0
93400 0.00 0.00 0.00 0
93401 0.00 0.00 0.00 0
93402 0.00 0.00 0.00 0
93403 0.00 0.00 0.00 0
93404 0.00 0.00 0.00 0
93405 0.00 0.00 0.00 0
93406 0.00 0.00 0.00 0
93407 0.00 0.00 0.00 0
93412 0.00 0.00 0.00 0
93413 0.00 0.00 0.00 0
93414 0.00 0.00 0.00 0
93415 0.00 0.00 0.00 0
93416 0.00 0.00 0.00 0
93417 0.00 0.00 0.00 0
93418 0.00 0.00 0.00 0
93419 0.00 0.00 0.00 0
93425 0.00 0.00 0.00 0
93426 0.00 0.00 0.00 0
93427 0.00 0.00 0.00 0
93428 0.00 0.00 0.00 0
93435 0.00 0.00 0.00 0
93436 0.00 0.00 0.00 0
93437 0.00 0.00 0.00 0
93438 0.00 0.00 0.00 0
93446 0.00 0.00 0.00 0
93447 0.00 0.00 0.00 0
93448 0.00 0.00 0.00 0
93449 0.00 0.00 0.00 0
93450 0.00 0.00 0.00 0
93451 0.00 0.00 0.00 0
93458 0.00 0.00 0.00 0
93459 0.00 0.00 0.00 0
93460 0.00 0.00 0.00 0
93461 0.00 0.00 0.00 0
93462 0.00 0.00 0.00 0
93463 0.00 0.00 0.00 0
93468 0.00 0.00 0.00 0
93469 0.00 0.00 0.00 0
93470 0.00 0.00 0.00 0
93471 0.00 0.00 0.00 0
93472 0.00 0.00 0.00 0
93473 0.00 0.00 0.00 0
93474 0.00 0.00 0.00 0
93483 0.00 0.00 0.00 0
93484 0.00 0.00 0.00 0
93485 0.00 0.00 0.00 0
93486 0.00 0.00 0.00 0
93487 0.00 0.00 0.00 0
93488 0.00 0.00 0.00 0
93489 0.00 0.00 0.00 0
93498 0.00 0.00 0.00 0
93499 0.00 0.00 0.00 0
93500 0.00 0.00 0.00 0
93501 0.00 0.00 0.00 0
93502 0.00 0.00 0.00 0
93503 0.00 0.00 0.00 0
93504 0.00 0.00 0.00 0
93505 0.00 0.00 0.00 0
93513 0.00 0.00 0.00 0
93514 0.00 0.00 0.00 0
93515 0.00 0.00 0.00 0
93522 0.00 0.00 0.00 0
93523 0.00 0.00 0.00 0
93524 0.00 0.00 0.00 0
93525 0.00 0.00 0.00 0
93534 0.00 0.00 0.00 0
93535 0.00 0.00 0.00 0
93536 0.00 0.00 0.00 0
93542 0.00 0.00 0.00 0
93543 0.00 0.00 0.00 0
93544 0.00 0.00 0.00 0
93545 0.00 0.00 0.00 0
93555 0.00 0.00 0.00 0
93556 0.00 0.00 0.00 0
93557 0.00 0.00 0.00 0
93558 0.00 0.00 0.00 0
93576 0.00 0.00 0.00 0
93577 0.00 0.00 0.00 0
94409 0.00 0.00 0.00 0
94410 0.00 0.00 0.00 0
94411 0.00 0.00 0.00 0
94420 0.00 0.00 0.00 0
94421 0.00 0.00 0.00 0
94430 0.00 0.00 0.00 0
94431 0.00 0.00 0.00 0
94432 0.00 0.00 0.00 0
94441 0.00 0.00 0.00 0
94442 0.00 0.00 0.00 0
94443 0.00 0.00 0.00 0
94449 0.00 0.00 0.00 0
94450 0.00 0.00 0.00 0
94451 0.00 0.00 0.00 0
94452 0.00 0.00 0.00 0
94456 0.00 0.00 0.00 0
94457 0.00 0.00 0.00 0
94458 0.00 0.00 0.00 0
94459 0.00 0.00 0.00 0
94463 0.00 0.00 0.00 0
94464 0.00 0.00 0.00 0
94465 0.00 0.00 0.00 0
94466 0.00 0.00 0.00 0
94467 0.00 0.00 0.00 0
94468 0.00 0.00 0.00 0
94469 0.00 0.00 0.00 0
94470 0.00 0.00 0.00 0
94471 0.00 0.00 0.00 0
94475 0.00 0.00 0.00 0
94476 0.00 0.00 0.00 0
94477 0.00 0.00 0.00 0
94478 0.00 0.00 0.00 0
94479 0.00 0.00 0.00 0
94480 0.00 0.00 0.00 0
94481 0.00 0.00 0.00 0
94482 0.00 0.00 0.00 0
94483 0.00 0.00 0.00 0
94484 0.00 0.00 0.00 0
94485 0.00 0.00 0.00 0
94486 0.00 0.00 0.00 0
94490 0.00 0.00 0.00 0
94491 0.00 0.00 0.00 0
94492 0.00 0.00 0.00 0
94493 0.00 0.00 0.00 0
94494 0.00 0.00 0.00 0
94495 0.00 0.00 0.00 0
94496 0.00 0.00 0.00 0
94497 0.00 0.00 0.00 0
94498 0.00 0.00 0.00 0
94503 0.00 0.00 0.00 0
94504 0.00 0.00 0.00 0
94505 0.00 0.00 0.00 0
94506 0.00 0.00 0.00 0
94507 0.00 0.00 0.00 0
94508 0.00 0.00 0.00 0
94509 0.00 0.00 0.00 0
94510 0.00 0.00 0.00 0
94516 0.00 0.00 0.00 0
94517 0.00 0.00 0.00 0
94518 0.00 0.00 0.00 0
94519 0.00 0.00 0.00 0
94525 0.00 0.00 0.00 0
94526 0.00 0.00 0.00 0
94527 0.00 0.00 0.00 0
94528 0.00 0.00 0.00 0
94529 0.00 0.00 0.00 0
94530 0.00 0.00 0.00 0
94531 0.00 0.00 0.00 0
94535 0.00 0.00 0.00 0
94536 0.00 0.00 0.00 0
94537 0.00 0.00 0.00 0
94538 0.00 0.00 0.00 0
94539 0.00 0.00 0.00 0
94546 0.00 0.00 0.00 0
94547 0.00 0.00 0.00 0
94548 0.00 0.00 0.00 0
94549 0.00 0.00 0.00 0
94550 0.00 0.00 0.00 0
94557 0.00 0.00 0.00 0
94558 0.00 0.00 0.00 0
94559 0.00 0.00 0.00 0
94560 0.00 0.00 0.00 0
94561 0.00 0.00 0.00 0
94562 0.00 0.00 0.00 0
94563 0.00 0.00 0.00 0
94564 0.00 0.00 0.00 0
94571 0.00 0.00 0.00 0
94572 0.00 0.00 0.00 0
94573 0.00 0.00 0.00 0
94574 0.00 0.00 0.00 0
94575 0.00 0.00 0.00 0
94580 0.00 0.00 0.00 0
94581 0.00 0.00 0.00 0
94582 0.00 0.00 0.00 0
94590 0.00 0.00 0.00 0
94591 0.00 0.00 0.00 0
94592 0.00 0.00 0.00 0
94593 0.00 0.00 0.00 0
94601 0.00 0.00 0.00 0
94602 0.00 0.00 0.00 0
94603 0.00 0.00 0.00 0
94615 0.00 0.00 0.00 0
95500 0.00 0.00 0.00 0
95501 0.00 0.00 0.00 0
95502 0.00 0.00 0.00 0
95503 0.00 0.00 0.00 0
95519 0.00 0.00 0.00 0
95520 0.00 0.00 0.00 0
95521 0.00 0.00 0.00 0
95522 0.00 0.00 0.00 0
95536 0.00 0.00 0.00 0
95537 0.00 0.00 0.00 0
95538 0.00 0.00 0.00 0
95539 0.00 0.00 0.00 0
95551 0.00 0.00 0.00 0
95552 0.00 0.00 0.00 0
95553 0.00 0.00 0.00 0
95554 0.00 0.00 0.00 0
95562 0.00 0.00 0.00 0
95563 0.00 0.00 0.00 0
95564 0.00 0.00 0.00 0
95570 0.00 0.00 0.00 0
95571 0.00 0.00 0.00 0
95576 0.00 0.00 0.00 0
95577 0.00 0.00 0.00 0
95578 0.00 0.00 0.00 0
95582 0.00 0.00 0.00 0
95583 0.00 0.00 0.00 0
95584 0.00 0.00 0.00 0
95585 0.00 0.00 0.00 0
95586 0.00 0.00 0.00 0
95587 0.00 0.00 0.00 0
95588 0.00 0.00 0.00 0
95589 0.00 0.00 0.00 0
95590 0.00 0.00 0.00 0
95591 0.00 0.00 0.00 0
95595 0.00 0.00 0.00 0
95596 0.00 0.00 0.00 0
95597 0.00 0.00 0.00 0
95598 0.00 0.00 0.00 0
95599 0.00 0.00 0.00 0
95600 0.00 0.00 0.00 0
95601 0.00 0.00 0.00 0
95602 0.00 0.00 0.00 0
95603 0.00 0.00 0.00 0
95608 0.00 0.00 0.00 0
95609 0.00 0.00 0.00 0
95610 0.00 0.00 0.00 0
95611 0.00 0.00 0.00 0
95612 0.00 0.00 0.00 0
95613 0.00 0.00 0.00 0
95614 0.00 0.00 0.00 0
95615 0.00 0.00 0.00 0
95616 0.00 0.00 0.00 0
95617 0.00 0.00 0.00 0
95623 0.00 0.00 0.00 0
95624 0.00 0.00 0.00 0
95625 0.00 0.00 0.00 0
95626 0.00 0.00 0.00 0
95627 0.00 0.00 0.00 0
95628 0.00 0.00 0.00 0
95629 0.00 0.00 0.00 0
95636 0.00 0.00 0.00 0
95637 0.00 0.00 0.00 0
95638 0.00 0.00 0.00 0
95639 0.00 0.00 0.00 0
95644 0.00 0.00 0.00 0
95645 0.00 0.00 0.00 0
95646 0.00 0.00 0.00 0
95647 0.00 0.00 0.00 0
95653 0.00 0.00 0.00 0
95654 0.00 0.00 0.00 0
95655 0.00 0.00 0.00 0
95656 0.00 0.00 0.00 0
95657 0.00 0.00 0.00 0
95664 0.00 0.00 0.00 0
95665 0.00 0.00 0.00 0
95666 0.00 0.00 0.00 0
95667 0.00 0.00 0.00 0
95668 0.00 0.00 0.00 0
95669 0.00 0.00 0.00 0
95670 0.00 0.00 0.00 0
95671 0.00 0.00 0.00 0
95672 0.00 0.00 0.00 0
95680 0.00 0.00 0.00 0
95681 0.00 0.00 0.00 0
95682 0.00 0.00 0.00 0
95683 0.00 0.00 0.00 0
95684 0.00 0.00 0.00 0
95685 0.00 0.00 0.00 0
95691 0.00 0.00 0.00 0
95796 0.00 0.00 0.00 0
95811 0.00 0.00 0.00 0
95812 0.00 0.00 0.00 0
95824 0.00 0.00 0.00 0
95825 0.00 0.00 0.00 0
95826 0.00 0.00 0.00 0
95840 0.00 0.00 0.00 0
95841 0.00 0.00 0.00 0
95851 0.00 0.00 0.00 0
95852 0.00 0.00 0.00 0
96655 0.00 0.00 0.00 0
96656 0.00 0.00 0.00 0
96657 0.00 0.00 0.00 0
96670 0.00 0.00 0.00 0
96671 0.00 0.00 0.00 0
96672 0.00 0.00 0.00 0
96682 0.00 0.00 0.00 0
96683 0.00 0.00 0.00 0
96684 0.00 0.00 0.00 0
96685 0.00 0.00 0.00 0
96695 0.00 0.00 0.00 0
96696 0.00 0.00 0.00 0
96697 0.00 0.00 0.00 0
96707 0.00 0.00 0.00 0
96708 0.00 0.00 0.00 0
96709 0.00 0.00 0.00 0
96720 0.00 0.00 0.00 0
96721 0.00 0.00 0.00 0
96722 0.00 0.00 0.00 0
96733 0.00 0.00 0.00 0
96734 0.00 0.00 0.00 0
96735 0.00 0.00 0.00 0
96736 0.00 0.00 0.00 0
96741 0.00 0.00 0.00 0
96742 0.00 0.00 0.00 0
96743 0.00 0.00 0.00 0
96744 0.00 0.00 0.00 0
96745 0.00 0.00 0.00 0
96746 0.00 0.00 0.00 0
96747 0.00 0.00 0.00 0
96748 0.00 0.00 0.00 0
96752 0.00 0.00 0.00 0
96753 0.00 0.00 0.00 0
96754 0.00 0.00 0.00 0
96755 0.00 0.00 0.00 0
96756 0.00 0.00 0.00 0
96757 0.00 0.00 0.00 0
96758 0.00 0.00 0.00 0
96759 0.00 0.00 0.00 0
96760 0.00 0.00 0.00 0
96761 0.00 0.00 0.00 0
96765 0.00 0.00 0.00 0
96766 0.00 0.00 0.00 0
96767 0.00 0.00 0.00 0
96768 0.00 0.00 0.00 0
96769 0.00 0.00 0.00 0
96770 0.00 0.00 0.00 0
96771 0.00 0.00 0.00 0
96772 0.00 0.00 0.00 0
96773 0.00 0.00 0.00 0
96774 0.00 0.00 0.00 0
96778 0.00 0.00 0.00 0
96779 0.00 0.00 0.00 0
96780 0.00 0.00 0.00 0
96781 0.00 0.00 0.00 0
96782 0.00 0.00 0.00 0
96783 0.00 0.00 0.00 0
96784 0.00 0.00 0.00 0
96785 0.00 0.00 0.00 0
96786 0.00 0.00 0.00 0
96787 0.00 0.00 0.00 0
96788 0.00 0.00 0.00 0
96789 0.00 0.00 0.00 0
96794 0.00 0.00 0.00 0
96795 0.00 0.00 0.00 0
96796 0.00 0.00 0.00 0
96797 0.00 0.00 0.00 0
96798 0.00 0.00 0.00 0
96799 0.00 0.00 0.00 0
96800 0.00 0.00 0.00 0
96801 0.00 0.00 0.00 0
96802 0.00 0.00 0.00 0
96803 0.00 0.00 0.00 0
96804 0.00 0.00 0.00 0
96810 0.00 0.00 0.00 0
96811 0.00 0.00 0.00 0
96812 0.00 0.00 0.00 0
96813 0.00 0.00 0.00 0
96814 0.00 0.00 0.00 0
96815 0.00 0.00 0.00 0
96816 0.00 0.00 0.00 0
96817 0.00 0.00 0.00 0
96818 0.00 0.00 0.00 0
96819 0.00 0.00 0.00 0
96826 0.00 0.00 0.00 0
96827 0.00 0.00 0.00 0
96828 0.00 0.00 0.00 0
96829 0.00 0.00 0.00 0
96830 0.00 0.00 0.00 0
96831 0.00 0.00 0.00 0
96832 0.00 0.00 0.00 0
96838 0.00 0.00 0.00 0
96839 0.00 0.00 0.00 0
96840 0.00 0.00 0.00 0
96841 0.00 0.00 0.00 0
96842 0.00 0.00 0.00 0
96843 0.00 0.00 0.00 0
96844 0.00 0.00 0.00 0
96845 0.00 0.00 0.00 0
96851 0.00 0.00 0.00 0
96852 0.00 0.00 0.00 0
96853 0.00 0.00 0.00 0
96953 0.00 0.00 0.00 0
96970 0.00 0.00 0.00 0
96971 0.00 0.00 0.00 0
96986 0.00 0.00 0.00 0
96987 0.00 0.00 0.00 0
96988 0.00 0.00 0.00 0
97000 0.00 0.00 0.00 0
97001 0.00 0.00 0.00 0
97011 0.00 0.00 0.00 0
97012 0.00 0.00 0.00 0
97024 0.00 0.00 0.00 0
97025 0.00 0.00 0.00 0
97032 0.00 0.00 0.00 0
97033 0.00 0.00 0.00 0
97034 0.00 0.00 0.00 0
97035 0.00 0.00 0.00 0
97043 0.00 0.00 0.00 0
97044 0.00 0.00 0.00 0
97045 0.00 0.00 0.00 0
97857 0.00 0.00 0.00 0
97858 0.00 0.00 0.00 0
97859 0.00 0.00 0.00 0
97869 0.00 0.00 0.00 0
97870 0.00 0.00 0.00 0
97871 0.00 0.00 0.00 0
97872 0.00 0.00 0.00 0
97882 0.00 0.00 0.00 0
97883 0.00 0.00 0.00 0
97884 0.00 0.00 0.00 0
97885 0.00 0.00 0.00 0
97893 0.00 0.00 0.00 0
97894 0.00 0.00 0.00 0
97895 0.00 0.00 0.00 0
97896 0.00 0.00 0.00 0
97902 0.00 0.00 0.00 0
97903 0.00 0.00 0.00 0
97904 0.00 0.00 0.00 0
97905 0.00 0.00 0.00 0
97910 0.00 0.00 0.00 0
97911 0.00 0.00 0.00 0
97912 0.00 0.00 0.00 0
97920 0.00 0.00 0.00 0
97921 0.00 0.00 0.00 0
97922 0.00 0.00 0.00 0
97923 0.00 0.00 0.00 0
97924 0.00 0.00 0.00 0
97933 0.00 0.00 0.00 0
97934 0.00 0.00 0.00 0
97935 0.00 0.00 0.00 0
97936 0.00 0.00 0.00 0
97937 0.00 0.00 0.00 0
97943 0.00 0.00 0.00 0
97944 0.00 0.00 0.00 0
97945 0.00 0.00 0.00 0
97946 0.00 0.00 0.00 0
97947 0.00 0.00 0.00 0
97948 0.00 0.00 0.00 0
97949 0.00 0.00 0.00 0
97950 0.00 0.00 0.00 0
97954 0.00 0.00 0.00 0
97955 0.00 0.00 0.00 0
97956 0.00 0.00 0.00 0
97957 0.00 0.00 0.00 0
97958 0.00 0.00 0.00 0
97959 0.00 0.00 0.00 0
97960 0.00 0.00 0.00 0
97961 0.00 0.00 0.00 0
97962 0.00 0.00 0.00 0
97967 0.00 0.00 0.00 0
97968 0.00 0.00 0.00 0
97969 0.00 0.00 0.00 0
97970 0.00 0.00 0.00 0
97971 0.00 0.00 0.00 0
97972 0.00 0.00 0.00 0
97973 0.00 0.00 0.00 0
97974 0.00 0.00 0.00 0
97975 0.00 0.00 0.00 0
97976 0.00 0.00 0.00 0
97981 0.00 0.00 0.00 0
97982 0.00 0.00 0.00 0
97983 0.00 0.00 0.00 0
97984 0.00 0.00 0.00 0
97985 0.00 0.00 0.00 0
97986 0.00 0.00 0.00 0
97987 0.00 0.00 0.00 0
97988 0.00 0.00 0.00 0
97989 0.00 0.00 0.00 0
97990 0.00 0.00 0.00 0
97997 0.00 0.00 0.00 0
97998 0.00 0.00 0.00 0
97999 0.00 0.00 0.00 0
98000 0.00 0.00 0.00 0
98001 0.00 0.00 0.00 0
98002 0.00 0.00 0.00 0
98003 0.00 0.00 0.00 0
98004 0.00 0.00 0.00 0
98005 0.00 0.00 0.00 0
98006 0.00 0.00 0.00 0
98007 0.00 0.00 0.00 0
98008 0.00 0.00 0.00 0
98015 0.00 0.00 0.00 0
98016 0.00 0.00 0.00 0
98017 0.00 0.00 0.00 0
98018 0.00 0.00 0.00 0
98019 0.00 0.00 0.00 0
98020 0.00 0.00 0.00 0
98021 0.00 0.00 0.00 0
98022 0.00 0.00 0.00 0
98023 0.00 0.00 0.00 0
98024 0.00 0.00 0.00 0
98034 0.00 0.00 0.00 0
98035 0.00 0.00 0.00 0
98036 0.00 0.00 0.00 0
98037 0.00 0.00 0.00 0
98038 0.00 0.00 0.00 0
98039 0.00 0.00 0.00 0
98040 0.00 0.00 0.00 0
98041 0.00 0.00 0.00 0
98042 0.00 0.00 0.00 0
98043 0.00 0.00 0.00 0
98053 0.00 0.00 0.00 0
98054 0.00 0.00 0.00 0
98055 0.00 0.00 0.00 0
98137 0.00 0.00 0.00 0
98138 0.00 0.00 0.00 0
98139 0.00 0.00 0.00 0
98153 0.00 0.00 0.00 0
98154 0.00 0.00 0.00 0
98170 0.00 0.00 0.00 0
98171 0.00 0.00 0.00 0
98185 0.00 0.00 0.00 0
98186 0.00 0.00 0.00 0
98195 0.00 0.00 0.00 0
98196 0.00 0.00 0.00 0
98206 0.00 0.00 0.00 0
98207 0.00 0.00 0.00 0
98208 0.00 0.00 0.00 0
98218 0.00 0.00 0.00 0
98219 0.00 0.00 0.00 0
98230 0.00 0.00 0.00 0
98238 0.00 0.00 0.00 0
98245 0.00 0.00 0.00 0
98246 0.00 0.00 0.00 0
98247 0.00 0.00 0.00 0
98256 0.00 0.00 0.00 0
98257 0.00 0.00 0.00 0
98258 0.00 0.00 0.00 0
98268 0.00 0.00 0.00 0
98269 0.00 0.00 0.00 0
99074 0.00 0.00 0.00 0
99075 0.00 0.00 0.00 0
99076 0.00 0.00 0.00 0
99077 0.00 0.00 0.00 0
99088 0.00 0.00 0.00 0
99089 0.00 0.00 0.00 0
99090 0.00 0.00 0.00 0
99091 0.00 0.00 0.00 0
99092 0.00 0.00 0.00 0
99106 0.00 0.00 0.00 0
99107 0.00 0.00 0.00 0
99108 0.00 0.00 0.00 0
99109 0.00 0.00 0.00 0
99120 0.00 0.00 0.00 0
99121 0.00 0.00 0.00 0
99122 0.00 0.00 0.00 0
99123 0.00 0.00 0.00 0
99135 0.00 0.00 0.00 0
99136 0.00 0.00 0.00 0
99137 0.00 0.00 0.00 0
99138 0.00 0.00 0.00 0
99148 0.00 0.00 0.00 0
99149 0.00 0.00 0.00 0
99150 0.00 0.00 0.00 0
99151 0.00 0.00 0.00 0
99155 0.00 0.00 0.00 0
99156 0.00 0.00 0.00 0
99157 0.00 0.00 0.00 0
99158 0.00 0.00 0.00 0
99164 0.00 0.00 0.00 0
99165 0.00 0.00 0.00 0
99166 0.00 0.00 0.00 0
99167 0.00 0.00 0.00 0
99168 0.00 0.00 0.00 0
99177 0.00 0.00 0.00 0
99178 0.00 0.00 0.00 0
99179 0.00 0.00 0.00 0
99180 0.00 0.00 0.00 0
99181 0.00 0.00 0.00 0
99182 0.00 0.00 0.00 0
99183 0.00 0.00 0.00 0
99184 0.00 0.00 0.00 0
99191 0.00 0.00 0.00 0
99192 0.00 0.00 0.00 0
99193 0.00 0.00 0.00 0
99194 0.00 0.00 0.00 0
99195 0.00 0.00 0.00 0
99196 0.00 0.00 0.00 0
99197 0.00 0.00 0.00 0
99198 0.00 0.00 0.00 0
99199 0.00 0.00 0.00 0
99204 0.00 0.00 0.00 0
99205 0.00 0.00 0.00 0
99206 0.00 0.00 0.00 0
99207 0.00 0.00 0.00 0
99208 0.00 0.00 0.00 0
99209 0.00 0.00 0.00 0
99217 0.00 0.00 0.00 0
99218 0.00 0.00 0.00 0
99219 0.00 0.00 0.00 0
99220 0.00 0.00 0.00 0
99221 0.00 0.00 0.00 0
99222 0.00 0.00 0.00 0
99230 0.00 0.00 0.00 0
99231 0.00 0.00 0.00 0
99232 0.00 0.00 0.00 0
99233 0.00 0.00 0.00 0
99234 0.00 0.00 0.00 0
99235 0.00 0.00 0.00 0
99245 0.00 0.00 0.00 0
99246 0.00 0.00 0.00 0
99247 0.00 0.00 0.00 0
99248 0.00 0.00 0.00 0
99249 0.00 0.00 0.00 0
99250 0.00 0.00 0.00 0
99251 0.00 0.00 0.00 0
99261 0.00 0.00 0.00 0
99262 0.00 0.00 0.00 0
99263 0.00 0.00 0.00 0
99264 0.00 0.00 0.00 0
99265 0.00 0.00 0.00 0
99266 0.00 0.00 0.00 0
99267 0.00 0.00 0.00 0
99268 0.00 0.00 0.00 0
99269 0.00 0.00 0.00 0
99280 0.00 0.00 0.00 0
99281 0.00 0.00 0.00 0
99282 0.00 0.00 0.00 0
99283 0.00 0.00 0.00 0
99284 0.00 0.00 0.00 0
99285 0.00 0.00 0.00 0
99294 0.00 0.00 0.00 0
99295 0.00 0.00 0.00 0
99296 0.00 0.00 0.00 0
99297 0.00 0.00 0.00 0
99349 0.00 0.00 0.00 0
99350 0.00 0.00 0.00 0
99363 0.00 0.00 0.00 0
99364 0.00 0.00 0.00 0
99365 0.00 0.00 0.00 0
99366 0.00 0.00 0.00 0
99381 0.00 0.00 0.00 0
99382 0.00 0.00 0.00 0
99383 0.00 0.00 0.00 0
99384 0.00 0.00 0.00 0
99399 0.00 0.00 0.00 0
99400 0.00 0.00 0.00 0
99413 0.00 0.00 0.00 0
99414 0.00 0.00 0.00 0
99423 0.00 0.00 0.00 0
99424 0.00 0.00 0.00 0
99425 0.00 0.00 0.00 0
99434 0.00 0.00 0.00 0
99435 0.00 0.00 0.00 0
99436 0.00 0.00 0.00 0
99446 0.00 0.00 0.00 0
99447 0.00 0.00 0.00 0
99448 0.00 0.00 0.00 0
99458 0.00 0.00 0.00 0
99459 0.00 0.00 0.00 0
99469 0.00 0.00 0.00 0
99476 0.00 0.00 0.00 0
99483 0.00 0.00 0.00 0
99491 0.00 0.00 0.00 0
99492 0.00 0.00 0.00 0
99500 0.00 0.00 0.00 0
99501 0.00 0.00 0.00 0
100311 0.00 0.00 0.00 0
100312 0.00 0.00 0.00 0
100313 0.00 0.00 0.00 0
100328 0.00 0.00 0.00 0
100329 0.00 0.00 0.00 0
100330 0.00 0.00 0.00 0
100331 0.00 0.00 0.00 0
100332 0.00 0.00 0.00 0
100343 0.00 0.00 0.00 0
100344 0.00 0.00 0.00 0
100345 0.00 0.00 0.00 0
100346 0.00 0.00 0.00 0
100347 0.00 0.00 0.00 0
100358 0.00 0.00 0.00 0
100359 0.00 0.00 0.00 0
100360 0.00 0.00 0.00 0
100371 0.00 0.00 0.00 0
100372 0.00 0.00 0.00 0
100373 0.00 0.00 0.00 0
100374 0.00 0.00 0.00 0
100385 0.00 0.00 0.00 0
100386 0.00 0.00 0.00 0
100387 0.00 0.00 0.00 0
100396 0.00 0.00 0.00 0
100397 0.00 0.00 0.00 0
100398 0.00 0.00 0.00 0
100399 0.00 0.00 0.00 0
100403 0.00 0.00 0.00 0
100404 0.00 0.00 0.00 0
100405 0.00 0.00 0.00 0
100406 0.00 0.00 0.00 0
100413 0.00 0.00 0.00 0
100414 0.00 0.00 0.00 0
100415 0.00 0.00 0.00 0
100416 0.00 0.00 0.00 0
100417 0.00 0.00 0.00 0
100418 0.00 0.00 0.00 0
100419 0.00 0.00 0.00 0
100420 0.00 0.00 0.00 0
100427 0.00 0.00 0.00 0
100428 0.00 0.00 0.00 0
100429 0.00 0.00 0.00 0
100430 0.00 0.00 0.00 0
100431 0.00 0.00 0.00 0
100432 0.00 0.00 0.00 0
100433 0.00 0.00 0.00 0
100434 0.00 0.00 0.00 0
100440 0.00 0.00 0.00 0
100441 0.00 0.00 0.00 0
100442 0.00 0.00 0.00 0
100443 0.00 0.00 0.00 0
100444 0.00 0.00 0.00 0
100445 0.00 0.00 0.00 0
100452 0.00 0.00 0.00 0
100453 0.00 0.00 0.00 0
100454 0.00 0.00 0.00 0
100455 0.00 0.00 0.00 0
100456 0.00 0.00 0.00 0
100457 0.00 0.00 0.00 0
100463 0.00 0.00 0.00 0
100464 0.00 0.00 0.00 0
100465 0.00 0.00 0.00 0
100466 0.00 0.00 0.00 0
100467 0.00 0.00 0.00 0
100468 0.00 0.00 0.00 0
100478 0.00 0.00 0.00 0
100479 0.00 0.00 0.00 0
100480 0.00 0.00 0.00 0
100481 0.00 0.00 0.00 0
100482 0.00 0.00 0.00 0
100483 0.00 0.00 0.00 0
100484 0.00 0.00 0.00 0
100493 0.00 0.00 0.00 0
100494 0.00 0.00 0.00 0
100495 0.00 0.00 0.00 0
100496 0.00 0.00 0.00 0
100497 0.00 0.00 0.00 0
100498 0.00 0.00 0.00 0
100499 0.00 0.00 0.00 0
100511 0.00 0.00 0.00 0
100512 0.00 0.00 0.00 0
100513 0.00 0.00 0.00 0
100514 0.00 0.00 0.00 0
100515 0.00 0.00 0.00 0
100516 0.00 0.00 0.00 0
100517 0.00 0.00 0.00 0
100524 0.00 0.00 0.00 0
100525 0.00 0.00 0.00 0
100526 0.00 0.00 0.00 0
100527 0.00 0.00 0.00 0
100528 0.00 0.00 0.00 0
100529 0.00 0.00 0.00 0
100540 0.00 0.00 0.00 0
100541 0.00 0.00 0.00 0
100542 0.00 0.00 0.00 0
100543 0.00 0.00 0.00 0
100575 0.00 0.00 0.00 0
100576 0.00 0.00 0.00 0
100577 0.00 0.00 0.00 0
100590 0.00 0.00 0.00 0
100591 0.00 0.00 0.00 0
100592 0.00 0.00 0.00 0
100593 0.00 0.00 0.00 0
100594 0.00 0.00 0.00 0
100606 0.00 0.00 0.00 0
100607 0.00 0.00 0.00 0
100608 0.00 0.00 0.00 0
100609 0.00 0.00 0.00 0
100624 0.00 0.00 0.00 0
100625 0.00 0.00 0.00 0
100636 0.00 0.00 0.00 0
100637 0.00 0.00 0.00 0
100650 0.00 0.00 0.00 0
100651 0.00 0.00 0.00 0
100659 0.00 0.00 0.00 0
100660 0.00 0.00 0.00 0
100669 0.00 0.00 0.00 0
100670 0.00 0.00 0.00 0
100671 0.00 0.00 0.00 0
100672 0.00 0.00 0.00 0
100684 0.00 0.00 0.00 0
100685 0.00 0.00 0.00 0
100686 0.00 0.00 0.00 0
100687 0.00 0.00 0.00 0
100696 0.00 0.00 0.00 0
100697 0.00 0.00 0.00 0
100698 0.00 0.00 0.00 0
100709 0.00 0.00 0.00 0
100710 0.00 0.00 0.00 0
100718 0.00 0.00 0.00 0
100719 0.00 0.00 0.00 0
100725 0.00 0.00 0.00 0
100726 0.00 0.00 0.00 0
100733 0.00 0.00 0.00 0
100734 0.00 0.00 0.00 0
100743 0.00 0.00 0.00 0
100744 0.00 0.00 0.00 0
100745 0.00 0.00 0.00 0
100746 0.00 0.00 0.00 0
100755 0.00 0.00 0.00 0
100756 0.00 0.00 0.00 0
100757 0.00 0.00 0.00 0
101484 0.00 0.00 0.00 0
101485 0.00 0.00 0.00 0
101500 0.00 0.00 0.00 0
101501 0.00 0.00 0.00 0
101502 0.00 0.00 0.00 0
101503 0.00 0.00 0.00 0
101515 0.00 0.00 0.00 0
101516 0.00 0.00 0.00 0
101517 0.00 0.00 0.00 0
101518 0.00 0.00 0.00 0
101519 0.00 0.00 0.00 0
101520 0.00 0.00 0.00 0
101531 0.00 0.00 0.00 0
101532 0.00 0.00 0.00 0
101533 0.00 0.00 0.00 0
101544 0.00 0.00 0.00 0
101545 0.00 0.00 0.00 0
101546 0.00 0.00 0.00 0
101547 0.00 0.00 0.00 0
101548 0.00 0.00 0.00 0
101560 0.00 0.00 0.00 0
101561 0.00 0.00 0.00 0
101562 0.00 0.00 0.00 0
101563 0.00 0.00 0.00 0
101577 0.00 0.00 0.00 0
101578 0.00 0.00 0.00 0
101579 0.00 0.00 0.00 0
101580 0.00 0.00 0.00 0
101581 0.00 0.00 0.00 0
101588 0.00 0.00 0.00 0
101589 0.00 0.00 0.00 0
101590 0.00 0.00 0.00 0
101591 0.00 0.00 0.00 0
101592 0.00 0.00 0.00 0
101597 0.00 0.00 0.00 0
101598 0.00 0.00 0.00 0
101599 0.00 0.00 0.00 0
101600 0.00 0.00 0.00 0
101601 0.00 0.00 0.00 0
101606 0.00 0.00 0.00 0
101607 0.00 0.00 0.00 0
101608 0.00 0.00 0.00 0
101609 0.00 0.00 0.00 0
101610 0.00 0.00 0.00 0
101611 0.00 0.00 0.00 0
101612 0.00 0.00 0.00 0
101617 0.00 0.00 0.00 0
101618 0.00 0.00 0.00 0
101619 0.00 0.00 0.00 0
101620 0.00 0.00 0.00 0
101621 0.00 0.00 0.00 0
101622 0.00 0.00 0.00 0
101629 0.00 0.00 0.00 0
101630 0.00 0.00 0.00 0
101631 0.00 0.00 0.00 0
101632 0.00 0.00 0.00 0
101640 0.00 0.00 0.00 0
101641 0.00 0.00 0.00 0
101642 0.00 0.00 0.00 0
101643 0.00 0.00 0.00 0
101644 0.00 0.00 0.00 0
101645 0.00 0.00 0.00 0
101658 0.00 0.00 0.00 0
101659 0.00 0.00 0.00 0
101660 0.00 0.00 0.00 0
101661 0.00 0.00 0.00 0
101662 0.00 0.00 0.00 0
101663 0.00 0.00 0.00 0
101675 0.00 0.00 0.00 0
101676 0.00 0.00 0.00 0
101677 0.00 0.00 0.00 0
101678 0.00 0.00 0.00 0
101679 0.00 0.00 0.00 0
101680 0.00 0.00 0.00 0
101691 0.00 0.00 0.00 0
101692 0.00 0.00 0.00 0
101693 0.00 0.00 0.00 0
101694 0.00 0.00 0.00 0
101695 0.00 0.00 0.00 0
101696 0.00 0.00 0.00 0
101697 0.00 0.00 0.00 0
101698 0.00 0.00 0.00 0
101699 0.00 0.00 0.00 0
101707 0.00 0.00 0.00 0
101708 0.00 0.00 0.00 0
101709 0.00 0.00 0.00 0
101710 0.00 0.00 0.00 0
101711 0.00 0.00 0.00 0
101722 0.00 0.00 0.00 0
101723 0.00 0.00 0.00 0
101724 0.00 0.00 0.00 0
101725 0.00 0.00 0.00 0
101726 0.00 0.00 0.00 0
101727 0.00 0.00 0.00 0
101733 0.00 0.00 0.00 0
101734 0.00 0.00 0.00 0
101735 0.00 0.00 0.00 0
101736 0.00 0.00 0.00 0
101737 0.00 0.00 0.00 0
101738 0.00 0.00 0.00 0
101747 0.00 0.00 0.00 0
101748 0.00 0.00 0.00 0
101749 0.00 0.00 0.00 0
101750 0.00 0.00 0.00 0
101751 0.00 0.00 0.00 0
101762 0.00 0.00 0.00 0
101763 0.00 0.00 0.00 0
101764 0.00 0.00 0.00 0
101765 0.00 0.00 0.00 0
101766 0.00 0.00 0.00 0
101767 0.00 0.00 0.00 0
101775 0.00 0.00 0.00 0
101776 0.00 0.00 0.00 0
101777 0.00 0.00 0.00 0
101778 0.00 0.00 0.00 0
101792 0.00 0.00 0.00 0
101793 0.00 0.00 0.00 0
101806 0.00 0.00 0.00 0
101807 0.00 0.00 0.00 0
101817 0.00 0.00 0.00 0
101818 0.00 0.00 0.00 0
101833 0.00 0.00 0.00 0
101834 0.00 0.00 0.00 0
101835 0.00 0.00 0.00 0
101842 0.00 0.00 0.00 0
101843 0.00 0.00 0.00 0
101844 0.00 0.00 0.00 0
101845 0.00 0.00 0.00 0
101852 0.00 0.00 0.00 0
101853 0.00 0.00 0.00 0
101854 0.00 0.00 0.00 0
101855 0.00 0.00 0.00 0
101856 0.00 0.00 0.00 0
101857 0.00 0.00 0.00 0
101869 0.00 0.00 0.00 0
101870 0.00 0.00 0.00 0
101871 0.00 0.00 0.00 0
101872 0.00 0.00 0.00 0
101880 0.00 0.00 0.00 0
101881 0.00 0.00 0.00 0
101890 0.00 0.00 0.00 0
101891 0.00 0.00 0.00 0
101892 0.00 0.00 0.00 0
101901 0.00 0.00 0.00 0
101902 0.00 0.00 0.00 0
101903 0.00 0.00 0.00 0
101911 0.00 0.00 0.00 0
101912 0.00 0.00 0.00 0
101921 0.00 0.00 0.00 0
101922 0.00 0.00 0.00 0
101934 0.00 0.00 0.00 0
101935 0.00 0.00 0.00 0
101936 0.00 0.00 0.00 0
101948 0.00 0.00 0.00 0
101949 0.00 0.00 0.00 0
101950 0.00 0.00 0.00 0
101951 0.00 0.00 0.00 0
101964 0.00 0.00 0.00 0
101965 0.00 0.00 0.00 0
102649 0.00 0.00 0.00 0
102650 0.00 0.00 0.00 0
102660 0.00 0.00 0.00 0
102661 0.00 0.00 0.00 0
102662 0.00 0.00 0.00 0
102663 0.00 0.00 0.00 0
102675 0.00 0.00 0.00 0
102676 0.00 0.00 0.00 0
102677 0.00 0.00 0.00 0
102678 0.00 0.00 0.00 0
102679 0.00 0.00 0.00 0
102690 0.00 0.00 0.00 0
102691 0.00 0.00 0.00 0
102692 0.00 0.00 0.00 0
102693 0.00 0.00 0.00 0
102705 0.00 0.00 0.00 0
102706 0.00 0.00 0.00 0
102707 0.00 0.00 0.00 0
102708 0.00 0.00 0.00 0
102717 0.00 0.00 0.00 0
102718 0.00 0.00 0.00 0
102719 0.00 0.00 0.00 0
102720 0.00 0.00 0.00 0
102732 0.00 0.00 0.00 0
102733 0.00 0.00 0.00 0
102734 0.00 0.00 0.00 0
102735 0.00 0.00 0.00 0
102744 0.00 0.00 0.00 0
102745 0.00 0.00 0.00 0
102746 0.00 0.00 0.00 0
102747 0.00 0.00 0.00 0
102748 0.00 0.00 0.00 0
102756 0.00 0.00 0.00 0
102757 0.00 0.00 0.00 0
102758 0.00 0.00 0.00 0
102759 0.00 0.00 0.00 0
102760 0.00 0.00 0.00 0
102764 0.00 0.00 0.00 0
102765 0.00 0.00 0.00 0
102766 0.00 0.00 0.00 0
102767 0.00 0.00 0.00 0
102772 0.00 0.00 0.00 0
102773 0.00 0.00 0.00 0
102774 0.00 0.00 0.00 0
102775 0.00 0.00 0.00 0
102776 0.00 0.00 0.00 0
102784 0.00 0.00 0.00 0
102785 0.00 0.00 0.00 0
102786 0.00 0.00 0.00 0
102787 0.00 0.00 0.00 0
102796 0.00 0.00 0.00 0
102797 0.00 0.00 0.00 0
102798 0.00 0.00 0.00 0
102812 0.00 0.00 0.00 0
102813 0.00 0.00 0.00 0
102814 0.00 0.00 0.00 0
102815 0.00 0.00 0.00 0
102827 0.00 0.00 0.00 0
102828 0.00 0.00 0.00 0
102829 0.00 0.00 0.00 0
102839 0.00 0.00 0.00 0
102840 0.00 0.00 0.00 0
102841 0.00 0.00 0.00 0
102842 0.00 0.00 0.00 0
102843 0.00 0.00 0.00 0
102844 0.00 0.00 0.00 0
102845 0.00 0.00 0.00 0
102846 0.00 0.00 0.00 0
102858 0.00 0.00 0.00 0
102859 0.00 0.00 0.00 0
102860 0.00 0.00 0.00 0
102861 0.00 0.00 0.00 0
102862 0.00 0.00 0.00 0
102863 0.00 0.00 0.00 0
102871 0.00 0.00 0.00 0
102872 0.00 0.00 0.00 0
102873 0.00 0.00 0.00 0
102874 0.00 0.00 0.00 0
102880 0.00 0.00 0.00 0
102881 0.00 0.00 0.00 0
102882 0.00 0.00 0.00 0
102883 0.00 0.00 0.00 0
102884 0.00 0.00 0.00 0
102885 0.00 0.00 0.00 0
102894 0.00 0.00 0.00 0
102895 0.00 0.00 0.00 0
102896 0.00 0.00 0.00 0
102897 0.00 0.00 0.00 0
102898 0.00 0.00 0.00 0
102899 0.00 0.00 0.00 0
102910 0.00 0.00 0.00 0
102911 0.00 0.00 0.00 0
102912 0.00 0.00 0.00 0
102921 0.00 0.00 0.00 0
102922 0.00 0.00 0.00 0
102936 0.00 0.00 0.00 0
102947 0.00 0.00 0.00 0
102959 0.00 0.00 0.00 0
102960 0.00 0.00 0.00 0
102961 0.00 0.00 0.00 0
102973 0.00 0.00 0.00 0
102974 0.00 0.00 0.00 0
102975 0.00 0.00 0.00 0
102980 0.00 0.00 0.00 0
102981 0.00 0.00 0.00 0
102982 0.00 0.00 0.00 0
102983 0.00 0.00 0.00 0
102984 0.00 0.00 0.00 0
102992 0.00 0.00 0.00 0
102993 0.00 0.00 0.00 0
102994 0.00 0.00 0.00 0
102995 0.00 0.00 0.00 0
102996 0.00 0.00 0.00 0
103009 0.00 0.00 0.00 0
103010 0.00 0.00 0.00 0
103011 0.00 0.00 0.00 0
103019 0.00 0.00 0.00 0
103020 0.00 0.00 0.00 0
103027 0.00 0.00 0.00 0
103028 0.00 0.00 0.00 0
103029 0.00 0.00 0.00 0
103030 0.00 0.00 0.00 0
103031 0.00 0.00 0.00 0
103032 0.00 0.00 0.00 0
103040 0.00 0.00 0.00 0
103041 0.00 0.00 0.00 0
103042 0.00 0.00 0.00 0
103043 0.00 0.00 0.00 0
103054 0.00 0.00 0.00 0
103055 0.00 0.00 0.00 0
103066 0.00 0.00 0.00 0
103067 0.00 0.00 0.00 0
103077 0.00 0.00 0.00 0
103078 0.00 0.00 0.00 0
103088 0.00 0.00 0.00 0
103089 0.00 0.00 0.00 0
103090 0.00 0.00 0.00 0
103099 0.00 0.00 0.00 0
103100 0.00 0.00 0.00 0
103789 0.00 0.00 0.00 0
103790 0.00 0.00 0.00 0
103791 0.00 0.00 0.00 0
103792 0.00 0.00 0.00 0
103804 0.00 0.00 0.00 0
103805 0.00 0.00 0.00 0
103806 0.00 0.00 0.00 0
103807 0.00 0.00 0.00 0
103808 0.00 0.00 0.00 0
103818 0.00 0.00 0.00 0
103819 0.00 0.00 0.00 0
103820 0.00 0.00 0.00 0
103821 0.00 0.00 0.00 0
103822 0.00 0.00 0.00 0
103823 0.00 0.00 0.00 0
103834 0.00 0.00 0.00 0
103835 0.00 0.00 0.00 0
103836 0.00 0.00 0.00 0
103846 0.00 0.00 0.00 0
103847 0.00 0.00 0.00 0
103848 0.00 0.00 0.00 0
103849 0.00 0.00 0.00 0
103859 0.00 0.00 0.00 0
103860 0.00 0.00 0.00 0
103861 0.00 0.00 0.00 0
103862 0.00 0.00 0.00 0
103868 0.00 0.00 0.00 0
103869 0.00 0.00 0.00 0
103870 0.00 0.00 0.00 0
103871 0.00 0.00 0.00 0
103872 0.00 0.00 0.00 0
103883 0.00 0.00 0.00 0
103884 0.00 0.00 0.00 0
103885 0.00 0.00 0.00 0
103886 0.00 0.00 0.00 0
103887 0.00 0.00 0.00 0
103897 0.00 0.00 0.00 0
103898 0.00 0.00 0.00 0
103899 0.00 0.00 0.00 0
103900 0.00 0.00 0.00 0
103905 0.00 0.00 0.00 0
103906 0.00 0.00 0.00 0
103907 0.00 0.00 0.00 0
103908 0.00 0.00 0.00 0
103912 0.00 0.00 0.00 0
103913 0.00 0.00 0.00 0
103914 0.00 0.00 0.00 0
103915 0.00 0.00 0.00 0
103916 0.00 0.00 0.00 0
103922 0.00 0.00 0.00 0
103923 0.00 0.00 0.00 0
103924 0.00 0.00 0.00 0
103925 0.00 0.00 0.00 0
103926 0.00 0.00 0.00 0
103938 0.00 0.00 0.00 0
103939 0.00 0.00 0.00 0
103940 0.00 0.00 0.00 0
103941 0.00 0.00 0.00 0
103959 0.00 0.00 0.00 0
103960 0.00 0.00 0.00 0
103961 0.00 0.00 0.00 0
103962 0.00 0.00 0.00 0
103974 0.00 0.00 0.00 0
103975 0.00 0.00 0.00 0
103976 0.00 0.00 0.00 0
103977 0.00 0.00 0.00 0
103978 0.00 0.00 0.00 0
103979 0.00 0.00 0.00 0
103980 0.00 0.00 0.00 0
103981 0.00 0.00 0.00 0
103982 0.00 0.00 0.00 0
103995 0.00 0.00 0.00 0
103996 0.00 0.00 0.00 0
103997 0.00 0.00 0.00 0
103998 0.00 0.00 0.00 0
103999 0.00 0.00 0.00 0
104000 0.00 0.00 0.00 0
104008 0.00 0.00 0.00 0
104009 0.00 0.00 0.00 0
104010 0.00 0.00 0.00 0
104015 0.00 0.00 0.00 0
104016 0.00 0.00 0.00 0
104017 0.00 0.00 0.00 0
104018 0.00 0.00 0.00 0
104023 0.00 0.00 0.00 0
104032 0.00 0.00 0.00 0
104033 0.00 0.00 0.00 0
104044 0.00 0.00 0.00 0
104045 0.00 0.00 0.00 0
104057 0.00 0.00 0.00 0
104058 0.00 0.00 0.00 0
104071 0.00 0.00 0.00 0
104083 0.00 0.00 0.00 0
104084 0.00 0.00 0.00 0
104085 0.00 0.00 0.00 0
104086 0.00 0.00 0.00 0
104095 0.00 0.00 0.00 0
104096 0.00 0.00 0.00 0
104097 0.00 0.00 0.00 0
104098 0.00 0.00 0.00 0
104102 0.00 0.00 0.00 0
104103 0.00 0.00 0.00 0
104104 0.00 0.00 0.00 0
104105 0.00 0.00 0.00 0
104106 0.00 0.00 0.00 0
104107 0.00 0.00 0.00 0
104114 0.00 0.00 0.00 0
104115 0.00 0.00 0.00 0
104116 0.00 0.00 0.00 0
104117 0.00 0.00 0.00 0
104118 0.00 0.00 0.00 0
104129 0.00 0.00 0.00 0
104130 0.00 0.00 0.00 0
104131 0.00 0.00 0.00 0
104138 0.00 0.00 0.00 0
104139 0.00 0.00 0.00 0
104140 0.00 0.00 0.00 0
104141 0.00 0.00 0.00 0
104142 0.00 0.00 0.00 0
104143 0.00 0.00 0.00 0
104144 0.00 0.00 0.00 0
104145 0.00 0.00 0.00 0
104150 0.00 0.00 0.00 0
104151 0.00 0.00 0.00 0
104152 0.00 0.00 0.00 0
104153 0.00 0.00 0.00 0
104154 0.00 0.00 0.00 0
104155 0.00 0.00 0.00 0
104162 0.00 0.00 0.00 0
104171 0.00 0.00 0.00 0
104178 0.00 0.00 0.00 0
104179 0.00 0.00 0.00 0
104187 0.00 0.00 0.00 0
104188 0.00 0.00 0.00 0
104196 0.00 0.00 0.00 0
104197 0.00 0.00 0.00 0
104206 0.00 0.00 0.00 0
104207 0.00 0.00 0.00 0
104880 0.00 0.00 0.00 0
104881 0.00 0.00 0.00 0
104882 0.00 0.00 0.00 0
104895 0.00 0.00 0.00 0
104896 0.00 0.00 0.00 0
104897 0.00 0.00 0.00 0
104898 0.00 0.00 0.00 0
104910 0.00 0.00 0.00 0
104911 0.00 0.00 0.00 0
104912 0.00 0.00 0.00 0
104913 0.00 0.00 0.00 0
104914 0.00 0.00 0.00 0
104915 0.00 0.00 0.00 0
104916 0.00 0.00 0.00 0
104928 0.00 0.00 0.00 0
104929 0.00 0.00 0.00 0
104930 0.00 0.00 0.00 0
104931 0.00 0.00 0.00 0
104932 0.00 0.00 0.00 0
104933 0.00 0.00 0.00 0
104934 0.00 0.00 0.00 0
104935 0.00 0.00 0.00 0
104947 0.00 0.00 0.00 0
104948 0.00 0.00 0.00 0
104949 0.00 0.00 0.00 0
104950 0.00 0.00 0.00 0
104951 0.00 0.00 0.00 0
104952 0.00 0.00 0.00 0
104953 0.00 0.00 0.00 0
104954 0.00 0.00 0.00 0
104961 0.00 0.00 0.00 0
104962 0.00 0.00 0.00 0
104963 0.00 0.00 0.00 0
104964 0.00 0.00 0.00 0
104967 0.00 0.00 0.00 0
104968 0.00 0.00 0.00 0
104969 0.00 0.00 0.00 0
104970 0.00 0.00 0.00 0
104974 0.00 0.00 0.00 0
104975 0.00 0.00 0.00 0
104976 0.00 0.00 0.00 0
104977 0.00 0.00 0.00 0
104978 0.00 0.00 0.00 0
104987 0.00 0.00 0.00 0
104988 0.00 0.00 0.00 0
104989 0.00 0.00 0.00 0
104990 0.00 0.00 0.00 0
104991 0.00 0.00 0.00 0
104992 0.00 0.00 0.00 0
105000 0.00 0.00 0.00 0
105001 0.00 0.00 0.00 0
105002 0.00 0.00 0.00 0
105003 0.00 0.00 0.00 0
105004 0.00 0.00 0.00 0
105010 0.00 0.00 0.00 0
105011 0.00 0.00 0.00 0
105012 0.00 0.00 0.00 0
105013 0.00 0.00 0.00 0
105014 0.00 0.00 0.00 0
105018 0.00 0.00 0.00 0
105019 0.00 0.00 0.00 0
105020 0.00 0.00 0.00 0
105021 0.00 0.00 0.00 0
105025 0.00 0.00 0.00 0
105026 0.00 0.00 0.00 0
105027 0.00 0.00 0.00 0
105028 0.00 0.00 0.00 0
105029 0.00 0.00 0.00 0
105039 0.00 0.00 0.00 0
105040 0.00 0.00 0.00 0
105041 0.00 0.00 0.00 0
105042 0.00 0.00 0.00 0
105046 0.00 0.00 0.00 0
105047 0.00 0.00 0.00 0
105048 0.00 0.00 0.00 0
105049 0.00 0.00 0.00 0
105050 0.00 0.00 0.00 0
105051 0.00 0.00 0.00 0
105055 0.00 0.00 0.00 0
105056 0.00 0.00 0.00 0
105057 0.00 0.00 0.00 0
105058 0.00 0.00 0.00 0
105059 0.00 0.00 0.00 0
105063 0.00 0.00 0.00 0
105065 0.00 0.00 0.00 0
105066 0.00 0.00 0.00 0
105068 0.00 0.00 0.00 0
105069 0.00 0.00 0.00 0
105076 0.00 0.00 0.00 0
105086 0.00 0.00 0.00 0
105096 0.00 0.00 0.00 0
105097 0.00 0.00 0.00 0
105107 0.00 0.00 0.00 0
105108 0.00 0.00 0.00 0
105115 0.00 0.00 0.00 0
105116 0.00 0.00 0.00 0
105117 0.00 0.00 0.00 0
105118 0.00 0.00 0.00 0
105119 0.00 0.00 0.00 0
105120 0.00 0.00 0.00 0
105128 0.00 0.00 0.00 0
105129 0.00 0.00 0.00 0
105130 0.00 0.00 0.00 0
105131 0.00 0.00 0.00 0
105132 0.00 0.00 0.00 0
105133 0.00 0.00 0.00 0
105138 0.00 0.00 0.00 0
105139 0.00 0.00 0.00 0
105140 0.00 0.00 0.00 0
105141 0.00 0.00 0.00 0
105142 0.00 0.00 0.00 0
105143 0.00 0.00 0.00 0
105151 0.00 0.00 0.00 0
105152 0.00 0.00 0.00 0
105153 0.00 0.00 0.00 0
105154 0.00 0.00 0.00 0
105165 0.00 0.00 0.00 0
105166 0.00 0.00 0.00 0
105167 0.00 0.00 0.00 0
105168 0.00 0.00 0.00 0
105169 0.00 0.00 0.00 0
105170 0.00 0.00 0.00 0
105171 0.00 0.00 0.00 0
105178 0.00 0.00 0.00 0
105179 0.00 0.00 0.00 0
105180 0.00 0.00 0.00 0
105181 0.00 0.00 0.00 0
105182 0.00 0.00 0.00 0
105183 0.00 0.00 0.00 0
105184 0.00 0.00 0.00 0
105185 0.00 0.00 0.00 0
105186 0.00 0.00 0.00 0
105193 0.00 0.00 0.00 0
105194 0.00 0.00 0.00 0
105201 0.00 0.00 0.00 0
105207 0.00 0.00 0.00 0
105208 0.00 0.00 0.00 0
105213 0.00 0.00 0.00 0
105214 0.00 0.00 0.00 0
105215 0.00 0.00 0.00 0
105222 0.00 0.00 0.00 0
105223 0.00 0.00 0.00 0
105224 0.00 0.00 0.00 0
105232 0.00 0.00 0.00 0
105233 0.00 0.00 0.00 0
105242 0.00 0.00 0.00 0
106005 0.00 0.00 0.00 0
106006 0.00 0.00 0.00 0
106018 0.00 0.00 0.00 0
106019 0.00 0.00 0.00 0
106034 0.00 0.00 0.00 0
106035 0.00 0.00 0.00 0
106036 0.00 0.00 0.00 0
106037 0.00 0.00 0.00 0
106038 0.00 0.00 0.00 0
106039 0.00 0.00 0.00 0
106056 0.00 0.00 0.00 0
106057 0.00 0.00 0.00 0
106058 0.00 0.00 0.00 0
106059 0.00 0.00 0.00 0
106060 0.00 0.00 0.00 0
106061 0.00 0.00 0.00 0
106062 0.00 0.00 0.00 0
106063 0.00 0.00 0.00 0
106064 0.00 0.00 0.00 0
106076 0.00 0.00 0.00 0
106077 0.00 0.00 0.00 0
106078 0.00 0.00 0.00 0
106079 0.00 0.00 0.00 0
106080 0.00 0.00 0.00 0
106081 0.00 0.00 0.00 0
106082 0.00 0.00 0.00 0
106083 0.00 0.00 0.00 0
106084 0.00 0.00 0.00 0
106085 0.00 0.00 0.00 0
106094 0.00 0.00 0.00 0
106095 0.00 0.00 0.00 0
106096 0.00 0.00 0.00 0
106097 0.00 0.00 0.00 0
106098 0.00 0.00 0.00 0
106099 0.00 0.00 0.00 0
106100 0.00 0.00 0.00 0
106101 0.00 0.00 0.00 0
106102 0.00 0.00 0.00 0
106109 0.00 0.00 0.00 0
106110 0.00 0.00 0.00 0
106111 0.00 0.00 0.00 0
106112 0.00 0.00 0.00 0
106120 0.00 0.00 0.00 0
106121 0.00 0.00 0.00 0
106122 0.00 0.00 0.00 0
106123 0.00 0.00 0.00 0
106124 0.00 0.00 0.00 0
106134 0.00 0.00 0.00 0
106135 0.00 0.00 0.00 0
106136 0.00 0.00 0.00 0
106137 0.00 0.00 0.00 0
106146 0.00 0.00 0.00 0
106147 0.00 0.00 0.00 0
106148 0.00 0.00 0.00 0
106149 0.00 0.00 0.00 0
106150 0.00 0.00 0.00 0
106151 0.00 0.00 0.00 0
106155 0.00 0.00 0.00 0
106156 0.00 0.00 0.00 0
106157 0.00 0.00 0.00 0
106158 0.00 0.00 0.00 0
106162 0.00 0.00 0.00 0
106163 0.00 0.00 0.00 0
106164 0.00 0.00 0.00 0
106165 0.00 0.00 0.00 0
106174 0.00 0.00 0.00 0
106175 0.00 0.00 0.00 0
106176 0.00 0.00 0.00 0
106177 0.00 0.00 0.00 0
106178 0.00 0.00 0.00 0
106182 0.00 0.00 0.00 0
106183 0.00 0.00 0.00 0
106184 0.00 0.00 0.00 0
106185 0.00 0.00 0.00 0
106186 0.00 0.00 0.00 0
106187 0.00 0.00 0.00 0
106188 0.00 0.00 0.00 0
106191 0.00 0.00 0.00 0
106192 0.00 0.00 0.00 0
106193 0.00 0.00 0.00 0
106194 0.00 0.00 0.00 0
106195 0.00 0.00 0.00 0
106196 0.00 0.00 0.00 0
106200 0.00 0.00 0.00 0
106201 0.00 0.00 0.00 0
106204 0.00 0.00 0.00 0
106206 0.00 0.00 0.00 0
106207 0.00 0.00 0.00 0
106212 0.00 0.00 0.00 0
106213 0.00 0.00 0.00 0
106225 0.00 0.00 0.00 0
106226 0.00 0.00 0.00 0
106233 0.00 0.00 0.00 0
106234 0.00 0.00 0.00 0
106235 0.00 0.00 0.00 0
106237 0.00 0.00 0.00 0
106238 0.00 0.00 0.00 0
106239 0.00 0.00 0.00 0
106240 0.00 0.00 0.00 0
106241 0.00 0.00 0.00 0
106242 0.00 0.00 0.00 0
106243 0.00 0.00 0.00 0
106245 0.00 0.00 0.00 0
106246 0.00 0.00 0.00 0
106247 0.00 0.00 0.00 0
106248 0.00 0.00 0.00 0
106249 0.00 0.00 0.00 0
106250 0.00 0.00 0.00 0
106251 0.00 0.00 0.00 0
106252 0.00 0.00 0.00 0
106259 0.00 0.00 0.00 0
106260 0.00 0.00 0.00 0
106261 0.00 0.00 0.00 0
106262 0.00 0.00 0.00 0
106263 0.00 0.00 0.00 0
106267 0.00 0.00 0.00 0
106268 0.00 0.00 0.00 0
106269 0.00 0.00 0.00 0
106270 0.00 0.00 0.00 0
106271 0.00 0.00 0.00 0
106278 0.00 0.00 0.00 0
106279 0.00 0.00 0.00 0
106280 0.00 0.00 0.00 0
106291 0.00 0.00 0.00 0
106292 0.00 0.00 0.00 0
106293 0.00 0.00 0.00 0
106294 0.00 0.00 0.00 0
106295 0.00 0.00 0.00 0
106296 0.00 0.00 0.00 0
106297 0.00 0.00 0.00 0
106298 0.00 0.00 0.00 0
106299 0.00 0.00 0.00 0
106300 0.00 0.00 0.00 0
106307 0.00 0.00 0.00 0
106308 0.00 0.00 0.00 0
106309 0.00 0.00 0.00 0
106310 0.00 0.00 0.00 0
106311 0.00 0.00 0.00 0
106319 0.00 0.00 0.00 0
106320 0.00 0.00 0.00 0
106327 0.00 0.00 0.00 0
106328 0.00 0.00 0.00 0
106334 0.00 0.00 0.00 0
106335 0.00 0.00 0.00 0
106340 0.00 0.00 0.00 0
106348 0.00 0.00 0.00 0
107077 0.00 0.00 0.00 0
107078 0.00 0.00 0.00 0
107092 0.00 0.00 0.00 0
107093 0.00 0.00 0.00 0
107109 0.00 0.00 0.00 0
107110 0.00 0.00 0.00 0
107111 0.00 0.00 0.00 0
107124 0.00 0.00 0.00 0
107125 0.00 0.00 0.00 0
107126 0.00 0.00 0.00 0
107134 0.00 0.00 0.00 0
107135 0.00 0.00 0.00 0
107136 0.00 0.00 0.00 0
107137 0.00 0.00 0.00 0
107138 0.00 0.00 0.00 0
107139 0.00 0.00 0.00 0
107140 0.00 0.00 0.00 0
107150 0.00 0.00 0.00 0
107151 0.00 0.00 0.00 0
107152 0.00 0.00 0.00 0
107153 0.00 0.00 0.00 0
107154 0.00 0.00 0.00 0
107155 0.00 0.00 0.00 0
107156 0.00 0.00 0.00 0
107157 0.00 0.00 0.00 0
107166 0.00 0.00 0.00 0
107167 0.00 0.00 0.00 0
107168 0.00 0.00 0.00 0
107169 0.00 0.00 0.00 0
107170 0.00 0.00 0.00 0
107171 0.00 0.00 0.00 0
107172 0.00 0.00 0.00 0
107173 0.00 0.00 0.00 0
107182 0.00 0.00 0.00 0
107183 0.00 0.00 0.00 0
107184 0.00 0.00 0.00 0
107185 0.00 0.00 0.00 0
107186 0.00 0.00 0.00 0
107187 0.00 0.00 0.00 0
107197 0.00 0.00 0.00 0
107198 0.00 0.00 0.00 0
107199 0.00 0.00 0.00 0
107200 0.00 0.00 0.00 0
107201 0.00 0.00 0.00 0
107215 0.00 0.00 0.00 0
107216 0.00 0.00 0.00 0
107217 0.00 0.00 0.00 0
107218 0.00 0.00 0.00 0
107219 0.00 0.00 0.00 0
107220 0.00 0.00 0.00 0
107229 0.00 0.00 0.00 0
107230 0.00 0.00 0.00 0
107231 0.00 0.00 0.00 0
107232 0.00 0.00 0.00 0
107233 0.00 0.00 0.00 0
107236 0.00 0.00 0.00 0
107237 0.00 0.00 0.00 0
107238 0.00 0.00 0.00 0
107239 0.00 0.00 0.00 0
107240 0.00 0.00 0.00 0
107247 0.00 0.00 0.00 0
107248 0.00 0.00 0.00 0
107249 0.00 0.00 0.00 0
107250 0.00 0.00 0.00 0
107251 0.00 0.00 0.00 0
107257 0.00 0.00 0.00 0
107258 0.00 0.00 0.00 0
107259 0.00 0.00 0.00 0
107260 0.00 0.00 0.00 0
107261 0.00 0.00 0.00 0
107262 0.00 0.00 0.00 0
107263 0.00 0.00 0.00 0
107267 0.00 0.00 0.00 0
107268 0.00 0.00 0.00 0
107269 0.00 0.00 0.00 0
107270 0.00 0.00 0.00 0
107271 0.00 0.00 0.00 0
107272 0.00 0.00 0.00 0
107275 0.00 0.00 0.00 0
107276 0.00 0.00 0.00 0
107277 0.00 0.00 0.00 0
107280 0.00 0.00 0.00 0
107281 0.00 0.00 0.00 0
107282 0.00 0.00 0.00 0
107284 0.00 0.00 0.00 0
107285 0.00 0.00 0.00 0
107290 0.00 0.00 0.00 0
107291 0.00 0.00 0.00 0
107302 0.00 0.00 0.00 0
107303 0.00 0.00 0.00 0
107304 0.00 0.00 0.00 0
107312 0.00 0.00 0.00 0
107313 0.00 0.00 0.00 0
107314 0.00 0.00 0.00 0
107315 0.00 0.00 0.00 0
107316 0.00 0.00 0.00 0
107317 0.00 0.00 0.00 0
107318 0.00 0.00 0.00 0
107319 0.00 0.00 0.00 0
107321 0.00 0.00 0.00 0
107322 0.00 0.00 0.00 0
107323 0.00 0.00 0.00 0
107324 0.00 0.00 0.00 0
107325 0.00 0.00 0.00 0
107326 0.00 0.00 0.00 0
107327 0.00 0.00 0.00 0
107328 0.00 0.00 0.00 0
107330 0.00 0.00 0.00 0
107331 0.00 0.00 0.00 0
107332 0.00 0.00 0.00 0
107333 0.00 0.00 0.00 0
107338 0.00 0.00 0.00 0
107339 0.00 0.00 0.00 0
107340 0.00 0.00 0.00 0
107341 0.00 0.00 0.00 0
107342 0.00 0.00 0.00 0
107344 0.00 0.00 0.00 0
107345 0.00 0.00 0.00 0
107346 0.00 0.00 0.00 0
107347 0.00 0.00 0.00 0
107348 0.00 0.00 0.00 0
107352 0.00 0.00 0.00 0
107353 0.00 0.00 0.00 0
107354 0.00 0.00 0.00 0
107355 0.00 0.00 0.00 0
107356 0.00 0.00 0.00 0
107357 0.00 0.00 0.00 0
107358 0.00 0.00 0.00 0
107359 0.00 0.00 0.00 0
107360 0.00 0.00 0.00 0
107361 0.00 0.00 0.00 0
107372 0.00 0.00 0.00 0
107373 0.00 0.00 0.00 0
107374 0.00 0.00 0.00 0
107375 0.00 0.00 0.00 0
107376 0.00 0.00 0.00 0
107377 0.00 0.00 0.00 0
107378 0.00 0.00 0.00 0
107379 0.00 0.00 0.00 0
107380 0.00 0.00 0.00 0
107381 0.00 0.00 0.00 0
107386 0.00 0.00 0.00 0
107390 0.00 0.00 0.00 0
107391 0.00 0.00 0.00 0
107393 0.00 0.00 0.00 0
107394 0.00 0.00 0.00 0
107397 0.00 0.00 0.00 0
108116 0.00 0.00 0.00 0
108117 0.00 0.00 0.00 0
108127 0.00 0.00 0.00 0
108128 0.00 0.00 0.00 0
108129 0.00 0.00 0.00 0
108142 0.00 0.00 0.00 0
108143 0.00 0.00 0.00 0
108144 0.00 0.00 0.00 0
108154 0.00 0.00 0.00 0
108155 0.00 0.00 0.00 0
108156 0.00 0.00 0.00 0
108162 0.00 0.00 0.00 0
108163 0.00 0.00 0.00 0
108164 0.00 0.00 0.00 0
108165 0.00 0.00 0.00 0
108166 0.00 0.00 0.00 0
108167 0.00 0.00 0.00 0
108168 0.00 0.00 0.00 0
108174 0.00 0.00 0.00 0
108175 0.00 0.00 0.00 0
108176 0.00 0.00 0.00 0
108177 0.00 0.00 0.00 0
108178 0.00 0.00 0.00 0
108179 0.00 0.00 0.00 0
108180 0.00 0.00 0.00 0
108181 0.00 0.00 0.00 0
108186 0.00 0.00 0.00 0
108187 0.00 0.00 0.00 0
108188 0.00 0.00 0.00 0
108189 0.00 0.00 0.00 0
108190 0.00 0.00 0.00 0
108191 0.00 0.00 0.00 0
108192 0.00 0.00 0.00 0
108193 0.00 0.00 0.00 0
108197 0.00 0.00 0.00 0
108198 0.00 0.00 0.00 0
108199 0.00 0.00 0.00 0
108200 0.00 0.00 0.00 0
108201 0.00 0.00 0.00 0
108202 0.00 0.00 0.00 0
108203 0.00 0.00 0.00 0
108208 0.00 0.00 0.00 0
108209 0.00 0.00 0.00 0
108210 0.00 0.00 0.00 0
108211 0.00 0.00 0.00 0
108212 0.00 0.00 0.00 0
108223 0.00 0.00 0.00 0
108224 0.00 0.00 0.00 0
108225 0.00 0.00 0.00 0
108226 0.00 0.00 0.00 0
108227 0.00 0.00 0.00 0
108228 0.00 0.00 0.00 0
108241 0.00 0.00 0.00 0
108242 0.00 0.00 0.00 0
108243 0.00 0.00 0.00 0
108244 0.00 0.00 0.00 0
108245 0.00 0.00 0.00 0
108246 0.00 0.00 0.00 0
108252 0.00 0.00 0.00 0
108253 0.00 0.00 0.00 0
108254 0.00 0.00 0.00 0
108255 0.00 0.00 0.00 0
108256 0.00 0.00 0.00 0
108257 0.00 0.00 0.00 0
108263 0.00 0.00 0.00 0
108264 0.00 0.00 0.00 0
108265 0.00 0.00 0.00 0
108266 0.00 0.00 0.00 0
108267 0.00 0.00 0.00 0
108268 0.00 0.00 0.00 0
108274 0.00 0.00 0.00 0
108275 0.00 0.00 0.00 0
108276 0.00 0.00 0.00 0
108277 0.00 0.00 0.00 0
108278 0.00 0.00 0.00 0
108279 0.00 0.00 0.00 0
108280 0.00 0.00 0.00 0
108281 0.00 0.00 0.00 0
108282 0.00 0.00 0.00 0
108286 0.00 0.00 0.00 0
108287 0.00 0.00 0.00 0
108288 0.00 0.00 0.00 0
108289 0.00 0.00 0.00 0
108290 0.00 0.00 0.00 0
108291 0.00 0.00 0.00 0
108292 0.00 0.00 0.00 0
108295 0.00 0.00 0.00 0
108296 0.00 0.00 0.00 0
108299 0.00 0.00 0.00 0
108300 0.00 0.00 0.00 0
108301 0.00 0.00 0.00 0
108302 0.00 0.00 0.00 0
108304 0.00 0.00 0.00 0
108305 0.00 0.00 0.00 0
108306 0.00 0.00 0.00 0
108307 0.00 0.00 0.00 0
108308 0.00 0.00 0.00 0
108309 0.00 0.00 0.00 0
108314 0.00 0.00 0.00 0
108315 0.00 0.00 0.00 0
108316 0.00 0.00 0.00 0
108317 0.00 0.00 0.00 0
108318 0.00 0.00 0.00 0
108319 0.00 0.00 0.00 0
108329 0.00 0.00 0.00 0
108330 0.00 0.00 0.00 0
108331 0.00 0.00 0.00 0
108332 0.00 0.00 0.00 0
108333 0.00 0.00 0.00 0
108334 0.00 0.00 0.00 0
108335 0.00 0.00 0.00 0
108336 0.00 0.00 0.00 0
108337 0.00 0.00 0.00 0
108344 0.00 0.00 0.00 0
108345 0.00 0.00 0.00 0
108346 0.00 0.00 0.00 0
108347 0.00 0.00 0.00 0
108348 0.00 0.00 0.00 0
108349 0.00 0.00 0.00 0
108350 0.00 0.00 0.00 0
108351 0.00 0.00 0.00 0
108353 0.00 0.00 0.00 0
108354 0.00 0.00 0.00 0
108355 0.00 0.00 0.00 0
108357 0.00 0.00 0.00 0
108358 0.00 0.00 0.00 0
108359 0.00 0.00 0.00 0
108360 0.00 0.00 0.00 0
108365 0.00 0.00 0.00 0
108366 0.00 0.00 0.00 0
108367 0.00 0.00 0.00 0
108368 0.00 0.00 0.00 0
108369 0.00 0.00 0.00 0
108370 0.00 0.00 0.00 0
108372 0.00 0.00 0.00 0
108373 0.00 0.00 0.00 0
108374 0.00 0.00 0.00 0
108375 0.00 0.00 0.00 0
108376 0.00 0.00 0.00 0
108377 0.00 0.00 0.00 0
108378 0.00 0.00 0.00 0
108379 0.00 0.00 0.00 0
108380 0.00 0.00 0.00 0
108381 0.00 0.00 0.00 0
108382 0.00 0.00 0.00 0
108385 0.00 0.00 0.00 0
108386 0.00 0.00 0.00 0
108387 0.00 0.00 0.00 0
108388 0.00 0.00 0.00 0
108389 0.00 0.00 0.00 0
108390 0.00 0.00 0.00 0
108391 0.00 0.00 0.00 0
108392 0.00 0.00 0.00 0
108393 0.00 0.00 0.00 0
108394 0.00 0.00 0.00 0
108395 0.00 0.00 0.00 0
108396 0.00 0.00 0.00 0
108404 0.00 0.00 0.00 0
108405 0.00 0.00 0.00 0
108407 0.00 0.00 0.00 0
108409 0.00 0.00 0.00 0
108410 0.00 0.00 0.00 0
109107 0.00 0.00 0.00 0
109108 0.00 0.00 0.00 0
109119 0.00 0.00 0.00 0
109120 0.00 0.00 0.00 0
109121 0.00 0.00 0.00 0
109132 0.00 0.00 0.00 0
109133 0.00 0.00 0.00 0
109140 0.00 0.00 0.00 0
109141 0.00 0.00 0.00 0
109146 0.00 0.00 0.00 0
109147 0.00 0.00 0.00 0
109148 0.00 0.00 0.00 0
109153 0.00 0.00 0.00 0
109154 0.00 0.00 0.00 0
109155 0.00 0.00 0.00 0
109156 0.00 0.00 0.00 0
109157 0.00 0.00 0.00 0
109158 0.00 0.00 0.00 0
109159 0.00 0.00 0.00 0
109164 0.00 0.00 0.00 0
109165 0.00 0.00 0.00 0
109166 0.00 0.00 0.00 0
109167 0.00 0.00 0.00 0
109168 0.00 0.00 0.00 0
109169 0.00 0.00 0.00 0
109170 0.00 0.00 0.00 0
109171 0.00 0.00 0.00 0
109172 0.00 0.00 0.00 0
109173 0.00 0.00 0.00 0
109177 0.00 0.00 0.00 0
109178 0.00 0.00 0.00 0
109179 0.00 0.00 0.00 0
109180 0.00 0.00 0.00 0
109181 0.00 0.00 0.00 0
109182 0.00 0.00 0.00 0
109183 0.00 0.00 0.00 0
109187 0.00 0.00 0.00 0
109188 0.00 0.00 0.00 0
109189 0.00 0.00 0.00 0
109190 0.00 0.00 0.00 0
109191 0.00 0.00 0.00 0
109199 0.00 0.00 0.00 0
109200 0.00 0.00 0.00 0
109201 0.00 0.00 0.00 0
109202 0.00 0.00 0.00 0
109203 0.00 0.00 0.00 0
109204 0.00 0.00 0.00 0
109216 0.00 0.00 0.00 0
109217 0.00 0.00 0.00 0
109218 0.00 0.00 0.00 0
109219 0.00 0.00 0.00 0
109220 0.00 0.00 0.00 0
109221 0.00 0.00 0.00 0
109226 0.00 0.00 0.00 0
109227 0.00 0.00 0.00 0
109228 0.00 0.00 0.00 0
109229 0.00 0.00 0.00 0
109230 0.00 0.00 0.00 0
109236 0.00 0.00 0.00 0
109237 0.00 0.00 0.00 0
109238 0.00 0.00 0.00 0
109239 0.00 0.00 0.00 0
109240 0.00 0.00 0.00 0
109241 0.00 0.00 0.00 0
109242 0.00 0.00 0.00 0
109250 0.00 0.00 0.00 0
109251 0.00 0.00 0.00 0
109252 0.00 0.00 0.00 0
109253 0.00 0.00 0.00 0
109254 0.00 0.00 0.00 0
109255 0.00 0.00 0.00 0
109256 0.00 0.00 0.00 0
109257 0.00 0.00 0.00 0
109258 0.00 0.00 0.00 0
109259 0.00 0.00 0.00 0
109264 0.00 0.00 0.00 0
109265 0.00 0.00 0.00 0
109266 0.00 0.00 0.00 0
109267 0.00 0.00 0.00 0
109268 0.00 0.00 0.00 0
109269 0.00 0.00 0.00 0
109272 0.00 0.00 0.00 0
109273 0.00 0.00 0.00 0
109274 0.00 0.00 0.00 0
109275 0.00 0.00 0.00 0
109278 0.00 0.00 0.00 0
109279 0.00 0.00 0.00 0
109280 0.00 0.00 0.00 0
109281 0.00 0.00 0.00 0
109282 0.00 0.00 0.00 0
109284 0.00 0.00 0.00 0
109285 0.00 0.00 0.00 0
109286 0.00 0.00 0.00 0
109287 0.00 0.00 0.00 0
109288 0.00 0.00 0.00 0
109289 0.00 0.00 0.00 0
109290 0.00 0.00 0.00 0
109291 0.00 0.00 0.00 0
109293 0.00 0.00 0.00 0
109294 0.00 0.00 0.00 0
109295 0.00 0.00 0.00 0
109296 0.00 0.00 0.00 0
109297 0.00 0.00 0.00 0
109298 0.00 0.00 0.00 0
109299 0.00 0.00 0.00 0
109308 0.00 0.00 0.00 0
109309 0.00 0.00 0.00 0
109310 0.00 0.00 0.00 0
109311 0.00 0.00 0.00 0
109312 0.00 0.00 0.00 0
109313 0.00 0.00 0.00 0
109320 0.00 0.00 0.00 0
109321 0.00 0.00 0.00 0
109323 0.00 0.00 0.00 0
109324 0.00 0.00 0.00 0
109325 0.00 0.00 0.00 0
109327 0.00 0.00 0.00 0
109328 0.00 0.00 0.00 0
109329 0.00 0.00 0.00 0
109330 0.00 0.00 0.00 0
109331 0.00 0.00 0.00 0
109332 0.00 0.00 0.00 0
109337 0.00 0.00 0.00 0
109338 0.00 0.00 0.00 0
109339 0.00 0.00 0.00 0
109340 0.00 0.00 0.00 0
109341 0.00 0.00 0.00 0
109342 0.00 0.00 0.00 0
109343 0.00 0.00 0.00 0
109344 0.00 0.00 0.00 0
109347 0.00 0.00 0.00 0
109348 0.00 0.00 0.00 0
109349 0.00 0.00 0.00 0
109350 0.00 0.00 0.00 0
109351 0.00 0.00 0.00 0
109352 0.00 0.00 0.00 0
109353 0.00 0.00 0.00 0
109354 0.00 0.00 0.00 0
109355 0.00 0.00 0.00 0
109356 0.00 0.00 0.00 0
109357 0.00 0.00 0.00 0
109358 0.00 0.00 0.00 0
109362 0.00 0.00 0.00 0
109363 0.00 0.00 0.00 0
109364 0.00 0.00 0.00 0
109365 0.00 0.00 0.00 0
109366 0.00 0.00 0.00 0
109367 0.00 0.00 0.00 0
109368 0.00 0.00 0.00 0
109377 0.00 0.00 0.00 0
109378 0.00 0.00 0.00 0
109380 0.00 0.00 0.00 0
109382 0.00 0.00 0.00 0
110170 0.00 0.00 0.00 0
110171 0.00 0.00 0.00 0
110172 0.00 0.00 0.00 0
110173 0.00 0.00 0.00 0
110180 0.00 0.00 0.00 0
110181 0.00 0.00 0.00 0
110182 0.00 0.00 0.00 0
110183 0.00 0.00 0.00 0
110189 0.00 0.00 0.00 0
110190 0.00 0.00 0.00 0
110191 0.00 0.00 0.00 0
110192 0.00 0.00 0.00 0
110198 0.00 0.00 0.00 0
110199 0.00 0.00 0.00 0
110200 0.00 0.00 0.00 0
110207 0.00 0.00 0.00 0
110208 0.00 0.00 0.00 0
110209 0.00 0.00 0.00 0
110210 0.00 0.00 0.00 0
110211 0.00 0.00 0.00 0
110212 0.00 0.00 0.00 0
110217 0.00 0.00 0.00 0
110218 0.00 0.00 0.00 0
110219 0.00 0.00 0.00 0
110220 0.00 0.00 0.00 0
110221 0.00 0.00 0.00 0
110222 0.00 0.00 0.00 0
110223 0.00 0.00 0.00 0
110224 0.00 0.00 0.00 0
110225 0.00 0.00 0.00 0
110226 0.00 0.00 0.00 0
110230 0.00 0.00 0.00 0
110231 0.00 0.00 0.00 0
110232 0.00 0.00 0.00 0
110233 0.00 0.00 0.00 0
110234 0.00 0.00 0.00 0
110235 0.00 0.00 0.00 0
110236 0.00 0.00 0.00 0
110237 0.00 0.00 0.00 0
110240 0.00 0.00 0.00 0
110241 0.00 0.00 0.00 0
110242 0.00 0.00 0.00 0
110243 0.00 0.00 0.00 0
110244 0.00 0.00 0.00 0
110249 0.00 0.00 0.00 0
110250 0.00 0.00 0.00 0
110251 0.00 0.00 0.00 0
110252 0.00 0.00 0.00 0
110253 0.00 0.00 0.00 0
110266 0.00 0.00 0.00 0
110267 0.00 0.00 0.00 0
110268 0.00 0.00 0.00 0
110269 0.00 0.00 0.00 0
110270 0.00 0.00 0.00 0
110271 0.00 0.00 0.00 0
110272 0.00 0.00 0.00 0
110278 0.00 0.00 0.00 0
110279 0.00 0.00 0.00 0
110280 0.00 0.00 0.00 0
110281 0.00 0.00 0.00 0
110282 0.00 0.00 0.00 0
110287 0.00 0.00 0.00 0
110288 0.00 0.00 0.00 0
110289 0.00 0.00 0.00 0
110290 0.00 0.00 0.00 0
110291 0.00 0.00 0.00 0
110292 0.00 0.00 0.00 0
110293 0.00 0.00 0.00 0
110300 0.00 0.00 0.00 0
110301 0.00 0.00 0.00 0
110302 0.00 0.00 0.00 0
110303 0.00 0.00 0.00 0
110304 0.00 0.00 0.00 0
110305 0.00 0.00 0.00 0
110306 0.00 0.00 0.00 0
110307 0.00 0.00 0.00 0
110308 0.00 0.00 0.00 0
110309 0.00 0.00 0.00 0
110310 0.00 0.00 0.00 0
110315 0.00 0.00 0.00 0
110316 0.00 0.00 0.00 0
110317 0.00 0.00 0.00 0
110318 0.00 0.00 0.00 0
110319 0.00 0.00 0.00 0
110320 0.00 0.00 0.00 0
110321 0.00 0.00 0.00 0
110324 0.00 0.00 0.00 0
110325 0.00 0.00 0.00 0
110326 0.00 0.00 0.00 0
110327 0.00 0.00 0.00 0
110328 0.00 0.00 0.00 0
110329 0.00 0.00 0.00 0
110332 0.00 0.00 0.00 0
110333 0.00 0.00 0.00 0
110334 0.00 0.00 0.00 0
110335 0.00 0.00 0.00 0
110336 0.00 0.00 0.00 0
110337 0.00 0.00 0.00 0
110338 0.00 0.00 0.00 0
110339 0.00 0.00 0.00 0
110341 0.00 0.00 0.00 0
110342 0.00 0.00 0.00 0
110343 0.00 0.00 0.00 0
110344 0.00 0.00 0.00 0
110345 0.00 0.00 0.00 0
110346 0.00 0.00 0.00 0
110347 0.00 0.00 0.00 0
110349 0.00 0.00 0.00 0
110350 0.00 0.00 0.00 0
110351 0.00 0.00 0.00 0
110352 0.00 0.00 0.00 0
110360 0.00 0.00 0.00 0
110361 0.00 0.00 0.00 0
110362 0.00 0.00 0.00 0
110363 0.00 0.00 0.00 0
110370 0.00 0.00 0.00 0
110371 0.00 0.00 0.00 0
110372 0.00 0.00 0.00 0
110374 0.00 0.00 0.00 0
110375 0.00 0.00 0.00 0
110376 0.00 0.00 0.00 0
110377 0.00 0.00 0.00 0
110378 0.00 0.00 0.00 0
110380 0.00 0.00 0.00 0
110381 0.00 0.00 0.00 0
110382 0.00 0.00 0.00 0
110383 0.00 0.00 0.00 0
110384 0.00 0.00 0.00 0
110389 0.00 0.00 0.00 0
110390 0.00 0.00 0.00 0
110391 0.00 0.00 0.00 0
110392 0.00 0.00 0.00 0
110393 0.00 0.00 0.00 0
110394 0.00 0.00 0.00 0
110395 0.00 0.00 0.00 0
110396 0.00 0.00 0.00 0
110397 0.00 0.00 0.00 0
110398 0.00 0.00 0.00 0
110401 0.00 0.00 0.00 0
110402 0.00 0.00 0.00 0
110403 0.00 0.00 0.00 0
110404 0.00 0.00 0.00 0
110405 0.00 0.00 0.00 0
110406 0.00 0.00 0.00 0
110407 0.00 0.00 0.00 0
110408 0.00 0.00 0.00 0
110409 0.00 0.00 0.00 0
110410 0.00 0.00 0.00 0
110413 0.00 0.00 0.00 0
110414 0.00 0.00 0.00 0
110423 0.00 0.00 0.00 0
110424 0.00 0.00 0.00 0
110426 0.00 0.00 0.00 0
110427 0.00 0.00 0.00 0
111211 0.00 0.00 0.00 0
111212 0.00 0.00 0.00 0
111218 0.00 0.00 0.00 0
111219 0.00 0.00 0.00 0
111220 0.00 0.00 0.00 0
111221 0.00 0.00 0.00 0
111224 0.00 0.00 0.00 0
111225 0.00 0.00 0.00 0
111226 0.00 0.00 0.00 0
111227 0.00 0.00 0.00 0
111232 0.00 0.00 0.00 0
111233 0.00 0.00 0.00 0
111234 0.00 0.00 0.00 0
111239 0.00 0.00 0.00 0
111240 0.00 0.00 0.00 0
111241 0.00 0.00 0.00 0
111247 0.00 0.00 0.00 0
111248 0.00 0.00 0.00 0
111249 0.00 0.00 0.00 0
111250 0.00 0.00 0.00 0
111251 0.00 0.00 0.00 0
111257 0.00 0.00 0.00 0
111258 0.00 0.00 0.00 0
111259 0.00 0.00 0.00 0
111260 0.00 0.00 0.00 0
111261 0.00 0.00 0.00 0
111262 0.00 0.00 0.00 0
111263 0.00 0.00 0.00 0
111264 0.00 0.00 0.00 0
111270 0.00 0.00 0.00 0
111271 0.00 0.00 0.00 0
111272 0.00 0.00 0.00 0
111273 0.00 0.00 0.00 0
111274 0.00 0.00 0.00 0
111275 0.00 0.00 0.00 0
111276 0.00 0.00 0.00 0
111277 0.00 0.00 0.00 0
111278 0.00 0.00 0.00 0
111282 0.00 0.00 0.00 0
111283 0.00 0.00 0.00 0
111284 0.00 0.00 0.00 0
111285 0.00 0.00 0.00 0
111286 0.00 0.00 0.00 0
111287 0.00 0.00 0.00 0
111295 0.00 0.00 0.00 0
111296 0.00 0.00 0.00 0
111297 0.00 0.00 0.00 0
111298 0.00 0.00 0.00 0
111308 0.00 0.00 0.00 0
111309 0.00 0.00 0.00 0
111310 0.00 0.00 0.00 0
111311 0.00 0.00 0.00 0
111312 0.00 0.00 0.00 0
111313 0.00 0.00 0.00 0
111314 0.00 0.00 0.00 0
111321 0.00 0.00 0.00 0
111322 0.00 0.00 0.00 0
111323 0.00 0.00 0.00 0
111324 0.00 0.00 0.00 0
111325 0.00 0.00 0.00 0
111326 0.00 0.00 0.00 0
111327 0.00 0.00 0.00 0
111328 0.00 0.00 0.00 0
111333 0.00 0.00 0.00 0
111334 0.00 0.00 0.00 0
111335 0.00 0.00 0.00 0
111336 0.00 0.00 0.00 0
111337 0.00 0.00 0.00 0
111338 0.00 0.00 0.00 0
111339 0.00 0.00 0.00 0
111340 0.00 0.00 0.00 0
111341 0.00 0.00 0.00 0
111342 0.00 0.00 0.00 0
111343 0.00 0.00 0.00 0
111349 0.00 0.00 0.00 0
111350 0.00 0.00 0.00 0
111351 0.00 0.00 0.00 0
111352 0.00 0.00 0.00 0
111353 0.00 0.00 0.00 0
111354 0.00 0.00 0.00 0
111355 0.00 0.00 0.00 0
111356 0.00 0.00 0.00 0
111357 0.00 0.00 0.00 0
111362 0.00 0.00 0.00 0
111363 0.00 0.00 0.00 0
111364 0.00 0.00 0.00 0
111365 0.00 0.00 0.00 0
111366 0.00 0.00 0.00 0
111367 0.00 0.00 0.00 0
111370 0.00 0.00 0.00 0
111371 0.00 0.00 0.00 0
111372 0.00 0.00 0.00 0
111373 0.00 0.00 0.00 0
111374 0.00 0.00 0.00 0
111375 0.00 0.00 0.00 0
111376 0.00 0.00 0.00 0
111377 0.00 0.00 0.00 0
111380 0.00 0.00 0.00 0
111381 0.00 0.00 0.00 0
111382 0.00 0.00 0.00 0
111383 0.00 0.00 0.00 0
111384 0.00 0.00 0.00 0
111385 0.00 0.00 0.00 0
111386 0.00 0.00 0.00 0
111388 0.00 0.00 0.00 0
111389 0.00 0.00 0.00 0
111390 0.00 0.00 0.00 0
111391 0.00 0.00 0.00 0
111393 0.00 0.00 0.00 0
111394 0.00 0.00 0.00 0
111395 0.00 0.00 0.00 0
111403 0.00 0.00 0.00 0
111404 0.00 0.00 0.00 0
111405 0.00 0.00 0.00 0
111412 0.00 0.00 0.00 0
111413 0.00 0.00 0.00 0
111414 0.00 0.00 0.00 0
111415 0.00 0.00 0.00 0
111417 0.00 0.00 0.00 0
111418 0.00 0.00 0.00 0
111419 0.00 0.00 0.00 0
111420 0.00 0.00 0.00 0
111421 0.00 0.00 0.00 0
111423 0.00 0.00 0.00 0
111424 0.00 0.00 0.00 0
111425 0.00 0.00 0.00 0
111430 0.00 0.00 0.00 0
111431 0.00 0.00 0.00 0
111432 0.00 0.00 0.00 0
111433 0.00 0.00 0.00 0
111434 0.00 0.00 0.00 0
111435 0.00 0.00 0.00 0
111436 0.00 0.00 0.00 0
111437 0.00 0.00 0.00 0
111438 0.00 0.00 0.00 0
111439 0.00 0.00 0.00 0
111440 0.00 0.00 0.00 0
111441 0.00 0.00 0.00 0
111444 0.00 0.00 0.00 0
111445 0.00 0.00 0.00 0
111446 0.00 0.00 0.00 0
111447 0.00 0.00 0.00 0
111448 0.00 0.00 0.00 0
111449 0.00 0.00 0.00 0
111452 0.00 0.00 0.00 0
111453 0.00 0.00 0.00 0
111462 0.00 0.00 0.00 0
111465 0.00 0.00 0.00 0
111466 0.00 0.00 0.00 0
112253 0.00 0.00 0.00 0
112254 0.00 0.00 0.00 0
112257 0.00 0.00 0.00 0
112258 0.00 0.00 0.00 0
112259 0.00 0.00 0.00 0
112262 0.00 0.00 0.00 0
112263 0.00 0.00 0.00 0
112264 0.00 0.00 0.00 0
112265 0.00 0.00 0.00 0
112269 0.00 0.00 0.00 0
112270 0.00 0.00 0.00 0
112271 0.00 0.00 0.00 0
112272 0.00 0.00 0.00 0
112277 0.00 0.00 0.00 0
112278 0.00 0.00 0.00 0
112284 0.00 0.00 0.00 0
112285 0.00 0.00 0.00 0
112286 0.00 0.00 0.00 0
112291 0.00 0.00 0.00 0
112292 0.00 0.00 0.00 0
112293 0.00 0.00 0.00 0
112294 0.00 0.00 0.00 0
112295 0.00 0.00 0.00 0
112296 0.00 0.00 0.00 0
112297 0.00 0.00 0.00 0
112298 0.00 0.00 0.00 0
112303 0.00 0.00 0.00 0
112304 0.00 0.00 0.00 0
112305 0.00 0.00 0.00 0
112306 0.00 0.00 0.00 0
112307 0.00 0.00 0.00 0
112308 0.00 0.00 0.00 0
112309 0.00 0.00 0.00 0
112310 0.00 0.00 0.00 0
112311 0.00 0.00 0.00 0
112312 0.00 0.00 0.00 0
112315 0.00 0.00 0.00 0
112316 0.00 0.00 0.00 0
112317 0.00 0.00 0.00 0
112318 0.00 0.00 0.00 0
112319 0.00 0.00 0.00 0
112320 0.00 0.00 0.00 0
112321 0.00 0.00 0.00 0
112322 0.00 0.00 0.00 0
112323 0.00 0.00 0.00 0
112333 0.00 0.00 0.00 0
112334 0.00 0.00 0.00 0
112335 0.00 0.00 0.00 0
112336 0.00 0.00 0.00 0
112337 0.00 0.00 0.00 0
112338 0.00 0.00 0.00 0
112339 0.00 0.00 0.00 0
112340 0.00 0.00 0.00 0
112341 0.00 0.00 0.00 0
112342 0.00 0.00 0.00 0
112343 0.00 0.00 0.00 0
112344 0.00 0.00 0.00 0
112345 0.00 0.00 0.00 0
112354 0.00 0.00 0.00 0
112355 0.00 0.00 0.00 0
112356 0.00 0.00 0.00 0
112357 0.00 0.00 0.00 0
112358 0.00 0.00 0.00 0
112359 0.00 0.00 0.00 0
112360 0.00 0.00 0.00 0
112361 0.00 0.00 0.00 0
112362 0.00 0.00 0.00 0
112363 0.00 0.00 0.00 0
112364 0.00 0.00 0.00 0
112365 0.00 0.00 0.00 0
112366 0.00 0.00 0.00 0
112367 0.00 0.00 0.00 0
112368 0.00 0.00 0.00 0
112369 0.00 0.00 0.00 0
112370 0.00 0.00 0.00 0
112377 0.00 0.00 0.00 0
112378 0.00 0.00 0.00 0
112379 0.00 0.00 0.00 0
112380 0.00 0.00 0.00 0
112381 0.00 0.00 0.00 0
112382 0.00 0.00 0.00 0
112383 0.00 0.00 0.00 0
112384 0.00 0.00 0.00 0
112385 0.00 0.00 0.00 0
112386 0.00 0.00 0.00 0
112387 0.00 0.00 0.00 0
112388 0.00 0.00 0.00 0
112389 0.00 0.00 0.00 0
112390 0.00 0.00 0.00 0
112391 0.00 0.00 0.00 0
112395 0.00 0.00 0.00 0
112396 0.00 0.00 0.00 0
112397 0.00 0.00 0.00 0
112398 0.00 0.00 0.00 0
112399 0.00 0.00 0.00 0
112400 0.00 0.00 0.00 0
112401 0.00 0.00 0.00 0
112402 0.00 0.00 0.00 0
112403 0.00 0.00 0.00 0
112404 0.00 0.00 0.00 0
112405 0.00 0.00 0.00 0
112406 0.00 0.00 0.00 0
112407 0.00 0.00 0.00 0
112408 0.00 0.00 0.00 0
112409 0.00 0.00 0.00 0
112410 0.00 0.00 0.00 0
112415 0.00 0.00 0.00 0
112416 0.00 0.00 0.00 0
112417 0.00 0.00 0.00 0
112418 0.00 0.00 0.00 0
112419 0.00 0.00 0.00 0
112420 0.00 0.00 0.00 0
112421 0.00 0.00 0.00 0
112422 0.00 0.00 0.00 0
112423 0.00 0.00 0.00 0
112424 0.00 0.00 0.00 0
112425 0.00 0.00 0.00 0
112426 0.00 0.00 0.00 0
112431 0.00 0.00 0.00 0
112432 0.00 0.00 0.00 0
112433 0.00 0.00 0.00 0
112434 0.00 0.00 0.00 0
112435 0.00 0.00 0.00 0
112436 0.00 0.00 0.00 0
112437 0.00 0.00 0.00 0
112438 0.00 0.00 0.00 0
112442 0.00 0.00 0.00 0
112443 0.00 0.00 0.00 0
112444 0.00 0.00 0.00 0
112445 0.00 0.00 0.00 0
112446 0.00 0.00 0.00 0
112449 0.00 0.00 0.00 0
112450 0.00 0.00 0.00 0
112451 0.00 0.00 0.00 0
112453 0.00 0.00 0.00 0
112454 0.00 0.00 0.00 0
112455 0.00 0.00 0.00 0
112457 0.00 0.00 0.00 0
112458 0.00 0.00 0.00 0
112459 0.00 0.00 0.00 0
112460 0.00 0.00 0.00 0
112468 0.00 0.00 0.00 0
112469 0.00 0.00 0.00 0
112470 0.00 0.00 0.00 0
112471 0.00 0.00 0.00 0
112480 0.00 0.00 0.00 0
112481 0.00 0.00 0.00 0
112482 0.00 0.00 0.00 0
112483 0.00 0.00 0.00 0
112484 0.00 0.00 0.00 0
112486 0.00 0.00 0.00 0
112487 0.00 0.00 0.00 0
112488 0.00 0.00 0.00 0
112489 0.00 0.00 0.00 0
112491 0.00 0.00 0.00 0
112492 0.00 0.00 0.00 0
112493 0.00 0.00 0.00 0
112498 0.00 0.00 0.00 0
112499 0.00 0.00 0.00 0
112500 0.00 0.00 0.00 0
112501 0.00 0.00 0.00 0
112502 0.00 0.00 0.00 0
112503 0.00 0.00 0.00 0
112504 0.00 0.00 0.00 0
112505 0.00 0.00 0.00 0
112506 0.00 0.00 0.00 0
112507 0.00 0.00 0.00 0
112508 0.00 0.00 0.00 0
112509 0.00 0.00 0.00 0
112510 0.00 0.00 0.00 0
112511 0.00 0.00 0.00 0
112514 0.00 0.00 0.00 0
112515 0.00 0.00 0.00 0
112516 0.00 0.00 0.00 0
112517 0.00 0.00 0.00 0
112518 0.00 0.00 0.00 0
112521 0.00 0.00 0.00 0
112522 0.00 0.00 0.00 0
112523 0.00 0.00 0.00 0
112531 0.00 0.00 0.00 0
112532 0.00 0.00 0.00 0
112537 0.00 0.00 0.00 0
113283 0.00 0.00 0.00 0
113284 0.00 0.00 0.00 0
113289 0.00 0.00 0.00 0
113290 0.00 0.00 0.00 0
113291 0.00 0.00 0.00 0
113292 0.00 0.00 0.00 0
113293 0.00 0.00 0.00 0
113298 0.00 0.00 0.00 0
113299 0.00 0.00 0.00 0
113300 0.00 0.00 0.00 0
113301 0.00 0.00 0.00 0
113302 0.00 0.00 0.00 0
113303 0.00 0.00 0.00 0
113310 0.00 0.00 0.00 0
113311 0.00 0.00 0.00 0
113312 0.00 0.00 0.00 0
113313 0.00 0.00 0.00 0
113321 0.00 0.00 0.00 0
113322 0.00 0.00 0.00 0
113323 0.00 0.00 0.00 0
113324 0.00 0.00 0.00 0
113325 0.00 0.00 0.00 0
113326 0.00 0.00 0.00 0
113337 0.00 0.00 0.00 0
113338 0.00 0.00 0.00 0
113339 0.00 0.00 0.00 0
113340 0.00 0.00 0.00 0
113350 0.00 0.00 0.00 0
113351 0.00 0.00 0.00 0
113352 0.00 0.00 0.00 0
113353 0.00 0.00 0.00 0
113354 0.00 0.00 0.00 0
113355 0.00 0.00 0.00 0
113364 0.00 0.00 0.00 0
113365 0.00 0.00 0.00 0
113366 0.00 0.00 0.00 0
113367 0.00 0.00 0.00 0
113368 0.00 0.00 0.00 0
113369 0.00 0.00 0.00 0
113370 0.00 0.00 0.00 0
113371 0.00 0.00 0.00 0
113372 0.00 0.00 0.00 0
113373 0.00 0.00 0.00 0
113374 0.00 0.00 0.00 0
113381 0.00 0.00 0.00 0
113382 0.00 0.00 0.00 0
113383 0.00 0.00 0.00 0
113384 0.00 0.00 0.00 0
113385 0.00 0.00 0.00 0
113386 0.00 0.00 0.00 0
113387 0.00 0.00 0.00 0
113388 0.00 0.00 0.00 0
113389 0.00 0.00 0.00 0
113390 0.00 0.00 0.00 0
113391 0.00 0.00 0.00 0
113392 0.00 0.00 0.00 0
113393 0.00 0.00 0.00 0
113394 0.00 0.00 0.00 0
113395 0.00 0.00 0.00 0
113396 0.00 0.00 0.00 0
113401 0.00 0.00 0.00 0
113402 0.00 0.00 0.00 0
113403 0.00 0.00 0.00 0
113404 0.00 0.00 0.00 0
113405 0.00 0.00 0.00 0
113406 0.00 0.00 0.00 0
113407 0.00 0.00 0.00 0
113408 0.00 0.00 0.00 0
113409 0.00 0.00 0.00 0
113410 0.00 0.00 0.00 0
113411 0.00 0.00 0.00 0
113412 0.00 0.00 0.00 0
113413 0.00 0.00 0.00 0
113414 0.00 0.00 0.00 0
113426 0.00 0.00 0.00 0
113427 0.00 0.00 0.00 0
113428 0.00 0.00 0.00 0
113429 0.00 0.00 0.00 0
113430 0.00 0.00 0.00 0
113431 0.00 0.00 0.00 0
113432 0.00 0.00 0.00 0
113433 0.00 0.00 0.00 0
113434 0.00 0.00 0.00 0
113435 0.00 0.00 0.00 0
113436 0.00 0.00 0.00 0
113437 0.00 0.00 0.00 0
113438 0.00 0.00 0.00 0
113448 0.00 0.00 0.00 0
113449 0.00 0.00 0.00 0
113450 0.00 0.00 0.00 0
113451 0.00 0.00 0.00 0
113452 0.00 0.00 0.00 0
113453 0.00 0.00 0.00 0
113454 0.00 0.00 0.00 0
113455 0.00 0.00 0.00 0
113456 0.00 0.00 0.00 0
113457 0.00 0.00 0.00 0
113458 0.00 0.00 0.00 0
113459 0.00 0.00 0.00 0
113460 0.00 0.00 0.00 0
113461 0.00 0.00 0.00 0
113468 0.00 0.00 0.00 0
113469 0.00 0.00 0.00 0
113470 0.00 0.00 0.00 0
113471 0.00 0.00 0.00 0
113472 0.00 0.00 0.00 0
113473 0.00 0.00 0.00 0
113474 0.00 0.00 0.00 0
113475 0.00 0.00 0.00 0
113476 0.00 0.00 0.00 0
113477 0.00 0.00 0.00 0
113478 0.00 0.00 0.00 0
113485 0.00 0.00 0.00 0
113486 0.00 0.00 0.00 0
113487 0.00 0.00 0.00 0
113488 0.00 0.00 0.00 0
113489 0.00 0.00 0.00 0
113490 0.00 0.00 0.00 0
113491 0.00 0.00 0.00 0
113492 0.00 0.00 0.00 0
113493 0.00 0.00 0.00 0
113501 0.00 0.00 0.00 0
113502 0.00 0.00 0.00 0
113503 0.00 0.00 0.00 0
113504 0.00 0.00 0.00 0
113505 0.00 0.00 0.00 0
113506 0.00 0.00 0.00 0
113507 0.00 0.00 0.00 0
113508 0.00 0.00 0.00 0
113509 0.00 0.00 0.00 0
113510 0.00 0.00 0.00 0
113511 0.00 0.00 0.00 0
113512 0.00 0.00 0.00 0
113513 0.00 0.00 0.00 0
113521 0.00 0.00 0.00 0
113522 0.00 0.00 0.00 0
113523 0.00 0.00 0.00 0
113524 0.00 0.00 0.00 0
113525 0.00 0.00 0.00 0
113526 0.00 0.00 0.00 0
113527 0.00 0.00 0.00 0
113528 0.00 0.00 0.00 0
113529 0.00 0.00 0.00 0
113530 0.00 0.00 0.00 0
113548 0.00 0.00 0.00 0
113549 0.00 0.00 0.00 0
113567 0.00 0.00 0.00 0
113568 0.00 0.00 0.00 0
113582 0.00 0.00 0.00 0
113583 0.00 0.00 0.00 0
113594 0.00 0.00 0.00 0
113595 0.00 0.00 0.00 0
113608 0.00 0.00 0.00 0
113609 0.00 0.00 0.00 0
113610 0.00 0.00 0.00 0
113624 0.00 0.00 0.00 0
113625 0.00 0.00 0.00 0
113626 0.00 0.00 0.00 0
113631 0.00 0.00 0.00 0
113632 0.00 0.00 0.00 0
113634 0.00 0.00 0.00 0
113635 0.00 0.00 0.00 0
113640 0.00 0.00 0.00 0
113641 0.00 0.00 0.00 0
113642 0.00 0.00 0.00 0
113643 0.00 0.00 0.00 0
113644 0.00 0.00 0.00 0
113645 0.00 0.00 0.00 0
113646 0.00 0.00 0.00 0
113647 0.00 0.00 0.00 0
113648 0.00 0.00 0.00 0
113649 0.00 0.00 0.00 0
113650 0.00 0.00 0.00 0
113651 0.00 0.00 0.00 0
113656 0.00 0.00 0.00 0
113657 0.00 0.00 0.00 0
113658 0.00 0.00 0.00 0
113659 0.00 0.00 0.00 0
113660 0.00 0.00 0.00 0
113661 0.00 0.00 0.00 0
113664 0.00 0.00 0.00 0
113665 0.00 0.00 0.00 0
113666 0.00 0.00 0.00 0
113667 0.00 0.00 0.00 0
113668 0.00 0.00 0.00 0
113674 0.00 0.00 0.00 0
113675 0.00 0.00 0.00 0
114415 0.00 0.00 0.00 0
114416 0.00 0.00 0.00 0
114417 0.00 0.00 0.00 0
114423 0.00 0.00 0.00 0
114424 0.00 0.00 0.00 0
114425 0.00 0.00 0.00 0
114426 0.00 0.00 0.00 0
114427 0.00 0.00 0.00 0
114434 0.00 0.00 0.00 0
114435 0.00 0.00 0.00 0
114436 0.00 0.00 0.00 0
114437 0.00 0.00 0.00 0
114446 0.00 0.00 0.00 0
114447 0.00 0.00 0.00 0
114448 0.00 0.00 0.00 0
114449 0.00 0.00 0.00 0
114450 0.00 0.00 0.00 0
114451 0.00 0.00 0.00 0
114452 0.00 0.00 0.00 0
114460 0.00 0.00 0.00 0
114461 0.00 0.00 0.00 0
114462 0.00 0.00 0.00 0
114463 0.00 0.00 0.00 0
114464 0.00 0.00 0.00 0
114465 0.00 0.00 0.00 0
114470 0.00 0.00 0.00 0
114471 0.00 0.00 0.00 0
114472 0.00 0.00 0.00 0
114473 0.00 0.00 0.00 0
114474 0.00 0.00 0.00 0
114475 0.00 0.00 0.00 0
114476 0.00 0.00 0.00 0
114477 0.00 0.00 0.00 0
114487 0.00 0.00 0.00 0
114488 0.00 0.00 0.00 0
114489 0.00 0.00 0.00 0
114490 0.00 0.00 0.00 0
114491 0.00 0.00 0.00 0
114492 0.00 0.00 0.00 0
114493 0.00 0.00 0.00 0
114501 0.00 0.00 0.00 0
114502 0.00 0.00 0.00 0
114503 0.00 0.00 0.00 0
114504 0.00 0.00 0.00 0
114505 0.00 0.00 0.00 0
114506 0.00 0.00 0.00 0
114507 0.00 0.00 0.00 0
114513 0.00 0.00 0.00 0
114514 0.00 0.00 0.00 0
114515 0.00 0.00 0.00 0
114516 0.00 0.00 0.00 0
114517 0.00 0.00 0.00 0
114518 0.00 0.00 0.00 0
114519 0.00 0.00 0.00 0
114520 0.00 0.00 0.00 0
114524 0.00 0.00 0.00 0
114525 0.00 0.00 0.00 0
114526 0.00 0.00 0.00 0
114527 0.00 0.00 0.00 0
114528 0.00 0.00 0.00 0
114529 0.00 0.00 0.00 0
114530 0.00 0.00 0.00 0
114531 0.00 0.00 0.00 0
114532 0.00 0.00 0.00 0
114536 0.00 0.00 0.00 0
114537 0.00 0.00 0.00 0
114538 0.00 0.00 0.00 0
114549 0.00 0.00 0.00 0
114550 0.00 0.00 0.00 0
114551 0.00 0.00 0.00 0
114552 0.00 0.00 0.00 0
114553 0.00 0.00 0.00 0
114562 0.00 0.00 0.00 0
114563 0.00 0.00 0.00 0
114564 0.00 0.00 0.00 0
114569 0.00 0.00 0.00 0
114570 0.00 0.00 0.00 0
114571 0.00 0.00 0.00 0
114572 0.00 0.00 0.00 0
114573 0.00 0.00 0.00 0
114574 0.00 0.00 0.00 0
114582 0.00 0.00 0.00 0
114583 0.00 0.00 0.00 0
114584 0.00 0.00 0.00 0
114585 0.00 0.00 0.00 0
114592 0.00 0.00 0.00 0
114593 0.00 0.00 0.00 0
114594 0.00 0.00 0.00 0
114595 0.00 0.00 0.00 0
114596 0.00 0.00 0.00 0
114597 0.00 0.00 0.00 0
114598 0.00 0.00 0.00 0
114603 0.00 0.00 0.00 0
114604 0.00 0.00 0.00 0
114605 0.00 0.00 0.00 0
114606 0.00 0.00 0.00 0
114607 0.00 0.00 0.00 0
114608 0.00 0.00 0.00 0
114609 0.00 0.00 0.00 0
114614 0.00 0.00 0.00 0
114618 0.00 0.00 0.00 0
114619 0.00 0.00 0.00 0
114620 0.00 0.00 0.00 0
114621 0.00 0.00 0.00 0
114635 0.00 0.00 0.00 0
114636 0.00 0.00 0.00 0
114637 0.00 0.00 0.00 0
114653 0.00 0.00 0.00 0
114654 0.00 0.00 0.00 0
114670 0.00 0.00 0.00 0
114689 0.00 0.00 0.00 0
114690 0.00 0.00 0.00 0
114712 0.00 0.00 0.00 0
114725 0.00 0.00 0.00 0
114727 0.00 0.00 0.00 0
114728 0.00 0.00 0.00 0
114731 0.00 0.00 0.00 0
114732 0.00 0.00 0.00 0
114733 0.00 0.00 0.00 0
114734 0.00 0.00 0.00 0
114735 0.00 0.00 0.00 0
114736 0.00 0.00 0.00 0
114737 0.00 0.00 0.00 0
114738 0.00 0.00 0.00 0
114739 0.00 0.00 0.00 0
114740 0.00 0.00 0.00 0
114741 0.00 0.00 0.00 0
114747 0.00 0.00 0.00 0
114748 0.00 0.00 0.00 0
114749 0.00 0.00 0.00 0
114750 0.00 0.00 0.00 0
114751 0.00 0.00 0.00 0
114752 0.00 0.00 0.00 0
114753 0.00 0.00 0.00 0
114756 0.00 0.00 0.00 0
114757 0.00 0.00 0.00 0
114758 0.00 0.00 0.00 0
114759 0.00 0.00 0.00 0
114760 0.00 0.00 0.00 0
114761 0.00 0.00 0.00 0
114762 0.00 0.00 0.00 0
114763 0.00 0.00 0.00 0
115508 0.00 0.00 0.00 0
115509 0.00 0.00 0.00 0
115510 0.00 0.00 0.00 0
115511 0.00 0.00 0.00 0
115517 0.00 0.00 0.00 0
115518 0.00 0.00 0.00 0
115519 0.00 0.00 0.00 0
115520 0.00 0.00 0.00 0
115521 0.00 0.00 0.00 0
115522 0.00 0.00 0.00 0
115529 0.00 0.00 0.00 0
115530 0.00 0.00 0.00 0
115531 0.00 0.00 0.00 0
115532 0.00 0.00 0.00 0
115533 0.00 0.00 0.00 0
115543 0.00 0.00 0.00 0
115544 0.00 0.00 0.00 0
115545 0.00 0.00 0.00 0
115546 0.00 0.00 0.00 0
115547 0.00 0.00 0.00 0
115548 0.00 0.00 0.00 0
115549 0.00 0.00 0.00 0
115550 0.00 0.00 0.00 0
115561 0.00 0.00 0.00 0
115562 0.00 0.00 0.00 0
115563 0.00 0.00 0.00 0
115564 0.00 0.00 0.00 0
115565 0.00 0.00 0.00 0
115566 0.00 0.00 0.00 0
115567 0.00 0.00 0.00 0
115572 0.00 0.00 0.00 0
115573 0.00 0.00 0.00 0
115574 0.00 0.00 0.00 0
115575 0.00 0.00 0.00 0
115576 0.00 0.00 0.00 0
115577 0.00 0.00 0.00 0
115578 0.00 0.00 0.00 0
115588 0.00 0.00 0.00 0
115589 0.00 0.00 0.00 0
115590 0.00 0.00 0.00 0
115591 0.00 0.00 0.00 0
115592 0.00 0.00 0.00 0
115598 0.00 0.00 0.00 0
115603 0.00 0.00 0.00 0
115604 0.00 0.00 0.00 0
115610 0.00 0.00 0.00 0
115611 0.00 0.00 0.00 0
115612 0.00 0.00 0.00 0
115613 0.00 0.00 0.00 0
115614 0.00 0.00 0.00 0
115615 0.00 0.00 0.00 0
115621 0.00 0.00 0.00 0
115622 0.00 0.00 0.00 0
115623 0.00 0.00 0.00 0
115624 0.00 0.00 0.00 0
115625 0.00 0.00 0.00 0
115636 0.00 0.00 0.00 0
115637 0.00 0.00 0.00 0
115638 0.00 0.00 0.00 0
115639 0.00 0.00 0.00 0
115648 0.00 0.00 0.00 0
115649 0.00 0.00 0.00 0
115650 0.00 0.00 0.00 0
115656 0.00 0.00 0.00 0
115657 0.00 0.00 0.00 0
115658 0.00 0.00 0.00 0
115665 0.00 0.00 0.00 0
115682 0.00 0.00 0.00 0
115683 0.00 0.00 0.00 0
115690 0.00 0.00 0.00 0
115691 0.00 0.00 0.00 0
115698 0.00 0.00 0.00 0
115699 0.00 0.00 0.00 0
115708 0.00 0.00 0.00 0
115723 0.00 0.00 0.00 0
115724 0.00 0.00 0.00 0
115789 0.00 0.00 0.00 0
115790 0.00 0.00 0.00 0
115791 0.00 0.00 0.00 0
115792 0.00 0.00 0.00 0
115800 0.00 0.00 0.00 0
115801 0.00 0.00 0.00 0
115802 0.00 0.00 0.00 0
115803 0.00 0.00 0.00 0
115804 0.00 0.00 0.00 0
115809 0.00 0.00 0.00 0
115810 0.00 0.00 0.00 0
115811 0.00 0.00 0.00 0
116566 0.00 0.00 0.00 0
116567 0.00 0.00 0.00 0
116568 0.00 0.00 0.00 0
116572 0.00 0.00 0.00 0
116573 0.00 0.00 0.00 0
116574 0.00 0.00 0.00 0
116575 0.00 0.00 0.00 0
116576 0.00 0.00 0.00 0
116582 0.00 0.00 0.00 0
116583 0.00 0.00 0.00 0
116584 0.00 0.00 0.00 0
116585 0.00 0.00 0.00 0
116586 0.00 0.00 0.00 0
116594 0.00 0.00 0.00 0
116595 0.00 0.00 0.00 0
116596 0.00 0.00 0.00 0
116597 0.00 0.00 0.00 0
116598 0.00 0.00 0.00 0
116599 0.00 0.00 0.00 0
116600 0.00 0.00 0.00 0
116601 0.00 0.00 0.00 0
116614 0.00 0.00 0.00 0
116615 0.00 0.00 0.00 0
116616 0.00 0.00 0.00 0
116617 0.00 0.00 0.00 0
116618 0.00 0.00 0.00 0
116619 0.00 0.00 0.00 0
116633 0.00 0.00 0.00 0
116650 0.00 0.00 0.00 0
116651 0.00 0.00 0.00 0
116662 0.00 0.00 0.00 0
116663 0.00 0.00 0.00 0
116675 0.00 0.00 0.00 0
116676 0.00 0.00 0.00 0
116686 0.00 0.00 0.00 0
116687 0.00 0.00 0.00 0
116688 0.00 0.00 0.00 0
116698 0.00 0.00 0.00 0
116699 0.00 0.00 0.00 0
116700 0.00 0.00 0.00 0
116716 0.00 0.00 0.00 0
116717 0.00 0.00 0.00 0
116731 0.00 0.00 0.00 0
116732 0.00 0.00 0.00 0
116733 0.00 0.00 0.00 0
116744 0.00 0.00 0.00 0
116860 0.00 0.00 0.00 0
117599 0.00 0.00 0.00 0
117600 0.00 0.00 0.00 0
117601 0.00 0.00 0.00 0
117602 0.00 0.00 0.00 0
117606 0.00 0.00 0.00 0
117607 0.00 0.00 0.00 0
117608 0.00 0.00 0.00 0
117609 0.00 0.00 0.00 0
117610 0.00 0.00 0.00 0
117616 0.00 0.00 0.00 0
117617 0.00 0.00 0.00 0
117618 0.00 0.00 0.00 0
117619 0.00 0.00 0.00 0
117620 0.00 0.00 0.00 0
117621 0.00 0.00 0.00 0
117629 0.00 0.00 0.00 0
117630 0.00 0.00 0.00 0
117631 0.00 0.00 0.00 0
117632 0.00 0.00 0.00 0
117633 0.00 0.00 0.00 0
117634 0.00 0.00 0.00 0
117644 0.00 0.00 0.00 0
117645 0.00 0.00 0.00 0
117646 0.00 0.00 0.00 0
117647 0.00 0.00 0.00 0
117662 0.00 0.00 0.00 0
117663 0.00 0.00 0.00 0
117675 0.00 0.00 0.00 0
117688 0.00 0.00 0.00 0
117699 0.00 0.00 0.00 0
117700 0.00 0.00 0.00 0
117710 0.00 0.00 0.00 0
117711 0.00 0.00 0.00 0
117723 0.00 0.00 0.00 0
117724 0.00 0.00 0.00 0
117725 0.00 0.00 0.00 0
117741 0.00 0.00 0.00 0
117742 0.00 0.00 0.00 0
117743 0.00 0.00 0.00 0
117757 0.00 0.00 0.00 0
118614 0.00 0.00 0.00 0
118615 0.00 0.00 0.00 0
118616 0.00 0.00 0.00 0
118622 0.00 0.00 0.00 0
118623 0.00 0.00 0.00 0
118624 0.00 0.00 0.00 0
118625 0.00 0.00 0.00 0
118632 0.00 0.00 0.00 0
118633 0.00 0.00 0.00 0
118634 0.00 0.00 0.00 0
118635 0.00 0.00 0.00 0
118636 0.00 0.00 0.00 0
118644 0.00 0.00 0.00 0
118645 0.00 0.00 0.00 0
118646 0.00 0.00 0.00 0
118647 0.00 0.00 0.00 0
118648 0.00 0.00 0.00 0
118658 0.00 0.00 0.00 0
118659 0.00 0.00 0.00 0
118660 0.00 0.00 0.00 0
118661 0.00 0.00 0.00 0
118669 0.00 0.00 0.00 0
118670 0.00 0.00 0.00 0
118671 0.00 0.00 0.00 0
118672 0.00 0.00 0.00 0
118673 0.00 0.00 0.00 0
118682 0.00 0.00 0.00 0
118683 0.00 0.00 0.00 0
118684 0.00 0.00 0.00 0
118685 0.00 0.00 0.00 0
118686 0.00 0.00 0.00 0
118695 0.00 0.00 0.00 0
118696 0.00 0.00 0.00 0
118697 0.00 0.00 0.00 0
118705 0.00 0.00 0.00 0
118706 0.00 0.00 0.00 0
118707 0.00 0.00 0.00 0
118708 0.00 0.00 0.00 0
118718 0.00 0.00 0.00 0
118719 0.00 0.00 0.00 0
118720 0.00 0.00 0.00 0
118721 0.00 0.00 0.00 0
118737 0.00 0.00 0.00 0
118738 0.00 0.00 0.00 0
118753 0.00 0.00 0.00 0
119584 0.00 0.00 0.00 0
119585 0.00 0.00 0.00 0
119586 0.00 0.00 0.00 0
119594 0.00 0.00 0.00 0
119595 0.00 0.00 0.00 0
119596 0.00 0.00 0.00 0
119597 0.00 0.00 0.00 0
119605 0.00 0.00 0.00 0
119606 0.00 0.00 0.00 0
119607 0.00 0.00 0.00 0
119608 0.00 0.00 0.00 0
119618 0.00 0.00 0.00 0
119619 0.00 0.00 0.00 0
119620 0.00 0.00 0.00 0
119628 0.00 0.00 0.00 0
119629 0.00 0.00 0.00 0
119630 0.00 0.00 0.00 0
119638 0.00 0.00 0.00 0
119639 0.00 0.00 0.00 0
119640 0.00 0.00 0.00 0
119649 0.00 0.00 0.00 0
119650 0.00 0.00 0.00 0
