# caudalanteriorcingulate
1982
97959 0.00 0.00 0.00 0
97969 0.00 0.00 0.00 0
97970 0.00 0.00 0.00 0
99000 0.00 0.00 0.00 0
99016 0.00 0.00 0.00 0
99017 0.00 0.00 0.00 0
99018 0.00 0.00 0.00 0
100032 0.00 0.00 0.00 0
100049 0.00 0.00 0.00 0
100050 0.00 0.00 0.00 0
100051 0.00 0.00 0.00 0
100052 0.00 0.00 0.00 0
101082 0.00 0.00 0.00 0
101097 0.00 0.00 0.00 0
101098 0.00 0.00 0.00 0
101099 0.00 0.00 0.00 0
101100 0.00 0.00 0.00 0
102053 0.00 0.00 0.00 0
102184 0.00 0.00 0.00 0
102185 0.00 0.00 0.00 0
102186 0.00 0.00 0.00 0
102202 0.00 0.00 0.00 0
102203 0.00 0.00 0.00 0
102204 0.00 0.00 0.00 0
102205 0.00 0.00 0.00 0
103182 0.00 0.00 0.00 0
103183 0.00 0.00 0.00 0
103184 0.00 0.00 0.00 0
103185 0.00 0.00 0.00 0
103203 0.00 0.00 0.00 0
103204 0.00 0.00 0.00 0
103205 0.00 0.00 0.00 0
103207 0.00 0.00 0.00 0
103331 0.00 0.00 0.00 0
103346 0.00 0.00 0.00 0
103347 0.00 0.00 0.00 0
103348 0.00 0.00 0.00 0
103349 0.00 0.00 0.00 0
103361 0.00 0.00 0.00 0
103362 0.00 0.00 0.00 0
104325 0.00 0.00 0.00 0
104326 0.00 0.00 0.00 0
104327 0.00 0.00 0.00 0
104328 0.00 0.00 0.00 0
104341 0.00 0.00 0.00 0
104342 0.00 0.00 0.00 0
104343 0.00 0.00 0.00 0
104344 0.00 0.00 0.00 0
104345 0.00 0.00 0.00 0
104346 0.00 0.00 0.00 0
104359 0.00 0.00 0.00 0
104360 0.00 0.00 0.00 0
104368 0.00 0.00 0.00 0
104369 0.00 0.00 0.00 0
104386 0.00 0.00 0.00 0
104387 0.00 0.00 0.00 0
104404 0.00 0.00 0.00 0
104483 0.00 0.00 0.00 0
104484 0.00 0.00 0.00 0
104485 0.00 0.00 0.00 0
104498 0.00 0.00 0.00 0
104499 0.00 0.00 0.00 0
104500 0.00 0.00 0.00 0
104501 0.00 0.00 0.00 0
104511 0.00 0.00 0.00 0
104512 0.00 0.00 0.00 0
104513 0.00 0.00 0.00 0
105416 0.00 0.00 0.00 0
105417 0.00 0.00 0.00 0
105425 0.00 0.00 0.00 0
105426 0.00 0.00 0.00 0
105427 0.00 0.00 0.00 0
105428 0.00 0.00 0.00 0
105429 0.00 0.00 0.00 0
105430 0.00 0.00 0.00 0
105443 0.00 0.00 0.00 0
105444 0.00 0.00 0.00 0
105445 0.00 0.00 0.00 0
105446 0.00 0.00 0.00 0
105447 0.00 0.00 0.00 0
105448 0.00 0.00 0.00 0
105459 0.00 0.00 0.00 0
105460 0.00 0.00 0.00 0
105461 0.00 0.00 0.00 0
105462 0.00 0.00 0.00 0
105476 0.00 0.00 0.00 0
105477 0.00 0.00 0.00 0
105494 0.00 0.00 0.00 0
105495 0.00 0.00 0.00 0
105496 0.00 0.00 0.00 0
105503 0.00 0.00 0.00 0
105504 0.00 0.00 0.00 0
105559 0.00 0.00 0.00 0
105564 0.00 0.00 0.00 0
105565 0.00 0.00 0.00 0
105566 0.00 0.00 0.00 0
105567 0.00 0.00 0.00 0
105568 0.00 0.00 0.00 0
105571 0.00 0.00 0.00 0
105576 0.00 0.00 0.00 0
105577 0.00 0.00 0.00 0
105578 0.00 0.00 0.00 0
105586 0.00 0.00 0.00 0
105587 0.00 0.00 0.00 0
105588 0.00 0.00 0.00 0
105589 0.00 0.00 0.00 0
105590 0.00 0.00 0.00 0
105599 0.00 0.00 0.00 0
105600 0.00 0.00 0.00 0
106519 0.00 0.00 0.00 0
106520 0.00 0.00 0.00 0
106529 0.00 0.00 0.00 0
106530 0.00 0.00 0.00 0
106531 0.00 0.00 0.00 0
106532 0.00 0.00 0.00 0
106533 0.00 0.00 0.00 0
106543 0.00 0.00 0.00 0
106544 0.00 0.00 0.00 0
106545 0.00 0.00 0.00 0
106546 0.00 0.00 0.00 0
106547 0.00 0.00 0.00 0
106561 0.00 0.00 0.00 0
106562 0.00 0.00 0.00 0
106563 0.00 0.00 0.00 0
106564 0.00 0.00 0.00 0
106586 0.00 0.00 0.00 0
106587 0.00 0.00 0.00 0
106606 0.00 0.00 0.00 0
106607 0.00 0.00 0.00 0
106608 0.00 0.00 0.00 0
106622 0.00 0.00 0.00 0
106623 0.00 0.00 0.00 0
106635 0.00 0.00 0.00 0
106636 0.00 0.00 0.00 0
106645 0.00 0.00 0.00 0
106653 0.00 0.00 0.00 0
106654 0.00 0.00 0.00 0
106657 0.00 0.00 0.00 0
106658 0.00 0.00 0.00 0
106659 0.00 0.00 0.00 0
106660 0.00 0.00 0.00 0
106661 0.00 0.00 0.00 0
106664 0.00 0.00 0.00 0
106670 0.00 0.00 0.00 0
106671 0.00 0.00 0.00 0
106678 0.00 0.00 0.00 0
106679 0.00 0.00 0.00 0
106680 0.00 0.00 0.00 0
106681 0.00 0.00 0.00 0
106682 0.00 0.00 0.00 0
106691 0.00 0.00 0.00 0
106692 0.00 0.00 0.00 0
107660 0.00 0.00 0.00 0
107661 0.00 0.00 0.00 0
107662 0.00 0.00 0.00 0
107663 0.00 0.00 0.00 0
107675 0.00 0.00 0.00 0
107676 0.00 0.00 0.00 0
107677 0.00 0.00 0.00 0
107678 0.00 0.00 0.00 0
107690 0.00 0.00 0.00 0
107691 0.00 0.00 0.00 0
107692 0.00 0.00 0.00 0
107693 0.00 0.00 0.00 0
107694 0.00 0.00 0.00 0
107713 0.00 0.00 0.00 0
107714 0.00 0.00 0.00 0
107732 0.00 0.00 0.00 0
107733 0.00 0.00 0.00 0
107747 0.00 0.00 0.00 0
107748 0.00 0.00 0.00 0
107760 0.00 0.00 0.00 0
107761 0.00 0.00 0.00 0
107769 0.00 0.00 0.00 0
107770 0.00 0.00 0.00 0
107775 0.00 0.00 0.00 0
107776 0.00 0.00 0.00 0
107779 0.00 0.00 0.00 0
107780 0.00 0.00 0.00 0
107781 0.00 0.00 0.00 0
107782 0.00 0.00 0.00 0
107783 0.00 0.00 0.00 0
107786 0.00 0.00 0.00 0
107788 0.00 0.00 0.00 0
107789 0.00 0.00 0.00 0
107790 0.00 0.00 0.00 0
107795 0.00 0.00 0.00 0
107796 0.00 0.00 0.00 0
107797 0.00 0.00 0.00 0
107798 0.00 0.00 0.00 0
107799 0.00 0.00 0.00 0
107813 0.00 0.00 0.00 0
107814 0.00 0.00 0.00 0
107815 0.00 0.00 0.00 0
108777 0.00 0.00 0.00 0
108778 0.00 0.00 0.00 0
108786 0.00 0.00 0.00 0
108787 0.00 0.00 0.00 0
108788 0.00 0.00 0.00 0
108799 0.00 0.00 0.00 0
108800 0.00 0.00 0.00 0
108801 0.00 0.00 0.00 0
108814 0.00 0.00 0.00 0
108815 0.00 0.00 0.00 0
108816 0.00 0.00 0.00 0
108817 0.00 0.00 0.00 0
108836 0.00 0.00 0.00 0
108837 0.00 0.00 0.00 0
108838 0.00 0.00 0.00 0
108861 0.00 0.00 0.00 0
108870 0.00 0.00 0.00 0
108879 0.00 0.00 0.00 0
108880 0.00 0.00 0.00 0
108886 0.00 0.00 0.00 0
108887 0.00 0.00 0.00 0
108891 0.00 0.00 0.00 0
108894 0.00 0.00 0.00 0
108895 0.00 0.00 0.00 0
108896 0.00 0.00 0.00 0
108897 0.00 0.00 0.00 0
108898 0.00 0.00 0.00 0
108901 0.00 0.00 0.00 0
108903 0.00 0.00 0.00 0
108904 0.00 0.00 0.00 0
108905 0.00 0.00 0.00 0
108913 0.00 0.00 0.00 0
108914 0.00 0.00 0.00 0
108915 0.00 0.00 0.00 0
108916 0.00 0.00 0.00 0
108931 0.00 0.00 0.00 0
108932 0.00 0.00 0.00 0
108933 0.00 0.00 0.00 0
108934 0.00 0.00 0.00 0
109831 0.00 0.00 0.00 0
109832 0.00 0.00 0.00 0
109839 0.00 0.00 0.00 0
109840 0.00 0.00 0.00 0
109841 0.00 0.00 0.00 0
109849 0.00 0.00 0.00 0
109850 0.00 0.00 0.00 0
109851 0.00 0.00 0.00 0
109864 0.00 0.00 0.00 0
109865 0.00 0.00 0.00 0
109866 0.00 0.00 0.00 0
109867 0.00 0.00 0.00 0
109887 0.00 0.00 0.00 0
109888 0.00 0.00 0.00 0
109889 0.00 0.00 0.00 0
109890 0.00 0.00 0.00 0
109891 0.00 0.00 0.00 0
109917 0.00 0.00 0.00 0
109918 0.00 0.00 0.00 0
109919 0.00 0.00 0.00 0
109925 0.00 0.00 0.00 0
109931 0.00 0.00 0.00 0
109938 0.00 0.00 0.00 0
109939 0.00 0.00 0.00 0
109944 0.00 0.00 0.00 0
109945 0.00 0.00 0.00 0
109949 0.00 0.00 0.00 0
109950 0.00 0.00 0.00 0
109951 0.00 0.00 0.00 0
109952 0.00 0.00 0.00 0
109953 0.00 0.00 0.00 0
109956 0.00 0.00 0.00 0
109958 0.00 0.00 0.00 0
109959 0.00 0.00 0.00 0
109960 0.00 0.00 0.00 0
109968 0.00 0.00 0.00 0
109969 0.00 0.00 0.00 0
109970 0.00 0.00 0.00 0
109971 0.00 0.00 0.00 0
109972 0.00 0.00 0.00 0
109981 0.00 0.00 0.00 0
109982 0.00 0.00 0.00 0
109983 0.00 0.00 0.00 0
109984 0.00 0.00 0.00 0
110794 0.00 0.00 0.00 0
110795 0.00 0.00 0.00 0
110805 0.00 0.00 0.00 0
110806 0.00 0.00 0.00 0
110807 0.00 0.00 0.00 0
110821 0.00 0.00 0.00 0
110822 0.00 0.00 0.00 0
110823 0.00 0.00 0.00 0
110824 0.00 0.00 0.00 0
110825 0.00 0.00 0.00 0
110842 0.00 0.00 0.00 0
110843 0.00 0.00 0.00 0
110844 0.00 0.00 0.00 0
110845 0.00 0.00 0.00 0
110863 0.00 0.00 0.00 0
110864 0.00 0.00 0.00 0
110865 0.00 0.00 0.00 0
110866 0.00 0.00 0.00 0
110867 0.00 0.00 0.00 0
110889 0.00 0.00 0.00 0
110890 0.00 0.00 0.00 0
110891 0.00 0.00 0.00 0
110892 0.00 0.00 0.00 0
110893 0.00 0.00 0.00 0
110900 0.00 0.00 0.00 0
110901 0.00 0.00 0.00 0
110905 0.00 0.00 0.00 0
110906 0.00 0.00 0.00 0
110912 0.00 0.00 0.00 0
110913 0.00 0.00 0.00 0
110918 0.00 0.00 0.00 0
110919 0.00 0.00 0.00 0
110920 0.00 0.00 0.00 0
110921 0.00 0.00 0.00 0
110922 0.00 0.00 0.00 0
110927 0.00 0.00 0.00 0
110928 0.00 0.00 0.00 0
110929 0.00 0.00 0.00 0
110930 0.00 0.00 0.00 0
110931 0.00 0.00 0.00 0
110934 0.00 0.00 0.00 0
110937 0.00 0.00 0.00 0
110938 0.00 0.00 0.00 0
110939 0.00 0.00 0.00 0
110948 0.00 0.00 0.00 0
110949 0.00 0.00 0.00 0
110950 0.00 0.00 0.00 0
110951 0.00 0.00 0.00 0
110952 0.00 0.00 0.00 0
110965 0.00 0.00 0.00 0
110966 0.00 0.00 0.00 0
110967 0.00 0.00 0.00 0
110968 0.00 0.00 0.00 0
111788 0.00 0.00 0.00 0
111789 0.00 0.00 0.00 0
111790 0.00 0.00 0.00 0
111791 0.00 0.00 0.00 0
111804 0.00 0.00 0.00 0
111805 0.00 0.00 0.00 0
111806 0.00 0.00 0.00 0
111807 0.00 0.00 0.00 0
111808 0.00 0.00 0.00 0
111822 0.00 0.00 0.00 0
111823 0.00 0.00 0.00 0
111824 0.00 0.00 0.00 0
111825 0.00 0.00 0.00 0
111837 0.00 0.00 0.00 0
111838 0.00 0.00 0.00 0
111839 0.00 0.00 0.00 0
111840 0.00 0.00 0.00 0
111841 0.00 0.00 0.00 0
111853 0.00 0.00 0.00 0
111854 0.00 0.00 0.00 0
111855 0.00 0.00 0.00 0
111860 0.00 0.00 0.00 0
111861 0.00 0.00 0.00 0
111862 0.00 0.00 0.00 0
111866 0.00 0.00 0.00 0
111867 0.00 0.00 0.00 0
111872 0.00 0.00 0.00 0
111877 0.00 0.00 0.00 0
111878 0.00 0.00 0.00 0
111879 0.00 0.00 0.00 0
111880 0.00 0.00 0.00 0
111881 0.00 0.00 0.00 0
111886 0.00 0.00 0.00 0
111887 0.00 0.00 0.00 0
111890 0.00 0.00 0.00 0
111894 0.00 0.00 0.00 0
111895 0.00 0.00 0.00 0
111896 0.00 0.00 0.00 0
111903 0.00 0.00 0.00 0
111904 0.00 0.00 0.00 0
111905 0.00 0.00 0.00 0
111906 0.00 0.00 0.00 0
111907 0.00 0.00 0.00 0
111920 0.00 0.00 0.00 0
111921 0.00 0.00 0.00 0
111922 0.00 0.00 0.00 0
112790 0.00 0.00 0.00 0
112791 0.00 0.00 0.00 0
112802 0.00 0.00 0.00 0
112803 0.00 0.00 0.00 0
112804 0.00 0.00 0.00 0
112815 0.00 0.00 0.00 0
112816 0.00 0.00 0.00 0
112817 0.00 0.00 0.00 0
112818 0.00 0.00 0.00 0
112828 0.00 0.00 0.00 0
112829 0.00 0.00 0.00 0
112830 0.00 0.00 0.00 0
112831 0.00 0.00 0.00 0
112842 0.00 0.00 0.00 0
112843 0.00 0.00 0.00 0
112844 0.00 0.00 0.00 0
112857 0.00 0.00 0.00 0
112858 0.00 0.00 0.00 0
112859 0.00 0.00 0.00 0
112866 0.00 0.00 0.00 0
112867 0.00 0.00 0.00 0
112868 0.00 0.00 0.00 0
112869 0.00 0.00 0.00 0
112871 0.00 0.00 0.00 0
112872 0.00 0.00 0.00 0
112873 0.00 0.00 0.00 0
112874 0.00 0.00 0.00 0
112877 0.00 0.00 0.00 0
112882 0.00 0.00 0.00 0
112883 0.00 0.00 0.00 0
112884 0.00 0.00 0.00 0
112885 0.00 0.00 0.00 0
112886 0.00 0.00 0.00 0
112890 0.00 0.00 0.00 0
112891 0.00 0.00 0.00 0
112892 0.00 0.00 0.00 0
112893 0.00 0.00 0.00 0
112894 0.00 0.00 0.00 0
112895 0.00 0.00 0.00 0
112898 0.00 0.00 0.00 0
112904 0.00 0.00 0.00 0
112905 0.00 0.00 0.00 0
112906 0.00 0.00 0.00 0
112915 0.00 0.00 0.00 0
112916 0.00 0.00 0.00 0
112917 0.00 0.00 0.00 0
112918 0.00 0.00 0.00 0
112919 0.00 0.00 0.00 0
112920 0.00 0.00 0.00 0
112921 0.00 0.00 0.00 0
112933 0.00 0.00 0.00 0
112934 0.00 0.00 0.00 0
112935 0.00 0.00 0.00 0
113850 0.00 0.00 0.00 0
113851 0.00 0.00 0.00 0
113852 0.00 0.00 0.00 0
113865 0.00 0.00 0.00 0
113866 0.00 0.00 0.00 0
113867 0.00 0.00 0.00 0
113868 0.00 0.00 0.00 0
113879 0.00 0.00 0.00 0
113880 0.00 0.00 0.00 0
113881 0.00 0.00 0.00 0
113882 0.00 0.00 0.00 0
113883 0.00 0.00 0.00 0
113894 0.00 0.00 0.00 0
113895 0.00 0.00 0.00 0
113896 0.00 0.00 0.00 0
113897 0.00 0.00 0.00 0
113898 0.00 0.00 0.00 0
113910 0.00 0.00 0.00 0
113911 0.00 0.00 0.00 0
113912 0.00 0.00 0.00 0
113913 0.00 0.00 0.00 0
113924 0.00 0.00 0.00 0
113925 0.00 0.00 0.00 0
113926 0.00 0.00 0.00 0
113927 0.00 0.00 0.00 0
113936 0.00 0.00 0.00 0
113937 0.00 0.00 0.00 0
113940 0.00 0.00 0.00 0
113941 0.00 0.00 0.00 0
113942 0.00 0.00 0.00 0
113943 0.00 0.00 0.00 0
113944 0.00 0.00 0.00 0
113948 0.00 0.00 0.00 0
113949 0.00 0.00 0.00 0
113950 0.00 0.00 0.00 0
113951 0.00 0.00 0.00 0
113956 0.00 0.00 0.00 0
113957 0.00 0.00 0.00 0
113961 0.00 0.00 0.00 0
113962 0.00 0.00 0.00 0
113963 0.00 0.00 0.00 0
113964 0.00 0.00 0.00 0
113965 0.00 0.00 0.00 0
113966 0.00 0.00 0.00 0
113973 0.00 0.00 0.00 0
113981 0.00 0.00 0.00 0
113982 0.00 0.00 0.00 0
113983 0.00 0.00 0.00 0
113993 0.00 0.00 0.00 0
113994 0.00 0.00 0.00 0
113995 0.00 0.00 0.00 0
113996 0.00 0.00 0.00 0
113997 0.00 0.00 0.00 0
113998 0.00 0.00 0.00 0
114944 0.00 0.00 0.00 0
114945 0.00 0.00 0.00 0
114946 0.00 0.00 0.00 0
114956 0.00 0.00 0.00 0
114957 0.00 0.00 0.00 0
114958 0.00 0.00 0.00 0
114959 0.00 0.00 0.00 0
114969 0.00 0.00 0.00 0
114970 0.00 0.00 0.00 0
114971 0.00 0.00 0.00 0
114972 0.00 0.00 0.00 0
114973 0.00 0.00 0.00 0
114986 0.00 0.00 0.00 0
114987 0.00 0.00 0.00 0
114988 0.00 0.00 0.00 0
114989 0.00 0.00 0.00 0
114990 0.00 0.00 0.00 0
115004 0.00 0.00 0.00 0
115005 0.00 0.00 0.00 0
115013 0.00 0.00 0.00 0
115014 0.00 0.00 0.00 0
115023 0.00 0.00 0.00 0
115024 0.00 0.00 0.00 0
115027 0.00 0.00 0.00 0
115028 0.00 0.00 0.00 0
115029 0.00 0.00 0.00 0
115034 0.00 0.00 0.00 0
115035 0.00 0.00 0.00 0
115036 0.00 0.00 0.00 0
115037 0.00 0.00 0.00 0
115042 0.00 0.00 0.00 0
115043 0.00 0.00 0.00 0
115046 0.00 0.00 0.00 0
115047 0.00 0.00 0.00 0
115048 0.00 0.00 0.00 0
115049 0.00 0.00 0.00 0
115050 0.00 0.00 0.00 0
115051 0.00 0.00 0.00 0
115052 0.00 0.00 0.00 0
115059 0.00 0.00 0.00 0
115067 0.00 0.00 0.00 0
115068 0.00 0.00 0.00 0
115069 0.00 0.00 0.00 0
115081 0.00 0.00 0.00 0
115082 0.00 0.00 0.00 0
115083 0.00 0.00 0.00 0
115084 0.00 0.00 0.00 0
115085 0.00 0.00 0.00 0
116023 0.00 0.00 0.00 0
116024 0.00 0.00 0.00 0
116032 0.00 0.00 0.00 0
116033 0.00 0.00 0.00 0
116034 0.00 0.00 0.00 0
116035 0.00 0.00 0.00 0
116044 0.00 0.00 0.00 0
116045 0.00 0.00 0.00 0
116046 0.00 0.00 0.00 0
116047 0.00 0.00 0.00 0
116048 0.00 0.00 0.00 0
116059 0.00 0.00 0.00 0
116060 0.00 0.00 0.00 0
116061 0.00 0.00 0.00 0
116062 0.00 0.00 0.00 0
116063 0.00 0.00 0.00 0
116079 0.00 0.00 0.00 0
116080 0.00 0.00 0.00 0
116081 0.00 0.00 0.00 0
116093 0.00 0.00 0.00 0
116102 0.00 0.00 0.00 0
116105 0.00 0.00 0.00 0
116106 0.00 0.00 0.00 0
116112 0.00 0.00 0.00 0
116113 0.00 0.00 0.00 0
116114 0.00 0.00 0.00 0
116115 0.00 0.00 0.00 0
116116 0.00 0.00 0.00 0
116121 0.00 0.00 0.00 0
116122 0.00 0.00 0.00 0
116125 0.00 0.00 0.00 0
116126 0.00 0.00 0.00 0
116127 0.00 0.00 0.00 0
116128 0.00 0.00 0.00 0
116129 0.00 0.00 0.00 0
116130 0.00 0.00 0.00 0
116131 0.00 0.00 0.00 0
116139 0.00 0.00 0.00 0
116140 0.00 0.00 0.00 0
116150 0.00 0.00 0.00 0
116151 0.00 0.00 0.00 0
116152 0.00 0.00 0.00 0
116167 0.00 0.00 0.00 0
116168 0.00 0.00 0.00 0
116169 0.00 0.00 0.00 0
116170 0.00 0.00 0.00 0
116171 0.00 0.00 0.00 0
116172 0.00 0.00 0.00 0
116173 0.00 0.00 0.00 0
116186 0.00 0.00 0.00 0
117088 0.00 0.00 0.00 0
117089 0.00 0.00 0.00 0
117090 0.00 0.00 0.00 0
117091 0.00 0.00 0.00 0
117100 0.00 0.00 0.00 0
117101 0.00 0.00 0.00 0
117102 0.00 0.00 0.00 0
117103 0.00 0.00 0.00 0
117104 0.00 0.00 0.00 0
117118 0.00 0.00 0.00 0
117119 0.00 0.00 0.00 0
117120 0.00 0.00 0.00 0
117121 0.00 0.00 0.00 0
117122 0.00 0.00 0.00 0
117140 0.00 0.00 0.00 0
117141 0.00 0.00 0.00 0
117142 0.00 0.00 0.00 0
117143 0.00 0.00 0.00 0
117144 0.00 0.00 0.00 0
117155 0.00 0.00 0.00 0
117156 0.00 0.00 0.00 0
117160 0.00 0.00 0.00 0
117166 0.00 0.00 0.00 0
117172 0.00 0.00 0.00 0
117173 0.00 0.00 0.00 0
117174 0.00 0.00 0.00 0
117175 0.00 0.00 0.00 0
117179 0.00 0.00 0.00 0
117180 0.00 0.00 0.00 0
117184 0.00 0.00 0.00 0
117185 0.00 0.00 0.00 0
117186 0.00 0.00 0.00 0
117187 0.00 0.00 0.00 0
117188 0.00 0.00 0.00 0
117189 0.00 0.00 0.00 0
117199 0.00 0.00 0.00 0
117200 0.00 0.00 0.00 0
117201 0.00 0.00 0.00 0
117202 0.00 0.00 0.00 0
117203 0.00 0.00 0.00 0
117215 0.00 0.00 0.00 0
117216 0.00 0.00 0.00 0
117230 0.00 0.00 0.00 0
117231 0.00 0.00 0.00 0
117232 0.00 0.00 0.00 0
117233 0.00 0.00 0.00 0
117234 0.00 0.00 0.00 0
117235 0.00 0.00 0.00 0
117240 0.00 0.00 0.00 0
117241 0.00 0.00 0.00 0
117242 0.00 0.00 0.00 0
117243 0.00 0.00 0.00 0
118201 0.00 0.00 0.00 0
118202 0.00 0.00 0.00 0
118203 0.00 0.00 0.00 0
118219 0.00 0.00 0.00 0
118220 0.00 0.00 0.00 0
118221 0.00 0.00 0.00 0
118222 0.00 0.00 0.00 0
118242 0.00 0.00 0.00 0
118243 0.00 0.00 0.00 0
118244 0.00 0.00 0.00 0
118245 0.00 0.00 0.00 0
118246 0.00 0.00 0.00 0
118267 0.00 0.00 0.00 0
118268 0.00 0.00 0.00 0
118269 0.00 0.00 0.00 0
118270 0.00 0.00 0.00 0
118271 0.00 0.00 0.00 0
118272 0.00 0.00 0.00 0
118287 0.00 0.00 0.00 0
118288 0.00 0.00 0.00 0
118289 0.00 0.00 0.00 0
118290 0.00 0.00 0.00 0
118291 0.00 0.00 0.00 0
118302 0.00 0.00 0.00 0
118310 0.00 0.00 0.00 0
118316 0.00 0.00 0.00 0
118317 0.00 0.00 0.00 0
118318 0.00 0.00 0.00 0
118319 0.00 0.00 0.00 0
118322 0.00 0.00 0.00 0
118323 0.00 0.00 0.00 0
118324 0.00 0.00 0.00 0
118327 0.00 0.00 0.00 0
118328 0.00 0.00 0.00 0
118329 0.00 0.00 0.00 0
118330 0.00 0.00 0.00 0
118342 0.00 0.00 0.00 0
118343 0.00 0.00 0.00 0
118344 0.00 0.00 0.00 0
118345 0.00 0.00 0.00 0
118346 0.00 0.00 0.00 0
118360 0.00 0.00 0.00 0
118372 0.00 0.00 0.00 0
118373 0.00 0.00 0.00 0
118374 0.00 0.00 0.00 0
118375 0.00 0.00 0.00 0
118381 0.00 0.00 0.00 0
118382 0.00 0.00 0.00 0
118383 0.00 0.00 0.00 0
118384 0.00 0.00 0.00 0
118385 0.00 0.00 0.00 0
119335 0.00 0.00 0.00 0
119336 0.00 0.00 0.00 0
119337 0.00 0.00 0.00 0
119351 0.00 0.00 0.00 0
119352 0.00 0.00 0.00 0
119353 0.00 0.00 0.00 0
119363 0.00 0.00 0.00 0
119364 0.00 0.00 0.00 0
119365 0.00 0.00 0.00 0
119374 0.00 0.00 0.00 0
119375 0.00 0.00 0.00 0
119376 0.00 0.00 0.00 0
119377 0.00 0.00 0.00 0
119378 0.00 0.00 0.00 0
119389 0.00 0.00 0.00 0
119390 0.00 0.00 0.00 0
119391 0.00 0.00 0.00 0
119392 0.00 0.00 0.00 0
119393 0.00 0.00 0.00 0
119394 0.00 0.00 0.00 0
119395 0.00 0.00 0.00 0
119396 0.00 0.00 0.00 0
119406 0.00 0.00 0.00 0
119407 0.00 0.00 0.00 0
119408 0.00 0.00 0.00 0
119409 0.00 0.00 0.00 0
119410 0.00 0.00 0.00 0
119418 0.00 0.00 0.00 0
119419 0.00 0.00 0.00 0
119428 0.00 0.00 0.00 0
119429 0.00 0.00 0.00 0
119430 0.00 0.00 0.00 0
119438 0.00 0.00 0.00 0
119439 0.00 0.00 0.00 0
119440 0.00 0.00 0.00 0
119441 0.00 0.00 0.00 0
119451 0.00 0.00 0.00 0
119452 0.00 0.00 0.00 0
119453 0.00 0.00 0.00 0
119468 0.00 0.00 0.00 0
119469 0.00 0.00 0.00 0
119470 0.00 0.00 0.00 0
119471 0.00 0.00 0.00 0
119472 0.00 0.00 0.00 0
119484 0.00 0.00 0.00 0
119490 0.00 0.00 0.00 0
119491 0.00 0.00 0.00 0
119492 0.00 0.00 0.00 0
119498 0.00 0.00 0.00 0
119499 0.00 0.00 0.00 0
119500 0.00 0.00 0.00 0
119501 0.00 0.00 0.00 0
119502 0.00 0.00 0.00 0
119513 0.00 0.00 0.00 0
119514 0.00 0.00 0.00 0
120399 0.00 0.00 0.00 0
120400 0.00 0.00 0.00 0
120401 0.00 0.00 0.00 0
120409 0.00 0.00 0.00 0
120410 0.00 0.00 0.00 0
120411 0.00 0.00 0.00 0
120420 0.00 0.00 0.00 0
120421 0.00 0.00 0.00 0
120422 0.00 0.00 0.00 0
120433 0.00 0.00 0.00 0
120434 0.00 0.00 0.00 0
120435 0.00 0.00 0.00 0
120436 0.00 0.00 0.00 0
120437 0.00 0.00 0.00 0
120438 0.00 0.00 0.00 0
120447 0.00 0.00 0.00 0
120448 0.00 0.00 0.00 0
120449 0.00 0.00 0.00 0
120450 0.00 0.00 0.00 0
120451 0.00 0.00 0.00 0
120452 0.00 0.00 0.00 0
120461 0.00 0.00 0.00 0
120462 0.00 0.00 0.00 0
120463 0.00 0.00 0.00 0
120464 0.00 0.00 0.00 0
120476 0.00 0.00 0.00 0
120477 0.00 0.00 0.00 0
120490 0.00 0.00 0.00 0
120491 0.00 0.00 0.00 0
120492 0.00 0.00 0.00 0
120493 0.00 0.00 0.00 0
120506 0.00 0.00 0.00 0
120525 0.00 0.00 0.00 0
120526 0.00 0.00 0.00 0
120527 0.00 0.00 0.00 0
120528 0.00 0.00 0.00 0
120529 0.00 0.00 0.00 0
120537 0.00 0.00 0.00 0
120542 0.00 0.00 0.00 0
120543 0.00 0.00 0.00 0
120544 0.00 0.00 0.00 0
120550 0.00 0.00 0.00 0
120551 0.00 0.00 0.00 0
120552 0.00 0.00 0.00 0
120553 0.00 0.00 0.00 0
120561 0.00 0.00 0.00 0
120562 0.00 0.00 0.00 0
120563 0.00 0.00 0.00 0
120564 0.00 0.00 0.00 0
121422 0.00 0.00 0.00 0
121423 0.00 0.00 0.00 0
121434 0.00 0.00 0.00 0
121435 0.00 0.00 0.00 0
121436 0.00 0.00 0.00 0
121447 0.00 0.00 0.00 0
121448 0.00 0.00 0.00 0
121449 0.00 0.00 0.00 0
121461 0.00 0.00 0.00 0
121462 0.00 0.00 0.00 0
121463 0.00 0.00 0.00 0
121464 0.00 0.00 0.00 0
121476 0.00 0.00 0.00 0
121477 0.00 0.00 0.00 0
121478 0.00 0.00 0.00 0
121479 0.00 0.00 0.00 0
121480 0.00 0.00 0.00 0
121492 0.00 0.00 0.00 0
121493 0.00 0.00 0.00 0
121494 0.00 0.00 0.00 0
121495 0.00 0.00 0.00 0
121496 0.00 0.00 0.00 0
121509 0.00 0.00 0.00 0
121510 0.00 0.00 0.00 0
121525 0.00 0.00 0.00 0
121526 0.00 0.00 0.00 0
121527 0.00 0.00 0.00 0
121528 0.00 0.00 0.00 0
121529 0.00 0.00 0.00 0
121548 0.00 0.00 0.00 0
121549 0.00 0.00 0.00 0
121550 0.00 0.00 0.00 0
121571 0.00 0.00 0.00 0
121572 0.00 0.00 0.00 0
121573 0.00 0.00 0.00 0
121574 0.00 0.00 0.00 0
121575 0.00 0.00 0.00 0
121582 0.00 0.00 0.00 0
121583 0.00 0.00 0.00 0
121584 0.00 0.00 0.00 0
121585 0.00 0.00 0.00 0
121589 0.00 0.00 0.00 0
121590 0.00 0.00 0.00 0
121596 0.00 0.00 0.00 0
121597 0.00 0.00 0.00 0
121598 0.00 0.00 0.00 0
121599 0.00 0.00 0.00 0
121607 0.00 0.00 0.00 0
121608 0.00 0.00 0.00 0
121609 0.00 0.00 0.00 0
121610 0.00 0.00 0.00 0
121617 0.00 0.00 0.00 0
122437 0.00 0.00 0.00 0
122438 0.00 0.00 0.00 0
122439 0.00 0.00 0.00 0
122452 0.00 0.00 0.00 0
122453 0.00 0.00 0.00 0
122454 0.00 0.00 0.00 0
122471 0.00 0.00 0.00 0
122472 0.00 0.00 0.00 0
122473 0.00 0.00 0.00 0
122474 0.00 0.00 0.00 0
122491 0.00 0.00 0.00 0
122492 0.00 0.00 0.00 0
122493 0.00 0.00 0.00 0
122494 0.00 0.00 0.00 0
122495 0.00 0.00 0.00 0
122496 0.00 0.00 0.00 0
122513 0.00 0.00 0.00 0
122514 0.00 0.00 0.00 0
122515 0.00 0.00 0.00 0
122531 0.00 0.00 0.00 0
122532 0.00 0.00 0.00 0
122548 0.00 0.00 0.00 0
122549 0.00 0.00 0.00 0
122550 0.00 0.00 0.00 0
122567 0.00 0.00 0.00 0
122568 0.00 0.00 0.00 0
122569 0.00 0.00 0.00 0
122570 0.00 0.00 0.00 0
122586 0.00 0.00 0.00 0
122587 0.00 0.00 0.00 0
122588 0.00 0.00 0.00 0
122589 0.00 0.00 0.00 0
122599 0.00 0.00 0.00 0
122600 0.00 0.00 0.00 0
122601 0.00 0.00 0.00 0
122602 0.00 0.00 0.00 0
122603 0.00 0.00 0.00 0
122607 0.00 0.00 0.00 0
122617 0.00 0.00 0.00 0
122618 0.00 0.00 0.00 0
122619 0.00 0.00 0.00 0
122628 0.00 0.00 0.00 0
122629 0.00 0.00 0.00 0
122630 0.00 0.00 0.00 0
122631 0.00 0.00 0.00 0
122632 0.00 0.00 0.00 0
122636 0.00 0.00 0.00 0
122637 0.00 0.00 0.00 0
122638 0.00 0.00 0.00 0
123409 0.00 0.00 0.00 0
123410 0.00 0.00 0.00 0
123426 0.00 0.00 0.00 0
123427 0.00 0.00 0.00 0
123428 0.00 0.00 0.00 0
123429 0.00 0.00 0.00 0
123443 0.00 0.00 0.00 0
123444 0.00 0.00 0.00 0
123445 0.00 0.00 0.00 0
123446 0.00 0.00 0.00 0
123463 0.00 0.00 0.00 0
123464 0.00 0.00 0.00 0
123465 0.00 0.00 0.00 0
123466 0.00 0.00 0.00 0
123482 0.00 0.00 0.00 0
123483 0.00 0.00 0.00 0
123484 0.00 0.00 0.00 0
123485 0.00 0.00 0.00 0
123486 0.00 0.00 0.00 0
123487 0.00 0.00 0.00 0
123507 0.00 0.00 0.00 0
123508 0.00 0.00 0.00 0
123523 0.00 0.00 0.00 0
123524 0.00 0.00 0.00 0
123533 0.00 0.00 0.00 0
123534 0.00 0.00 0.00 0
123544 0.00 0.00 0.00 0
123545 0.00 0.00 0.00 0
123546 0.00 0.00 0.00 0
123547 0.00 0.00 0.00 0
123558 0.00 0.00 0.00 0
123559 0.00 0.00 0.00 0
123569 0.00 0.00 0.00 0
123570 0.00 0.00 0.00 0
123571 0.00 0.00 0.00 0
123572 0.00 0.00 0.00 0
123573 0.00 0.00 0.00 0
123582 0.00 0.00 0.00 0
123593 0.00 0.00 0.00 0
123594 0.00 0.00 0.00 0
123599 0.00 0.00 0.00 0
123600 0.00 0.00 0.00 0
123601 0.00 0.00 0.00 0
123602 0.00 0.00 0.00 0
123605 0.00 0.00 0.00 0
123606 0.00 0.00 0.00 0
123607 0.00 0.00 0.00 0
123608 0.00 0.00 0.00 0
124334 0.00 0.00 0.00 0
124335 0.00 0.00 0.00 0
124348 0.00 0.00 0.00 0
124349 0.00 0.00 0.00 0
124350 0.00 0.00 0.00 0
124363 0.00 0.00 0.00 0
124364 0.00 0.00 0.00 0
124376 0.00 0.00 0.00 0
124377 0.00 0.00 0.00 0
124378 0.00 0.00 0.00 0
124389 0.00 0.00 0.00 0
124390 0.00 0.00 0.00 0
124391 0.00 0.00 0.00 0
124392 0.00 0.00 0.00 0
124406 0.00 0.00 0.00 0
124407 0.00 0.00 0.00 0
124408 0.00 0.00 0.00 0
124419 0.00 0.00 0.00 0
124420 0.00 0.00 0.00 0
124428 0.00 0.00 0.00 0
124429 0.00 0.00 0.00 0
124438 0.00 0.00 0.00 0
124439 0.00 0.00 0.00 0
124440 0.00 0.00 0.00 0
124453 0.00 0.00 0.00 0
124454 0.00 0.00 0.00 0
124455 0.00 0.00 0.00 0
124467 0.00 0.00 0.00 0
124468 0.00 0.00 0.00 0
124469 0.00 0.00 0.00 0
124470 0.00 0.00 0.00 0
124471 0.00 0.00 0.00 0
124481 0.00 0.00 0.00 0
124482 0.00 0.00 0.00 0
124483 0.00 0.00 0.00 0
124489 0.00 0.00 0.00 0
124490 0.00 0.00 0.00 0
124495 0.00 0.00 0.00 0
124496 0.00 0.00 0.00 0
124497 0.00 0.00 0.00 0
124498 0.00 0.00 0.00 0
124501 0.00 0.00 0.00 0
124502 0.00 0.00 0.00 0
124503 0.00 0.00 0.00 0
124504 0.00 0.00 0.00 0
125216 0.00 0.00 0.00 0
125217 0.00 0.00 0.00 0
125218 0.00 0.00 0.00 0
125230 0.00 0.00 0.00 0
125231 0.00 0.00 0.00 0
125232 0.00 0.00 0.00 0
125233 0.00 0.00 0.00 0
125244 0.00 0.00 0.00 0
125245 0.00 0.00 0.00 0
125246 0.00 0.00 0.00 0
125256 0.00 0.00 0.00 0
125257 0.00 0.00 0.00 0
125258 0.00 0.00 0.00 0
125271 0.00 0.00 0.00 0
125272 0.00 0.00 0.00 0
125273 0.00 0.00 0.00 0
125288 0.00 0.00 0.00 0
125289 0.00 0.00 0.00 0
125290 0.00 0.00 0.00 0
125299 0.00 0.00 0.00 0
125307 0.00 0.00 0.00 0
125316 0.00 0.00 0.00 0
125317 0.00 0.00 0.00 0
125329 0.00 0.00 0.00 0
125330 0.00 0.00 0.00 0
125331 0.00 0.00 0.00 0
125346 0.00 0.00 0.00 0
125347 0.00 0.00 0.00 0
125348 0.00 0.00 0.00 0
125349 0.00 0.00 0.00 0
125350 0.00 0.00 0.00 0
125360 0.00 0.00 0.00 0
125361 0.00 0.00 0.00 0
125362 0.00 0.00 0.00 0
125363 0.00 0.00 0.00 0
125364 0.00 0.00 0.00 0
125369 0.00 0.00 0.00 0
125370 0.00 0.00 0.00 0
125374 0.00 0.00 0.00 0
125375 0.00 0.00 0.00 0
125376 0.00 0.00 0.00 0
125377 0.00 0.00 0.00 0
125379 0.00 0.00 0.00 0
125380 0.00 0.00 0.00 0
125381 0.00 0.00 0.00 0
125382 0.00 0.00 0.00 0
125383 0.00 0.00 0.00 0
125386 0.00 0.00 0.00 0
125387 0.00 0.00 0.00 0
126071 0.00 0.00 0.00 0
126072 0.00 0.00 0.00 0
126073 0.00 0.00 0.00 0
126087 0.00 0.00 0.00 0
126088 0.00 0.00 0.00 0
126089 0.00 0.00 0.00 0
126102 0.00 0.00 0.00 0
126103 0.00 0.00 0.00 0
126104 0.00 0.00 0.00 0
126105 0.00 0.00 0.00 0
126118 0.00 0.00 0.00 0
126119 0.00 0.00 0.00 0
126120 0.00 0.00 0.00 0
126121 0.00 0.00 0.00 0
126135 0.00 0.00 0.00 0
126136 0.00 0.00 0.00 0
126137 0.00 0.00 0.00 0
126149 0.00 0.00 0.00 0
126150 0.00 0.00 0.00 0
126151 0.00 0.00 0.00 0
126158 0.00 0.00 0.00 0
126165 0.00 0.00 0.00 0
126173 0.00 0.00 0.00 0
126174 0.00 0.00 0.00 0
126188 0.00 0.00 0.00 0
126189 0.00 0.00 0.00 0
126190 0.00 0.00 0.00 0
126206 0.00 0.00 0.00 0
126207 0.00 0.00 0.00 0
126208 0.00 0.00 0.00 0
126209 0.00 0.00 0.00 0
126216 0.00 0.00 0.00 0
126217 0.00 0.00 0.00 0
126218 0.00 0.00 0.00 0
126219 0.00 0.00 0.00 0
126220 0.00 0.00 0.00 0
126221 0.00 0.00 0.00 0
126226 0.00 0.00 0.00 0
126227 0.00 0.00 0.00 0
126232 0.00 0.00 0.00 0
126233 0.00 0.00 0.00 0
126234 0.00 0.00 0.00 0
126237 0.00 0.00 0.00 0
126238 0.00 0.00 0.00 0
126239 0.00 0.00 0.00 0
126240 0.00 0.00 0.00 0
126241 0.00 0.00 0.00 0
126246 0.00 0.00 0.00 0
126247 0.00 0.00 0.00 0
126248 0.00 0.00 0.00 0
126933 0.00 0.00 0.00 0
126934 0.00 0.00 0.00 0
126935 0.00 0.00 0.00 0
126943 0.00 0.00 0.00 0
126944 0.00 0.00 0.00 0
126945 0.00 0.00 0.00 0
126952 0.00 0.00 0.00 0
126953 0.00 0.00 0.00 0
126954 0.00 0.00 0.00 0
126961 0.00 0.00 0.00 0
126962 0.00 0.00 0.00 0
126963 0.00 0.00 0.00 0
126964 0.00 0.00 0.00 0
126965 0.00 0.00 0.00 0
126975 0.00 0.00 0.00 0
126976 0.00 0.00 0.00 0
126977 0.00 0.00 0.00 0
126978 0.00 0.00 0.00 0
126987 0.00 0.00 0.00 0
126988 0.00 0.00 0.00 0
126989 0.00 0.00 0.00 0
126990 0.00 0.00 0.00 0
126996 0.00 0.00 0.00 0
126997 0.00 0.00 0.00 0
127004 0.00 0.00 0.00 0
127018 0.00 0.00 0.00 0
127019 0.00 0.00 0.00 0
127034 0.00 0.00 0.00 0
127035 0.00 0.00 0.00 0
127036 0.00 0.00 0.00 0
127037 0.00 0.00 0.00 0
127050 0.00 0.00 0.00 0
127051 0.00 0.00 0.00 0
127057 0.00 0.00 0.00 0
127058 0.00 0.00 0.00 0
127059 0.00 0.00 0.00 0
127060 0.00 0.00 0.00 0
127061 0.00 0.00 0.00 0
127062 0.00 0.00 0.00 0
127067 0.00 0.00 0.00 0
127068 0.00 0.00 0.00 0
127072 0.00 0.00 0.00 0
127073 0.00 0.00 0.00 0
127076 0.00 0.00 0.00 0
127077 0.00 0.00 0.00 0
127078 0.00 0.00 0.00 0
127079 0.00 0.00 0.00 0
127085 0.00 0.00 0.00 0
127086 0.00 0.00 0.00 0
127087 0.00 0.00 0.00 0
127760 0.00 0.00 0.00 0
127761 0.00 0.00 0.00 0
127768 0.00 0.00 0.00 0
127769 0.00 0.00 0.00 0
127770 0.00 0.00 0.00 0
127779 0.00 0.00 0.00 0
127780 0.00 0.00 0.00 0
127790 0.00 0.00 0.00 0
127791 0.00 0.00 0.00 0
127792 0.00 0.00 0.00 0
127793 0.00 0.00 0.00 0
127802 0.00 0.00 0.00 0
127803 0.00 0.00 0.00 0
127804 0.00 0.00 0.00 0
127805 0.00 0.00 0.00 0
127806 0.00 0.00 0.00 0
127815 0.00 0.00 0.00 0
127816 0.00 0.00 0.00 0
127817 0.00 0.00 0.00 0
127818 0.00 0.00 0.00 0
127825 0.00 0.00 0.00 0
127826 0.00 0.00 0.00 0
127838 0.00 0.00 0.00 0
127839 0.00 0.00 0.00 0
127853 0.00 0.00 0.00 0
127854 0.00 0.00 0.00 0
127865 0.00 0.00 0.00 0
127866 0.00 0.00 0.00 0
127867 0.00 0.00 0.00 0
127879 0.00 0.00 0.00 0
127880 0.00 0.00 0.00 0
127885 0.00 0.00 0.00 0
127886 0.00 0.00 0.00 0
127887 0.00 0.00 0.00 0
127888 0.00 0.00 0.00 0
127889 0.00 0.00 0.00 0
127895 0.00 0.00 0.00 0
127900 0.00 0.00 0.00 0
127901 0.00 0.00 0.00 0
127905 0.00 0.00 0.00 0
127906 0.00 0.00 0.00 0
127907 0.00 0.00 0.00 0
127908 0.00 0.00 0.00 0
127915 0.00 0.00 0.00 0
127916 0.00 0.00 0.00 0
127917 0.00 0.00 0.00 0
128597 0.00 0.00 0.00 0
128598 0.00 0.00 0.00 0
128606 0.00 0.00 0.00 0
128607 0.00 0.00 0.00 0
128608 0.00 0.00 0.00 0
128619 0.00 0.00 0.00 0
128620 0.00 0.00 0.00 0
128631 0.00 0.00 0.00 0
128632 0.00 0.00 0.00 0
128633 0.00 0.00 0.00 0
128642 0.00 0.00 0.00 0
128643 0.00 0.00 0.00 0
128644 0.00 0.00 0.00 0
128645 0.00 0.00 0.00 0
128657 0.00 0.00 0.00 0
128658 0.00 0.00 0.00 0
128659 0.00 0.00 0.00 0
128672 0.00 0.00 0.00 0
128688 0.00 0.00 0.00 0
128689 0.00 0.00 0.00 0
128699 0.00 0.00 0.00 0
128700 0.00 0.00 0.00 0
128710 0.00 0.00 0.00 0
128711 0.00 0.00 0.00 0
128725 0.00 0.00 0.00 0
128738 0.00 0.00 0.00 0
128739 0.00 0.00 0.00 0
128740 0.00 0.00 0.00 0
128741 0.00 0.00 0.00 0
128752 0.00 0.00 0.00 0
128753 0.00 0.00 0.00 0
128754 0.00 0.00 0.00 0
128755 0.00 0.00 0.00 0
128761 0.00 0.00 0.00 0
128762 0.00 0.00 0.00 0
128763 0.00 0.00 0.00 0
128767 0.00 0.00 0.00 0
128768 0.00 0.00 0.00 0
128769 0.00 0.00 0.00 0
128770 0.00 0.00 0.00 0
128771 0.00 0.00 0.00 0
128777 0.00 0.00 0.00 0
128778 0.00 0.00 0.00 0
128779 0.00 0.00 0.00 0
128780 0.00 0.00 0.00 0
129484 0.00 0.00 0.00 0
129485 0.00 0.00 0.00 0
129494 0.00 0.00 0.00 0
129495 0.00 0.00 0.00 0
129496 0.00 0.00 0.00 0
129508 0.00 0.00 0.00 0
129509 0.00 0.00 0.00 0
129510 0.00 0.00 0.00 0
129523 0.00 0.00 0.00 0
129524 0.00 0.00 0.00 0
129525 0.00 0.00 0.00 0
129526 0.00 0.00 0.00 0
129539 0.00 0.00 0.00 0
129540 0.00 0.00 0.00 0
129541 0.00 0.00 0.00 0
129542 0.00 0.00 0.00 0
129543 0.00 0.00 0.00 0
129556 0.00 0.00 0.00 0
129557 0.00 0.00 0.00 0
129558 0.00 0.00 0.00 0
129574 0.00 0.00 0.00 0
129592 0.00 0.00 0.00 0
129606 0.00 0.00 0.00 0
129622 0.00 0.00 0.00 0
129623 0.00 0.00 0.00 0
129638 0.00 0.00 0.00 0
129650 0.00 0.00 0.00 0
129651 0.00 0.00 0.00 0
129652 0.00 0.00 0.00 0
129653 0.00 0.00 0.00 0
129666 0.00 0.00 0.00 0
129667 0.00 0.00 0.00 0
129668 0.00 0.00 0.00 0
129669 0.00 0.00 0.00 0
129670 0.00 0.00 0.00 0
129681 0.00 0.00 0.00 0
129682 0.00 0.00 0.00 0
129687 0.00 0.00 0.00 0
129688 0.00 0.00 0.00 0
129689 0.00 0.00 0.00 0
129690 0.00 0.00 0.00 0
129691 0.00 0.00 0.00 0
129697 0.00 0.00 0.00 0
129698 0.00 0.00 0.00 0
129699 0.00 0.00 0.00 0
129700 0.00 0.00 0.00 0
129701 0.00 0.00 0.00 0
129702 0.00 0.00 0.00 0
130413 0.00 0.00 0.00 0
130414 0.00 0.00 0.00 0
130415 0.00 0.00 0.00 0
130422 0.00 0.00 0.00 0
130423 0.00 0.00 0.00 0
130424 0.00 0.00 0.00 0
130439 0.00 0.00 0.00 0
130440 0.00 0.00 0.00 0
130441 0.00 0.00 0.00 0
130442 0.00 0.00 0.00 0
130457 0.00 0.00 0.00 0
130458 0.00 0.00 0.00 0
130459 0.00 0.00 0.00 0
130460 0.00 0.00 0.00 0
130482 0.00 0.00 0.00 0
130483 0.00 0.00 0.00 0
130484 0.00 0.00 0.00 0
130485 0.00 0.00 0.00 0
130506 0.00 0.00 0.00 0
130507 0.00 0.00 0.00 0
130508 0.00 0.00 0.00 0
130527 0.00 0.00 0.00 0
130528 0.00 0.00 0.00 0
130543 0.00 0.00 0.00 0
130544 0.00 0.00 0.00 0
130555 0.00 0.00 0.00 0
130569 0.00 0.00 0.00 0
130570 0.00 0.00 0.00 0
130588 0.00 0.00 0.00 0
130603 0.00 0.00 0.00 0
130618 0.00 0.00 0.00 0
130619 0.00 0.00 0.00 0
130620 0.00 0.00 0.00 0
130621 0.00 0.00 0.00 0
130622 0.00 0.00 0.00 0
130635 0.00 0.00 0.00 0
130636 0.00 0.00 0.00 0
130643 0.00 0.00 0.00 0
130644 0.00 0.00 0.00 0
130645 0.00 0.00 0.00 0
130650 0.00 0.00 0.00 0
130651 0.00 0.00 0.00 0
130652 0.00 0.00 0.00 0
130653 0.00 0.00 0.00 0
130654 0.00 0.00 0.00 0
130655 0.00 0.00 0.00 0
130656 0.00 0.00 0.00 0
130664 0.00 0.00 0.00 0
130665 0.00 0.00 0.00 0
131276 0.00 0.00 0.00 0
131277 0.00 0.00 0.00 0
131278 0.00 0.00 0.00 0
131288 0.00 0.00 0.00 0
131289 0.00 0.00 0.00 0
131290 0.00 0.00 0.00 0
131291 0.00 0.00 0.00 0
131308 0.00 0.00 0.00 0
131309 0.00 0.00 0.00 0
131310 0.00 0.00 0.00 0
131311 0.00 0.00 0.00 0
131312 0.00 0.00 0.00 0
131329 0.00 0.00 0.00 0
131330 0.00 0.00 0.00 0
131331 0.00 0.00 0.00 0
131332 0.00 0.00 0.00 0
131333 0.00 0.00 0.00 0
131334 0.00 0.00 0.00 0
131354 0.00 0.00 0.00 0
131355 0.00 0.00 0.00 0
131356 0.00 0.00 0.00 0
131357 0.00 0.00 0.00 0
131358 0.00 0.00 0.00 0
131371 0.00 0.00 0.00 0
131372 0.00 0.00 0.00 0
131373 0.00 0.00 0.00 0
131386 0.00 0.00 0.00 0
131387 0.00 0.00 0.00 0
131397 0.00 0.00 0.00 0
131398 0.00 0.00 0.00 0
131399 0.00 0.00 0.00 0
131400 0.00 0.00 0.00 0
131410 0.00 0.00 0.00 0
131411 0.00 0.00 0.00 0
131412 0.00 0.00 0.00 0
131413 0.00 0.00 0.00 0
131423 0.00 0.00 0.00 0
131424 0.00 0.00 0.00 0
131425 0.00 0.00 0.00 0
131426 0.00 0.00 0.00 0
131427 0.00 0.00 0.00 0
131441 0.00 0.00 0.00 0
131442 0.00 0.00 0.00 0
131443 0.00 0.00 0.00 0
131444 0.00 0.00 0.00 0
131445 0.00 0.00 0.00 0
131463 0.00 0.00 0.00 0
131477 0.00 0.00 0.00 0
131478 0.00 0.00 0.00 0
131479 0.00 0.00 0.00 0
131480 0.00 0.00 0.00 0
131493 0.00 0.00 0.00 0
131494 0.00 0.00 0.00 0
131495 0.00 0.00 0.00 0
131496 0.00 0.00 0.00 0
131497 0.00 0.00 0.00 0
131506 0.00 0.00 0.00 0
131507 0.00 0.00 0.00 0
131513 0.00 0.00 0.00 0
131514 0.00 0.00 0.00 0
131515 0.00 0.00 0.00 0
131516 0.00 0.00 0.00 0
131517 0.00 0.00 0.00 0
131518 0.00 0.00 0.00 0
131524 0.00 0.00 0.00 0
131525 0.00 0.00 0.00 0
131526 0.00 0.00 0.00 0
132164 0.00 0.00 0.00 0
132165 0.00 0.00 0.00 0
132166 0.00 0.00 0.00 0
132171 0.00 0.00 0.00 0
132172 0.00 0.00 0.00 0
132173 0.00 0.00 0.00 0
132174 0.00 0.00 0.00 0
132186 0.00 0.00 0.00 0
132187 0.00 0.00 0.00 0
132188 0.00 0.00 0.00 0
132189 0.00 0.00 0.00 0
132190 0.00 0.00 0.00 0
132207 0.00 0.00 0.00 0
132208 0.00 0.00 0.00 0
132209 0.00 0.00 0.00 0
132210 0.00 0.00 0.00 0
132211 0.00 0.00 0.00 0
132225 0.00 0.00 0.00 0
132226 0.00 0.00 0.00 0
132227 0.00 0.00 0.00 0
132228 0.00 0.00 0.00 0
132229 0.00 0.00 0.00 0
132237 0.00 0.00 0.00 0
132238 0.00 0.00 0.00 0
132243 0.00 0.00 0.00 0
132244 0.00 0.00 0.00 0
132249 0.00 0.00 0.00 0
132250 0.00 0.00 0.00 0
132256 0.00 0.00 0.00 0
132257 0.00 0.00 0.00 0
132265 0.00 0.00 0.00 0
132266 0.00 0.00 0.00 0
132275 0.00 0.00 0.00 0
132276 0.00 0.00 0.00 0
132285 0.00 0.00 0.00 0
132286 0.00 0.00 0.00 0
132287 0.00 0.00 0.00 0
132288 0.00 0.00 0.00 0
132289 0.00 0.00 0.00 0
132290 0.00 0.00 0.00 0
132307 0.00 0.00 0.00 0
132308 0.00 0.00 0.00 0
132309 0.00 0.00 0.00 0
132310 0.00 0.00 0.00 0
132311 0.00 0.00 0.00 0
132321 0.00 0.00 0.00 0
132336 0.00 0.00 0.00 0
132337 0.00 0.00 0.00 0
132338 0.00 0.00 0.00 0
132339 0.00 0.00 0.00 0
132349 0.00 0.00 0.00 0
132350 0.00 0.00 0.00 0
132357 0.00 0.00 0.00 0
132358 0.00 0.00 0.00 0
132359 0.00 0.00 0.00 0
132360 0.00 0.00 0.00 0
132361 0.00 0.00 0.00 0
132362 0.00 0.00 0.00 0
132367 0.00 0.00 0.00 0
132368 0.00 0.00 0.00 0
132369 0.00 0.00 0.00 0
132370 0.00 0.00 0.00 0
132371 0.00 0.00 0.00 0
132372 0.00 0.00 0.00 0
132373 0.00 0.00 0.00 0
133042 0.00 0.00 0.00 0
133043 0.00 0.00 0.00 0
133044 0.00 0.00 0.00 0
133052 0.00 0.00 0.00 0
133053 0.00 0.00 0.00 0
133054 0.00 0.00 0.00 0
133055 0.00 0.00 0.00 0
133066 0.00 0.00 0.00 0
133067 0.00 0.00 0.00 0
133068 0.00 0.00 0.00 0
133069 0.00 0.00 0.00 0
133082 0.00 0.00 0.00 0
133083 0.00 0.00 0.00 0
133084 0.00 0.00 0.00 0
133085 0.00 0.00 0.00 0
133095 0.00 0.00 0.00 0
133096 0.00 0.00 0.00 0
133097 0.00 0.00 0.00 0
133105 0.00 0.00 0.00 0
133106 0.00 0.00 0.00 0
133109 0.00 0.00 0.00 0
133110 0.00 0.00 0.00 0
133113 0.00 0.00 0.00 0
133116 0.00 0.00 0.00 0
133119 0.00 0.00 0.00 0
133120 0.00 0.00 0.00 0
133123 0.00 0.00 0.00 0
133124 0.00 0.00 0.00 0
133132 0.00 0.00 0.00 0
133133 0.00 0.00 0.00 0
133134 0.00 0.00 0.00 0
133151 0.00 0.00 0.00 0
133152 0.00 0.00 0.00 0
133153 0.00 0.00 0.00 0
133154 0.00 0.00 0.00 0
133155 0.00 0.00 0.00 0
133156 0.00 0.00 0.00 0
133168 0.00 0.00 0.00 0
133169 0.00 0.00 0.00 0
133170 0.00 0.00 0.00 0
133171 0.00 0.00 0.00 0
133172 0.00 0.00 0.00 0
133184 0.00 0.00 0.00 0
133185 0.00 0.00 0.00 0
133186 0.00 0.00 0.00 0
133187 0.00 0.00 0.00 0
133198 0.00 0.00 0.00 0
133199 0.00 0.00 0.00 0
133200 0.00 0.00 0.00 0
133201 0.00 0.00 0.00 0
133208 0.00 0.00 0.00 0
133209 0.00 0.00 0.00 0
133214 0.00 0.00 0.00 0
133215 0.00 0.00 0.00 0
133216 0.00 0.00 0.00 0
133217 0.00 0.00 0.00 0
133218 0.00 0.00 0.00 0
133219 0.00 0.00 0.00 0
133220 0.00 0.00 0.00 0
133221 0.00 0.00 0.00 0
133932 0.00 0.00 0.00 0
133933 0.00 0.00 0.00 0
133934 0.00 0.00 0.00 0
133935 0.00 0.00 0.00 0
133945 0.00 0.00 0.00 0
133946 0.00 0.00 0.00 0
133947 0.00 0.00 0.00 0
133948 0.00 0.00 0.00 0
133949 0.00 0.00 0.00 0
133961 0.00 0.00 0.00 0
133962 0.00 0.00 0.00 0
133963 0.00 0.00 0.00 0
133964 0.00 0.00 0.00 0
133965 0.00 0.00 0.00 0
133966 0.00 0.00 0.00 0
133976 0.00 0.00 0.00 0
133977 0.00 0.00 0.00 0
133978 0.00 0.00 0.00 0
133979 0.00 0.00 0.00 0
133980 0.00 0.00 0.00 0
133990 0.00 0.00 0.00 0
133991 0.00 0.00 0.00 0
133992 0.00 0.00 0.00 0
133993 0.00 0.00 0.00 0
134000 0.00 0.00 0.00 0
134001 0.00 0.00 0.00 0
134004 0.00 0.00 0.00 0
134005 0.00 0.00 0.00 0
134008 0.00 0.00 0.00 0
134009 0.00 0.00 0.00 0
134011 0.00 0.00 0.00 0
134012 0.00 0.00 0.00 0
134017 0.00 0.00 0.00 0
134018 0.00 0.00 0.00 0
134027 0.00 0.00 0.00 0
134028 0.00 0.00 0.00 0
134043 0.00 0.00 0.00 0
134044 0.00 0.00 0.00 0
134045 0.00 0.00 0.00 0
134046 0.00 0.00 0.00 0
134047 0.00 0.00 0.00 0
134062 0.00 0.00 0.00 0
134063 0.00 0.00 0.00 0
134064 0.00 0.00 0.00 0
134065 0.00 0.00 0.00 0
134066 0.00 0.00 0.00 0
134067 0.00 0.00 0.00 0
134068 0.00 0.00 0.00 0
134081 0.00 0.00 0.00 0
134082 0.00 0.00 0.00 0
134091 0.00 0.00 0.00 0
134092 0.00 0.00 0.00 0
134093 0.00 0.00 0.00 0
134094 0.00 0.00 0.00 0
134095 0.00 0.00 0.00 0
134104 0.00 0.00 0.00 0
134105 0.00 0.00 0.00 0
134111 0.00 0.00 0.00 0
134112 0.00 0.00 0.00 0
134113 0.00 0.00 0.00 0
134114 0.00 0.00 0.00 0
134115 0.00 0.00 0.00 0
134116 0.00 0.00 0.00 0
134117 0.00 0.00 0.00 0
134118 0.00 0.00 0.00 0
134125 0.00 0.00 0.00 0
134126 0.00 0.00 0.00 0
134127 0.00 0.00 0.00 0
134128 0.00 0.00 0.00 0
134129 0.00 0.00 0.00 0
134130 0.00 0.00 0.00 0
134131 0.00 0.00 0.00 0
134840 0.00 0.00 0.00 0
134841 0.00 0.00 0.00 0
134842 0.00 0.00 0.00 0
134852 0.00 0.00 0.00 0
134853 0.00 0.00 0.00 0
134854 0.00 0.00 0.00 0
134855 0.00 0.00 0.00 0
134864 0.00 0.00 0.00 0
134865 0.00 0.00 0.00 0
134866 0.00 0.00 0.00 0
134867 0.00 0.00 0.00 0
134868 0.00 0.00 0.00 0
134869 0.00 0.00 0.00 0
134879 0.00 0.00 0.00 0
134880 0.00 0.00 0.00 0
134881 0.00 0.00 0.00 0
134882 0.00 0.00 0.00 0
134883 0.00 0.00 0.00 0
134884 0.00 0.00 0.00 0
134893 0.00 0.00 0.00 0
134894 0.00 0.00 0.00 0
134895 0.00 0.00 0.00 0
134896 0.00 0.00 0.00 0
134897 0.00 0.00 0.00 0
134898 0.00 0.00 0.00 0
134905 0.00 0.00 0.00 0
134906 0.00 0.00 0.00 0
134907 0.00 0.00 0.00 0
134908 0.00 0.00 0.00 0
134909 0.00 0.00 0.00 0
134916 0.00 0.00 0.00 0
134917 0.00 0.00 0.00 0
134918 0.00 0.00 0.00 0
134923 0.00 0.00 0.00 0
134924 0.00 0.00 0.00 0
134934 0.00 0.00 0.00 0
134935 0.00 0.00 0.00 0
134949 0.00 0.00 0.00 0
134950 0.00 0.00 0.00 0
134964 0.00 0.00 0.00 0
134974 0.00 0.00 0.00 0
134987 0.00 0.00 0.00 0
134988 0.00 0.00 0.00 0
134989 0.00 0.00 0.00 0
134990 0.00 0.00 0.00 0
134991 0.00 0.00 0.00 0
134992 0.00 0.00 0.00 0
134993 0.00 0.00 0.00 0
135006 0.00 0.00 0.00 0
135007 0.00 0.00 0.00 0
135008 0.00 0.00 0.00 0
135009 0.00 0.00 0.00 0
135010 0.00 0.00 0.00 0
135013 0.00 0.00 0.00 0
135014 0.00 0.00 0.00 0
135015 0.00 0.00 0.00 0
135016 0.00 0.00 0.00 0
135023 0.00 0.00 0.00 0
135024 0.00 0.00 0.00 0
135025 0.00 0.00 0.00 0
135026 0.00 0.00 0.00 0
135035 0.00 0.00 0.00 0
135036 0.00 0.00 0.00 0
135041 0.00 0.00 0.00 0
135042 0.00 0.00 0.00 0
135043 0.00 0.00 0.00 0
135044 0.00 0.00 0.00 0
135045 0.00 0.00 0.00 0
135046 0.00 0.00 0.00 0
135649 0.00 0.00 0.00 0
135650 0.00 0.00 0.00 0
135659 0.00 0.00 0.00 0
135660 0.00 0.00 0.00 0
135661 0.00 0.00 0.00 0
135670 0.00 0.00 0.00 0
135671 0.00 0.00 0.00 0
135672 0.00 0.00 0.00 0
135673 0.00 0.00 0.00 0
135685 0.00 0.00 0.00 0
135686 0.00 0.00 0.00 0
135687 0.00 0.00 0.00 0
135688 0.00 0.00 0.00 0
135689 0.00 0.00 0.00 0
135703 0.00 0.00 0.00 0
135704 0.00 0.00 0.00 0
135705 0.00 0.00 0.00 0
135706 0.00 0.00 0.00 0
135707 0.00 0.00 0.00 0
135719 0.00 0.00 0.00 0
135720 0.00 0.00 0.00 0
135721 0.00 0.00 0.00 0
135722 0.00 0.00 0.00 0
135723 0.00 0.00 0.00 0
135734 0.00 0.00 0.00 0
135735 0.00 0.00 0.00 0
135736 0.00 0.00 0.00 0
135737 0.00 0.00 0.00 0
135738 0.00 0.00 0.00 0
135739 0.00 0.00 0.00 0
135756 0.00 0.00 0.00 0
135757 0.00 0.00 0.00 0
135758 0.00 0.00 0.00 0
135772 0.00 0.00 0.00 0
135773 0.00 0.00 0.00 0
135774 0.00 0.00 0.00 0
135785 0.00 0.00 0.00 0
135786 0.00 0.00 0.00 0
135787 0.00 0.00 0.00 0
135795 0.00 0.00 0.00 0
135796 0.00 0.00 0.00 0
135804 0.00 0.00 0.00 0
135805 0.00 0.00 0.00 0
135817 0.00 0.00 0.00 0
135818 0.00 0.00 0.00 0
135819 0.00 0.00 0.00 0
135820 0.00 0.00 0.00 0
135821 0.00 0.00 0.00 0
135822 0.00 0.00 0.00 0
135831 0.00 0.00 0.00 0
135832 0.00 0.00 0.00 0
135833 0.00 0.00 0.00 0
135834 0.00 0.00 0.00 0
135835 0.00 0.00 0.00 0
135836 0.00 0.00 0.00 0
135837 0.00 0.00 0.00 0
135838 0.00 0.00 0.00 0
135843 0.00 0.00 0.00 0
135844 0.00 0.00 0.00 0
135845 0.00 0.00 0.00 0
135846 0.00 0.00 0.00 0
135847 0.00 0.00 0.00 0
135853 0.00 0.00 0.00 0
135854 0.00 0.00 0.00 0
135855 0.00 0.00 0.00 0
135856 0.00 0.00 0.00 0
135863 0.00 0.00 0.00 0
135864 0.00 0.00 0.00 0
135869 0.00 0.00 0.00 0
135870 0.00 0.00 0.00 0
135871 0.00 0.00 0.00 0
135872 0.00 0.00 0.00 0
135873 0.00 0.00 0.00 0
135874 0.00 0.00 0.00 0
135883 0.00 0.00 0.00 0
135884 0.00 0.00 0.00 0
135885 0.00 0.00 0.00 0
135886 0.00 0.00 0.00 0
135887 0.00 0.00 0.00 0
135888 0.00 0.00 0.00 0
136418 0.00 0.00 0.00 0
136419 0.00 0.00 0.00 0
136430 0.00 0.00 0.00 0
136431 0.00 0.00 0.00 0
136432 0.00 0.00 0.00 0
136445 0.00 0.00 0.00 0
136446 0.00 0.00 0.00 0
136447 0.00 0.00 0.00 0
136448 0.00 0.00 0.00 0
136465 0.00 0.00 0.00 0
136466 0.00 0.00 0.00 0
136467 0.00 0.00 0.00 0
136468 0.00 0.00 0.00 0
136482 0.00 0.00 0.00 0
136483 0.00 0.00 0.00 0
136484 0.00 0.00 0.00 0
136485 0.00 0.00 0.00 0
136497 0.00 0.00 0.00 0
136498 0.00 0.00 0.00 0
136499 0.00 0.00 0.00 0
136500 0.00 0.00 0.00 0
136501 0.00 0.00 0.00 0
136502 0.00 0.00 0.00 0
136518 0.00 0.00 0.00 0
136519 0.00 0.00 0.00 0
136520 0.00 0.00 0.00 0
136521 0.00 0.00 0.00 0
136532 0.00 0.00 0.00 0
136533 0.00 0.00 0.00 0
136534 0.00 0.00 0.00 0
136535 0.00 0.00 0.00 0
136543 0.00 0.00 0.00 0
136544 0.00 0.00 0.00 0
136557 0.00 0.00 0.00 0
136558 0.00 0.00 0.00 0
136574 0.00 0.00 0.00 0
136575 0.00 0.00 0.00 0
136592 0.00 0.00 0.00 0
136602 0.00 0.00 0.00 0
136603 0.00 0.00 0.00 0
136604 0.00 0.00 0.00 0
136605 0.00 0.00 0.00 0
136606 0.00 0.00 0.00 0
136607 0.00 0.00 0.00 0
136608 0.00 0.00 0.00 0
136619 0.00 0.00 0.00 0
136620 0.00 0.00 0.00 0
136621 0.00 0.00 0.00 0
136622 0.00 0.00 0.00 0
136623 0.00 0.00 0.00 0
136624 0.00 0.00 0.00 0
136635 0.00 0.00 0.00 0
136636 0.00 0.00 0.00 0
136637 0.00 0.00 0.00 0
136650 0.00 0.00 0.00 0
136651 0.00 0.00 0.00 0
136652 0.00 0.00 0.00 0
136664 0.00 0.00 0.00 0
136665 0.00 0.00 0.00 0
136673 0.00 0.00 0.00 0
136674 0.00 0.00 0.00 0
136675 0.00 0.00 0.00 0
136676 0.00 0.00 0.00 0
136677 0.00 0.00 0.00 0
136678 0.00 0.00 0.00 0
136691 0.00 0.00 0.00 0
136692 0.00 0.00 0.00 0
136693 0.00 0.00 0.00 0
136694 0.00 0.00 0.00 0
136695 0.00 0.00 0.00 0
137273 0.00 0.00 0.00 0
137274 0.00 0.00 0.00 0
137275 0.00 0.00 0.00 0
137289 0.00 0.00 0.00 0
137290 0.00 0.00 0.00 0
137291 0.00 0.00 0.00 0
137292 0.00 0.00 0.00 0
137293 0.00 0.00 0.00 0
137310 0.00 0.00 0.00 0
137311 0.00 0.00 0.00 0
137312 0.00 0.00 0.00 0
137329 0.00 0.00 0.00 0
137330 0.00 0.00 0.00 0
137331 0.00 0.00 0.00 0
137332 0.00 0.00 0.00 0
137346 0.00 0.00 0.00 0
137347 0.00 0.00 0.00 0
137348 0.00 0.00 0.00 0
137363 0.00 0.00 0.00 0
137364 0.00 0.00 0.00 0
137380 0.00 0.00 0.00 0
137381 0.00 0.00 0.00 0
137393 0.00 0.00 0.00 0
137400 0.00 0.00 0.00 0
137401 0.00 0.00 0.00 0
137402 0.00 0.00 0.00 0
137403 0.00 0.00 0.00 0
137404 0.00 0.00 0.00 0
137405 0.00 0.00 0.00 0
137413 0.00 0.00 0.00 0
137414 0.00 0.00 0.00 0
137415 0.00 0.00 0.00 0
137416 0.00 0.00 0.00 0
137417 0.00 0.00 0.00 0
137418 0.00 0.00 0.00 0
137419 0.00 0.00 0.00 0
137420 0.00 0.00 0.00 0
137421 0.00 0.00 0.00 0
137430 0.00 0.00 0.00 0
137431 0.00 0.00 0.00 0
137432 0.00 0.00 0.00 0
137433 0.00 0.00 0.00 0
137434 0.00 0.00 0.00 0
137435 0.00 0.00 0.00 0
137436 0.00 0.00 0.00 0
137445 0.00 0.00 0.00 0
137446 0.00 0.00 0.00 0
137447 0.00 0.00 0.00 0
137459 0.00 0.00 0.00 0
137460 0.00 0.00 0.00 0
137461 0.00 0.00 0.00 0
137470 0.00 0.00 0.00 0
137479 0.00 0.00 0.00 0
137480 0.00 0.00 0.00 0
137481 0.00 0.00 0.00 0
137482 0.00 0.00 0.00 0
137483 0.00 0.00 0.00 0
137498 0.00 0.00 0.00 0
137499 0.00 0.00 0.00 0
137500 0.00 0.00 0.00 0
137501 0.00 0.00 0.00 0
137502 0.00 0.00 0.00 0
138073 0.00 0.00 0.00 0
138074 0.00 0.00 0.00 0
138075 0.00 0.00 0.00 0
138076 0.00 0.00 0.00 0
138090 0.00 0.00 0.00 0
138104 0.00 0.00 0.00 0
138105 0.00 0.00 0.00 0
138106 0.00 0.00 0.00 0
138114 0.00 0.00 0.00 0
138115 0.00 0.00 0.00 0
138116 0.00 0.00 0.00 0
138125 0.00 0.00 0.00 0
138126 0.00 0.00 0.00 0
138127 0.00 0.00 0.00 0
138139 0.00 0.00 0.00 0
138140 0.00 0.00 0.00 0
138141 0.00 0.00 0.00 0
138150 0.00 0.00 0.00 0
138156 0.00 0.00 0.00 0
138157 0.00 0.00 0.00 0
138163 0.00 0.00 0.00 0
138164 0.00 0.00 0.00 0
138165 0.00 0.00 0.00 0
138166 0.00 0.00 0.00 0
138167 0.00 0.00 0.00 0
138168 0.00 0.00 0.00 0
138176 0.00 0.00 0.00 0
138177 0.00 0.00 0.00 0
138178 0.00 0.00 0.00 0
138179 0.00 0.00 0.00 0
138180 0.00 0.00 0.00 0
138181 0.00 0.00 0.00 0
138182 0.00 0.00 0.00 0
138183 0.00 0.00 0.00 0
138184 0.00 0.00 0.00 0
138195 0.00 0.00 0.00 0
138196 0.00 0.00 0.00 0
138197 0.00 0.00 0.00 0
138198 0.00 0.00 0.00 0
138210 0.00 0.00 0.00 0
138211 0.00 0.00 0.00 0
138221 0.00 0.00 0.00 0
138222 0.00 0.00 0.00 0
138229 0.00 0.00 0.00 0
138237 0.00 0.00 0.00 0
138238 0.00 0.00 0.00 0
138239 0.00 0.00 0.00 0
138240 0.00 0.00 0.00 0
138241 0.00 0.00 0.00 0
138242 0.00 0.00 0.00 0
138255 0.00 0.00 0.00 0
138256 0.00 0.00 0.00 0
138275 0.00 0.00 0.00 0
138869 0.00 0.00 0.00 0
138880 0.00 0.00 0.00 0
138895 0.00 0.00 0.00 0
138896 0.00 0.00 0.00 0
138897 0.00 0.00 0.00 0
138907 0.00 0.00 0.00 0
138908 0.00 0.00 0.00 0
138909 0.00 0.00 0.00 0
138914 0.00 0.00 0.00 0
138915 0.00 0.00 0.00 0
138922 0.00 0.00 0.00 0
138923 0.00 0.00 0.00 0
138924 0.00 0.00 0.00 0
138930 0.00 0.00 0.00 0
138931 0.00 0.00 0.00 0
138936 0.00 0.00 0.00 0
138937 0.00 0.00 0.00 0
138943 0.00 0.00 0.00 0
138944 0.00 0.00 0.00 0
138945 0.00 0.00 0.00 0
138946 0.00 0.00 0.00 0
138955 0.00 0.00 0.00 0
138956 0.00 0.00 0.00 0
138957 0.00 0.00 0.00 0
138958 0.00 0.00 0.00 0
138959 0.00 0.00 0.00 0
138972 0.00 0.00 0.00 0
138973 0.00 0.00 0.00 0
138974 0.00 0.00 0.00 0
138975 0.00 0.00 0.00 0
138989 0.00 0.00 0.00 0
138990 0.00 0.00 0.00 0
138998 0.00 0.00 0.00 0
138999 0.00 0.00 0.00 0
139005 0.00 0.00 0.00 0
139006 0.00 0.00 0.00 0
139012 0.00 0.00 0.00 0
139013 0.00 0.00 0.00 0
139021 0.00 0.00 0.00 0
139022 0.00 0.00 0.00 0
139567 0.00 0.00 0.00 0
139568 0.00 0.00 0.00 0
139579 0.00 0.00 0.00 0
139580 0.00 0.00 0.00 0
139581 0.00 0.00 0.00 0
139586 0.00 0.00 0.00 0
139587 0.00 0.00 0.00 0
139588 0.00 0.00 0.00 0
139593 0.00 0.00 0.00 0
139594 0.00 0.00 0.00 0
139595 0.00 0.00 0.00 0
139601 0.00 0.00 0.00 0
139602 0.00 0.00 0.00 0
139603 0.00 0.00 0.00 0
139607 0.00 0.00 0.00 0
139608 0.00 0.00 0.00 0
139620 0.00 0.00 0.00 0
139621 0.00 0.00 0.00 0
139622 0.00 0.00 0.00 0
139634 0.00 0.00 0.00 0
139648 0.00 0.00 0.00 0
139649 0.00 0.00 0.00 0
139662 0.00 0.00 0.00 0
139672 0.00 0.00 0.00 0
140274 0.00 0.00 0.00 0
