# caudalanteriorcingulate
1277
90118 0.00 0.00 0.00 0
90119 0.00 0.00 0.00 0
91271 0.00 0.00 0.00 0
91295 0.00 0.00 0.00 0
91296 0.00 0.00 0.00 0
91297 0.00 0.00 0.00 0
92496 0.00 0.00 0.00 0
92497 0.00 0.00 0.00 0
92498 0.00 0.00 0.00 0
92499 0.00 0.00 0.00 0
93572 0.00 0.00 0.00 0
93573 0.00 0.00 0.00 0
93591 0.00 0.00 0.00 0
93592 0.00 0.00 0.00 0
93593 0.00 0.00 0.00 0
93594 0.00 0.00 0.00 0
93595 0.00 0.00 0.00 0
94625 0.00 0.00 0.00 0
94626 0.00 0.00 0.00 0
94637 0.00 0.00 0.00 0
94638 0.00 0.00 0.00 0
94639 0.00 0.00 0.00 0
94640 0.00 0.00 0.00 0
94641 0.00 0.00 0.00 0
95718 0.00 0.00 0.00 0
95719 0.00 0.00 0.00 0
95726 0.00 0.00 0.00 0
95727 0.00 0.00 0.00 0
95728 0.00 0.00 0.00 0
95740 0.00 0.00 0.00 0
95741 0.00 0.00 0.00 0
95742 0.00 0.00 0.00 0
95743 0.00 0.00 0.00 0
95744 0.00 0.00 0.00 0
95753 0.00 0.00 0.00 0
95754 0.00 0.00 0.00 0
96884 0.00 0.00 0.00 0
96885 0.00 0.00 0.00 0
96886 0.00 0.00 0.00 0
96892 0.00 0.00 0.00 0
96893 0.00 0.00 0.00 0
96894 0.00 0.00 0.00 0
96895 0.00 0.00 0.00 0
96896 0.00 0.00 0.00 0
96908 0.00 0.00 0.00 0
96909 0.00 0.00 0.00 0
96910 0.00 0.00 0.00 0
96911 0.00 0.00 0.00 0
96912 0.00 0.00 0.00 0
96923 0.00 0.00 0.00 0
96924 0.00 0.00 0.00 0
98090 0.00 0.00 0.00 0
98091 0.00 0.00 0.00 0
98092 0.00 0.00 0.00 0
98098 0.00 0.00 0.00 0
98099 0.00 0.00 0.00 0
98100 0.00 0.00 0.00 0
98101 0.00 0.00 0.00 0
98102 0.00 0.00 0.00 0
98109 0.00 0.00 0.00 0
98110 0.00 0.00 0.00 0
98111 0.00 0.00 0.00 0
98112 0.00 0.00 0.00 0
98113 0.00 0.00 0.00 0
98125 0.00 0.00 0.00 0
98126 0.00 0.00 0.00 0
99326 0.00 0.00 0.00 0
99327 0.00 0.00 0.00 0
99328 0.00 0.00 0.00 0
99329 0.00 0.00 0.00 0
99330 0.00 0.00 0.00 0
99342 0.00 0.00 0.00 0
99343 0.00 0.00 0.00 0
99344 0.00 0.00 0.00 0
99345 0.00 0.00 0.00 0
99346 0.00 0.00 0.00 0
99362 0.00 0.00 0.00 0
99380 0.00 0.00 0.00 0
99412 0.00 0.00 0.00 0
99422 0.00 0.00 0.00 0
99433 0.00 0.00 0.00 0
99445 0.00 0.00 0.00 0
100558 0.00 0.00 0.00 0
100559 0.00 0.00 0.00 0
100560 0.00 0.00 0.00 0
100566 0.00 0.00 0.00 0
100567 0.00 0.00 0.00 0
100568 0.00 0.00 0.00 0
100569 0.00 0.00 0.00 0
100570 0.00 0.00 0.00 0
100571 0.00 0.00 0.00 0
100572 0.00 0.00 0.00 0
100584 0.00 0.00 0.00 0
100585 0.00 0.00 0.00 0
100586 0.00 0.00 0.00 0
100587 0.00 0.00 0.00 0
100588 0.00 0.00 0.00 0
100589 0.00 0.00 0.00 0
100605 0.00 0.00 0.00 0
100622 0.00 0.00 0.00 0
100623 0.00 0.00 0.00 0
100635 0.00 0.00 0.00 0
100645 0.00 0.00 0.00 0
100646 0.00 0.00 0.00 0
100647 0.00 0.00 0.00 0
100648 0.00 0.00 0.00 0
100649 0.00 0.00 0.00 0
100658 0.00 0.00 0.00 0
100667 0.00 0.00 0.00 0
100668 0.00 0.00 0.00 0
100680 0.00 0.00 0.00 0
100681 0.00 0.00 0.00 0
100682 0.00 0.00 0.00 0
100683 0.00 0.00 0.00 0
101742 0.00 0.00 0.00 0
101743 0.00 0.00 0.00 0
101744 0.00 0.00 0.00 0
101745 0.00 0.00 0.00 0
101753 0.00 0.00 0.00 0
101754 0.00 0.00 0.00 0
101755 0.00 0.00 0.00 0
101756 0.00 0.00 0.00 0
101757 0.00 0.00 0.00 0
101758 0.00 0.00 0.00 0
101759 0.00 0.00 0.00 0
101771 0.00 0.00 0.00 0
101772 0.00 0.00 0.00 0
101773 0.00 0.00 0.00 0
101774 0.00 0.00 0.00 0
101791 0.00 0.00 0.00 0
101804 0.00 0.00 0.00 0
101805 0.00 0.00 0.00 0
101816 0.00 0.00 0.00 0
101828 0.00 0.00 0.00 0
101829 0.00 0.00 0.00 0
101830 0.00 0.00 0.00 0
101831 0.00 0.00 0.00 0
101832 0.00 0.00 0.00 0
101841 0.00 0.00 0.00 0
101850 0.00 0.00 0.00 0
101851 0.00 0.00 0.00 0
101865 0.00 0.00 0.00 0
101866 0.00 0.00 0.00 0
101867 0.00 0.00 0.00 0
101868 0.00 0.00 0.00 0
102889 0.00 0.00 0.00 0
102890 0.00 0.00 0.00 0
102891 0.00 0.00 0.00 0
102892 0.00 0.00 0.00 0
102900 0.00 0.00 0.00 0
102901 0.00 0.00 0.00 0
102902 0.00 0.00 0.00 0
102903 0.00 0.00 0.00 0
102904 0.00 0.00 0.00 0
102905 0.00 0.00 0.00 0
102906 0.00 0.00 0.00 0
102907 0.00 0.00 0.00 0
102908 0.00 0.00 0.00 0
102916 0.00 0.00 0.00 0
102917 0.00 0.00 0.00 0
102918 0.00 0.00 0.00 0
102919 0.00 0.00 0.00 0
102920 0.00 0.00 0.00 0
102935 0.00 0.00 0.00 0
102945 0.00 0.00 0.00 0
102946 0.00 0.00 0.00 0
102958 0.00 0.00 0.00 0
102968 0.00 0.00 0.00 0
102969 0.00 0.00 0.00 0
102970 0.00 0.00 0.00 0
102971 0.00 0.00 0.00 0
102972 0.00 0.00 0.00 0
102979 0.00 0.00 0.00 0
102989 0.00 0.00 0.00 0
102990 0.00 0.00 0.00 0
102991 0.00 0.00 0.00 0
103005 0.00 0.00 0.00 0
103006 0.00 0.00 0.00 0
103007 0.00 0.00 0.00 0
103008 0.00 0.00 0.00 0
104020 0.00 0.00 0.00 0
104021 0.00 0.00 0.00 0
104024 0.00 0.00 0.00 0
104025 0.00 0.00 0.00 0
104026 0.00 0.00 0.00 0
104027 0.00 0.00 0.00 0
104028 0.00 0.00 0.00 0
104029 0.00 0.00 0.00 0
104030 0.00 0.00 0.00 0
104037 0.00 0.00 0.00 0
104038 0.00 0.00 0.00 0
104039 0.00 0.00 0.00 0
104040 0.00 0.00 0.00 0
104041 0.00 0.00 0.00 0
104042 0.00 0.00 0.00 0
104043 0.00 0.00 0.00 0
104056 0.00 0.00 0.00 0
104069 0.00 0.00 0.00 0
104070 0.00 0.00 0.00 0
104081 0.00 0.00 0.00 0
104082 0.00 0.00 0.00 0
104090 0.00 0.00 0.00 0
104091 0.00 0.00 0.00 0
104092 0.00 0.00 0.00 0
104093 0.00 0.00 0.00 0
104094 0.00 0.00 0.00 0
104101 0.00 0.00 0.00 0
104111 0.00 0.00 0.00 0
104112 0.00 0.00 0.00 0
104113 0.00 0.00 0.00 0
104127 0.00 0.00 0.00 0
104128 0.00 0.00 0.00 0
105070 0.00 0.00 0.00 0
105071 0.00 0.00 0.00 0
105072 0.00 0.00 0.00 0
105073 0.00 0.00 0.00 0
105074 0.00 0.00 0.00 0
105077 0.00 0.00 0.00 0
105078 0.00 0.00 0.00 0
105079 0.00 0.00 0.00 0
105080 0.00 0.00 0.00 0
105081 0.00 0.00 0.00 0
105082 0.00 0.00 0.00 0
105083 0.00 0.00 0.00 0
105084 0.00 0.00 0.00 0
105085 0.00 0.00 0.00 0
105093 0.00 0.00 0.00 0
105094 0.00 0.00 0.00 0
105095 0.00 0.00 0.00 0
105105 0.00 0.00 0.00 0
105106 0.00 0.00 0.00 0
105113 0.00 0.00 0.00 0
105114 0.00 0.00 0.00 0
105124 0.00 0.00 0.00 0
105125 0.00 0.00 0.00 0
105126 0.00 0.00 0.00 0
105127 0.00 0.00 0.00 0
105137 0.00 0.00 0.00 0
105148 0.00 0.00 0.00 0
105149 0.00 0.00 0.00 0
105150 0.00 0.00 0.00 0
105163 0.00 0.00 0.00 0
105164 0.00 0.00 0.00 0
106208 0.00 0.00 0.00 0
106209 0.00 0.00 0.00 0
106210 0.00 0.00 0.00 0
106214 0.00 0.00 0.00 0
106215 0.00 0.00 0.00 0
106216 0.00 0.00 0.00 0
106217 0.00 0.00 0.00 0
106218 0.00 0.00 0.00 0
106219 0.00 0.00 0.00 0
106220 0.00 0.00 0.00 0
106221 0.00 0.00 0.00 0
106222 0.00 0.00 0.00 0
106223 0.00 0.00 0.00 0
106224 0.00 0.00 0.00 0
106227 0.00 0.00 0.00 0
106228 0.00 0.00 0.00 0
106229 0.00 0.00 0.00 0
106230 0.00 0.00 0.00 0
106231 0.00 0.00 0.00 0
106232 0.00 0.00 0.00 0
106236 0.00 0.00 0.00 0
106244 0.00 0.00 0.00 0
106255 0.00 0.00 0.00 0
106256 0.00 0.00 0.00 0
106257 0.00 0.00 0.00 0
106258 0.00 0.00 0.00 0
106266 0.00 0.00 0.00 0
106275 0.00 0.00 0.00 0
106276 0.00 0.00 0.00 0
106277 0.00 0.00 0.00 0
106289 0.00 0.00 0.00 0
106290 0.00 0.00 0.00 0
107286 0.00 0.00 0.00 0
107287 0.00 0.00 0.00 0
107288 0.00 0.00 0.00 0
107292 0.00 0.00 0.00 0
107293 0.00 0.00 0.00 0
107294 0.00 0.00 0.00 0
107295 0.00 0.00 0.00 0
107296 0.00 0.00 0.00 0
107297 0.00 0.00 0.00 0
107298 0.00 0.00 0.00 0
107299 0.00 0.00 0.00 0
107300 0.00 0.00 0.00 0
107305 0.00 0.00 0.00 0
107306 0.00 0.00 0.00 0
107307 0.00 0.00 0.00 0
107308 0.00 0.00 0.00 0
107309 0.00 0.00 0.00 0
107310 0.00 0.00 0.00 0
107311 0.00 0.00 0.00 0
107320 0.00 0.00 0.00 0
107329 0.00 0.00 0.00 0
107334 0.00 0.00 0.00 0
107335 0.00 0.00 0.00 0
107336 0.00 0.00 0.00 0
107337 0.00 0.00 0.00 0
107343 0.00 0.00 0.00 0
107349 0.00 0.00 0.00 0
107350 0.00 0.00 0.00 0
107351 0.00 0.00 0.00 0
107369 0.00 0.00 0.00 0
107370 0.00 0.00 0.00 0
107371 0.00 0.00 0.00 0
108310 0.00 0.00 0.00 0
108311 0.00 0.00 0.00 0
108312 0.00 0.00 0.00 0
108320 0.00 0.00 0.00 0
108321 0.00 0.00 0.00 0
108322 0.00 0.00 0.00 0
108323 0.00 0.00 0.00 0
108324 0.00 0.00 0.00 0
108325 0.00 0.00 0.00 0
108326 0.00 0.00 0.00 0
108327 0.00 0.00 0.00 0
108338 0.00 0.00 0.00 0
108339 0.00 0.00 0.00 0
108340 0.00 0.00 0.00 0
108341 0.00 0.00 0.00 0
108342 0.00 0.00 0.00 0
108343 0.00 0.00 0.00 0
108352 0.00 0.00 0.00 0
108356 0.00 0.00 0.00 0
108361 0.00 0.00 0.00 0
108362 0.00 0.00 0.00 0
108363 0.00 0.00 0.00 0
108364 0.00 0.00 0.00 0
108371 0.00 0.00 0.00 0
108383 0.00 0.00 0.00 0
108384 0.00 0.00 0.00 0
108401 0.00 0.00 0.00 0
108402 0.00 0.00 0.00 0
108403 0.00 0.00 0.00 0
109300 0.00 0.00 0.00 0
109301 0.00 0.00 0.00 0
109302 0.00 0.00 0.00 0
109303 0.00 0.00 0.00 0
109304 0.00 0.00 0.00 0
109305 0.00 0.00 0.00 0
109314 0.00 0.00 0.00 0
109315 0.00 0.00 0.00 0
109316 0.00 0.00 0.00 0
109317 0.00 0.00 0.00 0
109318 0.00 0.00 0.00 0
109319 0.00 0.00 0.00 0
109322 0.00 0.00 0.00 0
109326 0.00 0.00 0.00 0
109333 0.00 0.00 0.00 0
109334 0.00 0.00 0.00 0
109335 0.00 0.00 0.00 0
109336 0.00 0.00 0.00 0
109345 0.00 0.00 0.00 0
109346 0.00 0.00 0.00 0
109359 0.00 0.00 0.00 0
109360 0.00 0.00 0.00 0
109361 0.00 0.00 0.00 0
109372 0.00 0.00 0.00 0
109373 0.00 0.00 0.00 0
109374 0.00 0.00 0.00 0
109375 0.00 0.00 0.00 0
109376 0.00 0.00 0.00 0
110353 0.00 0.00 0.00 0
110354 0.00 0.00 0.00 0
110355 0.00 0.00 0.00 0
110356 0.00 0.00 0.00 0
110357 0.00 0.00 0.00 0
110358 0.00 0.00 0.00 0
110364 0.00 0.00 0.00 0
110365 0.00 0.00 0.00 0
110366 0.00 0.00 0.00 0
110367 0.00 0.00 0.00 0
110368 0.00 0.00 0.00 0
110369 0.00 0.00 0.00 0
110373 0.00 0.00 0.00 0
110379 0.00 0.00 0.00 0
110385 0.00 0.00 0.00 0
110386 0.00 0.00 0.00 0
110387 0.00 0.00 0.00 0
110388 0.00 0.00 0.00 0
110399 0.00 0.00 0.00 0
110400 0.00 0.00 0.00 0
110411 0.00 0.00 0.00 0
110412 0.00 0.00 0.00 0
110418 0.00 0.00 0.00 0
110419 0.00 0.00 0.00 0
110420 0.00 0.00 0.00 0
110421 0.00 0.00 0.00 0
110422 0.00 0.00 0.00 0
111396 0.00 0.00 0.00 0
111397 0.00 0.00 0.00 0
111398 0.00 0.00 0.00 0
111399 0.00 0.00 0.00 0
111400 0.00 0.00 0.00 0
111401 0.00 0.00 0.00 0
111406 0.00 0.00 0.00 0
111407 0.00 0.00 0.00 0
111408 0.00 0.00 0.00 0
111409 0.00 0.00 0.00 0
111410 0.00 0.00 0.00 0
111411 0.00 0.00 0.00 0
111416 0.00 0.00 0.00 0
111422 0.00 0.00 0.00 0
111426 0.00 0.00 0.00 0
111427 0.00 0.00 0.00 0
111428 0.00 0.00 0.00 0
111429 0.00 0.00 0.00 0
111442 0.00 0.00 0.00 0
111443 0.00 0.00 0.00 0
111450 0.00 0.00 0.00 0
111451 0.00 0.00 0.00 0
111457 0.00 0.00 0.00 0
111458 0.00 0.00 0.00 0
111459 0.00 0.00 0.00 0
111460 0.00 0.00 0.00 0
111461 0.00 0.00 0.00 0
112461 0.00 0.00 0.00 0
112462 0.00 0.00 0.00 0
112463 0.00 0.00 0.00 0
112464 0.00 0.00 0.00 0
112465 0.00 0.00 0.00 0
112466 0.00 0.00 0.00 0
112472 0.00 0.00 0.00 0
112473 0.00 0.00 0.00 0
112474 0.00 0.00 0.00 0
112475 0.00 0.00 0.00 0
112476 0.00 0.00 0.00 0
112477 0.00 0.00 0.00 0
112478 0.00 0.00 0.00 0
112479 0.00 0.00 0.00 0
112485 0.00 0.00 0.00 0
112490 0.00 0.00 0.00 0
112494 0.00 0.00 0.00 0
112495 0.00 0.00 0.00 0
112496 0.00 0.00 0.00 0
112497 0.00 0.00 0.00 0
112512 0.00 0.00 0.00 0
112513 0.00 0.00 0.00 0
112519 0.00 0.00 0.00 0
112520 0.00 0.00 0.00 0
112527 0.00 0.00 0.00 0
112528 0.00 0.00 0.00 0
112529 0.00 0.00 0.00 0
112530 0.00 0.00 0.00 0
113596 0.00 0.00 0.00 0
113597 0.00 0.00 0.00 0
113598 0.00 0.00 0.00 0
113599 0.00 0.00 0.00 0
113611 0.00 0.00 0.00 0
113612 0.00 0.00 0.00 0
113613 0.00 0.00 0.00 0
113614 0.00 0.00 0.00 0
113615 0.00 0.00 0.00 0
113616 0.00 0.00 0.00 0
113617 0.00 0.00 0.00 0
113618 0.00 0.00 0.00 0
113619 0.00 0.00 0.00 0
113627 0.00 0.00 0.00 0
113628 0.00 0.00 0.00 0
113629 0.00 0.00 0.00 0
113630 0.00 0.00 0.00 0
113633 0.00 0.00 0.00 0
113636 0.00 0.00 0.00 0
113637 0.00 0.00 0.00 0
113638 0.00 0.00 0.00 0
113639 0.00 0.00 0.00 0
113652 0.00 0.00 0.00 0
113653 0.00 0.00 0.00 0
113654 0.00 0.00 0.00 0
113655 0.00 0.00 0.00 0
113662 0.00 0.00 0.00 0
113663 0.00 0.00 0.00 0
113669 0.00 0.00 0.00 0
113670 0.00 0.00 0.00 0
113671 0.00 0.00 0.00 0
113672 0.00 0.00 0.00 0
113673 0.00 0.00 0.00 0
113680 0.00 0.00 0.00 0
114691 0.00 0.00 0.00 0
114692 0.00 0.00 0.00 0
114693 0.00 0.00 0.00 0
114694 0.00 0.00 0.00 0
114695 0.00 0.00 0.00 0
114696 0.00 0.00 0.00 0
114697 0.00 0.00 0.00 0
114698 0.00 0.00 0.00 0
114713 0.00 0.00 0.00 0
114714 0.00 0.00 0.00 0
114715 0.00 0.00 0.00 0
114716 0.00 0.00 0.00 0
114717 0.00 0.00 0.00 0
114726 0.00 0.00 0.00 0
114729 0.00 0.00 0.00 0
114730 0.00 0.00 0.00 0
114742 0.00 0.00 0.00 0
114743 0.00 0.00 0.00 0
114744 0.00 0.00 0.00 0
114745 0.00 0.00 0.00 0
114746 0.00 0.00 0.00 0
114754 0.00 0.00 0.00 0
114755 0.00 0.00 0.00 0
114764 0.00 0.00 0.00 0
114765 0.00 0.00 0.00 0
114766 0.00 0.00 0.00 0
114767 0.00 0.00 0.00 0
114778 0.00 0.00 0.00 0
114779 0.00 0.00 0.00 0
114780 0.00 0.00 0.00 0
115725 0.00 0.00 0.00 0
115726 0.00 0.00 0.00 0
115727 0.00 0.00 0.00 0
115728 0.00 0.00 0.00 0
115729 0.00 0.00 0.00 0
115730 0.00 0.00 0.00 0
115731 0.00 0.00 0.00 0
115751 0.00 0.00 0.00 0
115752 0.00 0.00 0.00 0
115753 0.00 0.00 0.00 0
115754 0.00 0.00 0.00 0
115755 0.00 0.00 0.00 0
115756 0.00 0.00 0.00 0
115757 0.00 0.00 0.00 0
115758 0.00 0.00 0.00 0
115780 0.00 0.00 0.00 0
115788 0.00 0.00 0.00 0
115796 0.00 0.00 0.00 0
115797 0.00 0.00 0.00 0
115798 0.00 0.00 0.00 0
115799 0.00 0.00 0.00 0
115806 0.00 0.00 0.00 0
115812 0.00 0.00 0.00 0
115813 0.00 0.00 0.00 0
115823 0.00 0.00 0.00 0
115824 0.00 0.00 0.00 0
115825 0.00 0.00 0.00 0
115826 0.00 0.00 0.00 0
115827 0.00 0.00 0.00 0
115833 0.00 0.00 0.00 0
115834 0.00 0.00 0.00 0
116789 0.00 0.00 0.00 0
116790 0.00 0.00 0.00 0
116799 0.00 0.00 0.00 0
116800 0.00 0.00 0.00 0
116801 0.00 0.00 0.00 0
116802 0.00 0.00 0.00 0
116803 0.00 0.00 0.00 0
116804 0.00 0.00 0.00 0
116805 0.00 0.00 0.00 0
116806 0.00 0.00 0.00 0
116807 0.00 0.00 0.00 0
116830 0.00 0.00 0.00 0
116850 0.00 0.00 0.00 0
116856 0.00 0.00 0.00 0
116857 0.00 0.00 0.00 0
116858 0.00 0.00 0.00 0
116859 0.00 0.00 0.00 0
116866 0.00 0.00 0.00 0
116878 0.00 0.00 0.00 0
116887 0.00 0.00 0.00 0
116888 0.00 0.00 0.00 0
116889 0.00 0.00 0.00 0
116890 0.00 0.00 0.00 0
116897 0.00 0.00 0.00 0
116898 0.00 0.00 0.00 0
117820 0.00 0.00 0.00 0
117821 0.00 0.00 0.00 0
117822 0.00 0.00 0.00 0
117823 0.00 0.00 0.00 0
117824 0.00 0.00 0.00 0
117825 0.00 0.00 0.00 0
117826 0.00 0.00 0.00 0
117827 0.00 0.00 0.00 0
117828 0.00 0.00 0.00 0
117843 0.00 0.00 0.00 0
117864 0.00 0.00 0.00 0
117868 0.00 0.00 0.00 0
117869 0.00 0.00 0.00 0
117870 0.00 0.00 0.00 0
117871 0.00 0.00 0.00 0
117881 0.00 0.00 0.00 0
117882 0.00 0.00 0.00 0
117883 0.00 0.00 0.00 0
117896 0.00 0.00 0.00 0
117900 0.00 0.00 0.00 0
117901 0.00 0.00 0.00 0
117902 0.00 0.00 0.00 0
117905 0.00 0.00 0.00 0
117906 0.00 0.00 0.00 0
117907 0.00 0.00 0.00 0
117908 0.00 0.00 0.00 0
117913 0.00 0.00 0.00 0
117914 0.00 0.00 0.00 0
118818 0.00 0.00 0.00 0
118819 0.00 0.00 0.00 0
118820 0.00 0.00 0.00 0
118821 0.00 0.00 0.00 0
118822 0.00 0.00 0.00 0
118823 0.00 0.00 0.00 0
118824 0.00 0.00 0.00 0
118825 0.00 0.00 0.00 0
118826 0.00 0.00 0.00 0
118843 0.00 0.00 0.00 0
118844 0.00 0.00 0.00 0
118845 0.00 0.00 0.00 0
118846 0.00 0.00 0.00 0
118847 0.00 0.00 0.00 0
118866 0.00 0.00 0.00 0
118867 0.00 0.00 0.00 0
118871 0.00 0.00 0.00 0
118872 0.00 0.00 0.00 0
118885 0.00 0.00 0.00 0
118886 0.00 0.00 0.00 0
118887 0.00 0.00 0.00 0
118888 0.00 0.00 0.00 0
118897 0.00 0.00 0.00 0
118900 0.00 0.00 0.00 0
118901 0.00 0.00 0.00 0
118904 0.00 0.00 0.00 0
118905 0.00 0.00 0.00 0
118906 0.00 0.00 0.00 0
118912 0.00 0.00 0.00 0
118913 0.00 0.00 0.00 0
119772 0.00 0.00 0.00 0
119773 0.00 0.00 0.00 0
119774 0.00 0.00 0.00 0
119775 0.00 0.00 0.00 0
119776 0.00 0.00 0.00 0
119777 0.00 0.00 0.00 0
119778 0.00 0.00 0.00 0
119779 0.00 0.00 0.00 0
119799 0.00 0.00 0.00 0
119800 0.00 0.00 0.00 0
119801 0.00 0.00 0.00 0
119802 0.00 0.00 0.00 0
119803 0.00 0.00 0.00 0
119804 0.00 0.00 0.00 0
119805 0.00 0.00 0.00 0
119806 0.00 0.00 0.00 0
119807 0.00 0.00 0.00 0
119818 0.00 0.00 0.00 0
119819 0.00 0.00 0.00 0
119823 0.00 0.00 0.00 0
119824 0.00 0.00 0.00 0
119836 0.00 0.00 0.00 0
119837 0.00 0.00 0.00 0
119838 0.00 0.00 0.00 0
119839 0.00 0.00 0.00 0
119847 0.00 0.00 0.00 0
119851 0.00 0.00 0.00 0
119852 0.00 0.00 0.00 0
119855 0.00 0.00 0.00 0
119856 0.00 0.00 0.00 0
119857 0.00 0.00 0.00 0
119861 0.00 0.00 0.00 0
119862 0.00 0.00 0.00 0
119863 0.00 0.00 0.00 0
120730 0.00 0.00 0.00 0
120731 0.00 0.00 0.00 0
120744 0.00 0.00 0.00 0
120745 0.00 0.00 0.00 0
120746 0.00 0.00 0.00 0
120747 0.00 0.00 0.00 0
120748 0.00 0.00 0.00 0
120749 0.00 0.00 0.00 0
120750 0.00 0.00 0.00 0
120751 0.00 0.00 0.00 0
120752 0.00 0.00 0.00 0
120758 0.00 0.00 0.00 0
120759 0.00 0.00 0.00 0
120760 0.00 0.00 0.00 0
120761 0.00 0.00 0.00 0
120765 0.00 0.00 0.00 0
120766 0.00 0.00 0.00 0
120778 0.00 0.00 0.00 0
120779 0.00 0.00 0.00 0
120780 0.00 0.00 0.00 0
120781 0.00 0.00 0.00 0
120788 0.00 0.00 0.00 0
120789 0.00 0.00 0.00 0
120793 0.00 0.00 0.00 0
120795 0.00 0.00 0.00 0
120796 0.00 0.00 0.00 0
120797 0.00 0.00 0.00 0
120805 0.00 0.00 0.00 0
120806 0.00 0.00 0.00 0
120807 0.00 0.00 0.00 0
121687 0.00 0.00 0.00 0
121688 0.00 0.00 0.00 0
121696 0.00 0.00 0.00 0
121697 0.00 0.00 0.00 0
121698 0.00 0.00 0.00 0
121699 0.00 0.00 0.00 0
121700 0.00 0.00 0.00 0
121701 0.00 0.00 0.00 0
121702 0.00 0.00 0.00 0
121703 0.00 0.00 0.00 0
121704 0.00 0.00 0.00 0
121713 0.00 0.00 0.00 0
121714 0.00 0.00 0.00 0
121715 0.00 0.00 0.00 0
121716 0.00 0.00 0.00 0
121717 0.00 0.00 0.00 0
121718 0.00 0.00 0.00 0
121719 0.00 0.00 0.00 0
121720 0.00 0.00 0.00 0
121721 0.00 0.00 0.00 0
121735 0.00 0.00 0.00 0
121736 0.00 0.00 0.00 0
121750 0.00 0.00 0.00 0
121751 0.00 0.00 0.00 0
121752 0.00 0.00 0.00 0
121753 0.00 0.00 0.00 0
121759 0.00 0.00 0.00 0
121760 0.00 0.00 0.00 0
121764 0.00 0.00 0.00 0
121768 0.00 0.00 0.00 0
121769 0.00 0.00 0.00 0
121770 0.00 0.00 0.00 0
121780 0.00 0.00 0.00 0
121781 0.00 0.00 0.00 0
121782 0.00 0.00 0.00 0
122690 0.00 0.00 0.00 0
122704 0.00 0.00 0.00 0
122705 0.00 0.00 0.00 0
122721 0.00 0.00 0.00 0
122722 0.00 0.00 0.00 0
122723 0.00 0.00 0.00 0
122724 0.00 0.00 0.00 0
122725 0.00 0.00 0.00 0
122726 0.00 0.00 0.00 0
122727 0.00 0.00 0.00 0
122728 0.00 0.00 0.00 0
122729 0.00 0.00 0.00 0
122741 0.00 0.00 0.00 0
122745 0.00 0.00 0.00 0
122746 0.00 0.00 0.00 0
122747 0.00 0.00 0.00 0
122748 0.00 0.00 0.00 0
122751 0.00 0.00 0.00 0
122752 0.00 0.00 0.00 0
122753 0.00 0.00 0.00 0
122756 0.00 0.00 0.00 0
122762 0.00 0.00 0.00 0
122763 0.00 0.00 0.00 0
122764 0.00 0.00 0.00 0
122777 0.00 0.00 0.00 0
122778 0.00 0.00 0.00 0
122779 0.00 0.00 0.00 0
122780 0.00 0.00 0.00 0
122795 0.00 0.00 0.00 0
123785 0.00 0.00 0.00 0
123786 0.00 0.00 0.00 0
123791 0.00 0.00 0.00 0
123792 0.00 0.00 0.00 0
123793 0.00 0.00 0.00 0
123794 0.00 0.00 0.00 0
123795 0.00 0.00 0.00 0
123796 0.00 0.00 0.00 0
123797 0.00 0.00 0.00 0
123798 0.00 0.00 0.00 0
123799 0.00 0.00 0.00 0
123800 0.00 0.00 0.00 0
123803 0.00 0.00 0.00 0
123804 0.00 0.00 0.00 0
123805 0.00 0.00 0.00 0
123806 0.00 0.00 0.00 0
123808 0.00 0.00 0.00 0
123809 0.00 0.00 0.00 0
123810 0.00 0.00 0.00 0
123812 0.00 0.00 0.00 0
123813 0.00 0.00 0.00 0
123814 0.00 0.00 0.00 0
123815 0.00 0.00 0.00 0
123816 0.00 0.00 0.00 0
123818 0.00 0.00 0.00 0
123826 0.00 0.00 0.00 0
123827 0.00 0.00 0.00 0
123838 0.00 0.00 0.00 0
123839 0.00 0.00 0.00 0
123840 0.00 0.00 0.00 0
123841 0.00 0.00 0.00 0
124747 0.00 0.00 0.00 0
124750 0.00 0.00 0.00 0
124751 0.00 0.00 0.00 0
124752 0.00 0.00 0.00 0
124753 0.00 0.00 0.00 0
124754 0.00 0.00 0.00 0
124755 0.00 0.00 0.00 0
124756 0.00 0.00 0.00 0
124757 0.00 0.00 0.00 0
124758 0.00 0.00 0.00 0
124761 0.00 0.00 0.00 0
124762 0.00 0.00 0.00 0
124763 0.00 0.00 0.00 0
124764 0.00 0.00 0.00 0
124765 0.00 0.00 0.00 0
124766 0.00 0.00 0.00 0
124767 0.00 0.00 0.00 0
124768 0.00 0.00 0.00 0
124769 0.00 0.00 0.00 0
124772 0.00 0.00 0.00 0
124774 0.00 0.00 0.00 0
124775 0.00 0.00 0.00 0
124776 0.00 0.00 0.00 0
124777 0.00 0.00 0.00 0
124778 0.00 0.00 0.00 0
124784 0.00 0.00 0.00 0
124785 0.00 0.00 0.00 0
124795 0.00 0.00 0.00 0
124796 0.00 0.00 0.00 0
124807 0.00 0.00 0.00 0
124808 0.00 0.00 0.00 0
124809 0.00 0.00 0.00 0
124810 0.00 0.00 0.00 0
124829 0.00 0.00 0.00 0
124830 0.00 0.00 0.00 0
125662 0.00 0.00 0.00 0
125663 0.00 0.00 0.00 0
125666 0.00 0.00 0.00 0
125667 0.00 0.00 0.00 0
125668 0.00 0.00 0.00 0
125669 0.00 0.00 0.00 0
125670 0.00 0.00 0.00 0
125671 0.00 0.00 0.00 0
125672 0.00 0.00 0.00 0
125673 0.00 0.00 0.00 0
125674 0.00 0.00 0.00 0
125677 0.00 0.00 0.00 0
125680 0.00 0.00 0.00 0
125681 0.00 0.00 0.00 0
125682 0.00 0.00 0.00 0
125683 0.00 0.00 0.00 0
125693 0.00 0.00 0.00 0
125694 0.00 0.00 0.00 0
125695 0.00 0.00 0.00 0
125710 0.00 0.00 0.00 0
125711 0.00 0.00 0.00 0
125728 0.00 0.00 0.00 0
125729 0.00 0.00 0.00 0
125730 0.00 0.00 0.00 0
125731 0.00 0.00 0.00 0
125750 0.00 0.00 0.00 0
126574 0.00 0.00 0.00 0
126577 0.00 0.00 0.00 0
126578 0.00 0.00 0.00 0
126583 0.00 0.00 0.00 0
126584 0.00 0.00 0.00 0
126585 0.00 0.00 0.00 0
126586 0.00 0.00 0.00 0
126587 0.00 0.00 0.00 0
126588 0.00 0.00 0.00 0
126589 0.00 0.00 0.00 0
126590 0.00 0.00 0.00 0
126591 0.00 0.00 0.00 0
126600 0.00 0.00 0.00 0
126613 0.00 0.00 0.00 0
126614 0.00 0.00 0.00 0
126615 0.00 0.00 0.00 0
126635 0.00 0.00 0.00 0
126636 0.00 0.00 0.00 0
126637 0.00 0.00 0.00 0
126638 0.00 0.00 0.00 0
126655 0.00 0.00 0.00 0
126656 0.00 0.00 0.00 0
126665 0.00 0.00 0.00 0
126666 0.00 0.00 0.00 0
126667 0.00 0.00 0.00 0
126668 0.00 0.00 0.00 0
126675 0.00 0.00 0.00 0
126676 0.00 0.00 0.00 0
126677 0.00 0.00 0.00 0
127489 0.00 0.00 0.00 0
127490 0.00 0.00 0.00 0
127496 0.00 0.00 0.00 0
127497 0.00 0.00 0.00 0
127505 0.00 0.00 0.00 0
127506 0.00 0.00 0.00 0
127507 0.00 0.00 0.00 0
127508 0.00 0.00 0.00 0
127509 0.00 0.00 0.00 0
127510 0.00 0.00 0.00 0
127511 0.00 0.00 0.00 0
127512 0.00 0.00 0.00 0
127513 0.00 0.00 0.00 0
127523 0.00 0.00 0.00 0
127524 0.00 0.00 0.00 0
127525 0.00 0.00 0.00 0
127526 0.00 0.00 0.00 0
127527 0.00 0.00 0.00 0
127538 0.00 0.00 0.00 0
127539 0.00 0.00 0.00 0
127550 0.00 0.00 0.00 0
127551 0.00 0.00 0.00 0
127552 0.00 0.00 0.00 0
127553 0.00 0.00 0.00 0
127564 0.00 0.00 0.00 0
127565 0.00 0.00 0.00 0
127567 0.00 0.00 0.00 0
127568 0.00 0.00 0.00 0
127569 0.00 0.00 0.00 0
127573 0.00 0.00 0.00 0
127574 0.00 0.00 0.00 0
127575 0.00 0.00 0.00 0
127576 0.00 0.00 0.00 0
128378 0.00 0.00 0.00 0
128379 0.00 0.00 0.00 0
128385 0.00 0.00 0.00 0
128386 0.00 0.00 0.00 0
128392 0.00 0.00 0.00 0
128393 0.00 0.00 0.00 0
128402 0.00 0.00 0.00 0
128403 0.00 0.00 0.00 0
128404 0.00 0.00 0.00 0
128405 0.00 0.00 0.00 0
128406 0.00 0.00 0.00 0
128407 0.00 0.00 0.00 0
128408 0.00 0.00 0.00 0
128419 0.00 0.00 0.00 0
128420 0.00 0.00 0.00 0
128421 0.00 0.00 0.00 0
128422 0.00 0.00 0.00 0
128423 0.00 0.00 0.00 0
128424 0.00 0.00 0.00 0
128425 0.00 0.00 0.00 0
128426 0.00 0.00 0.00 0
128436 0.00 0.00 0.00 0
128444 0.00 0.00 0.00 0
128445 0.00 0.00 0.00 0
128446 0.00 0.00 0.00 0
128447 0.00 0.00 0.00 0
128459 0.00 0.00 0.00 0
128460 0.00 0.00 0.00 0
128461 0.00 0.00 0.00 0
128468 0.00 0.00 0.00 0
128469 0.00 0.00 0.00 0
128473 0.00 0.00 0.00 0
128474 0.00 0.00 0.00 0
128475 0.00 0.00 0.00 0
128476 0.00 0.00 0.00 0
129303 0.00 0.00 0.00 0
129304 0.00 0.00 0.00 0
129313 0.00 0.00 0.00 0
129314 0.00 0.00 0.00 0
129315 0.00 0.00 0.00 0
129319 0.00 0.00 0.00 0
129320 0.00 0.00 0.00 0
129325 0.00 0.00 0.00 0
129330 0.00 0.00 0.00 0
129331 0.00 0.00 0.00 0
129341 0.00 0.00 0.00 0
129342 0.00 0.00 0.00 0
129343 0.00 0.00 0.00 0
129344 0.00 0.00 0.00 0
129345 0.00 0.00 0.00 0
129346 0.00 0.00 0.00 0
129347 0.00 0.00 0.00 0
129348 0.00 0.00 0.00 0
129349 0.00 0.00 0.00 0
129361 0.00 0.00 0.00 0
129362 0.00 0.00 0.00 0
129363 0.00 0.00 0.00 0
129364 0.00 0.00 0.00 0
129365 0.00 0.00 0.00 0
129366 0.00 0.00 0.00 0
129367 0.00 0.00 0.00 0
129381 0.00 0.00 0.00 0
129382 0.00 0.00 0.00 0
129383 0.00 0.00 0.00 0
129400 0.00 0.00 0.00 0
129401 0.00 0.00 0.00 0
129402 0.00 0.00 0.00 0
129403 0.00 0.00 0.00 0
129420 0.00 0.00 0.00 0
129421 0.00 0.00 0.00 0
129434 0.00 0.00 0.00 0
129435 0.00 0.00 0.00 0
129436 0.00 0.00 0.00 0
129437 0.00 0.00 0.00 0
130199 0.00 0.00 0.00 0
130200 0.00 0.00 0.00 0
130201 0.00 0.00 0.00 0
130212 0.00 0.00 0.00 0
130213 0.00 0.00 0.00 0
130214 0.00 0.00 0.00 0
130224 0.00 0.00 0.00 0
130225 0.00 0.00 0.00 0
130232 0.00 0.00 0.00 0
130236 0.00 0.00 0.00 0
130240 0.00 0.00 0.00 0
130241 0.00 0.00 0.00 0
130242 0.00 0.00 0.00 0
130243 0.00 0.00 0.00 0
130244 0.00 0.00 0.00 0
130247 0.00 0.00 0.00 0
130248 0.00 0.00 0.00 0
130249 0.00 0.00 0.00 0
130250 0.00 0.00 0.00 0
130251 0.00 0.00 0.00 0
130252 0.00 0.00 0.00 0
130253 0.00 0.00 0.00 0
130254 0.00 0.00 0.00 0
130262 0.00 0.00 0.00 0
130263 0.00 0.00 0.00 0
130273 0.00 0.00 0.00 0
130274 0.00 0.00 0.00 0
130275 0.00 0.00 0.00 0
130276 0.00 0.00 0.00 0
130287 0.00 0.00 0.00 0
130294 0.00 0.00 0.00 0
130295 0.00 0.00 0.00 0
130296 0.00 0.00 0.00 0
130297 0.00 0.00 0.00 0
130312 0.00 0.00 0.00 0
130313 0.00 0.00 0.00 0
130314 0.00 0.00 0.00 0
130315 0.00 0.00 0.00 0
131059 0.00 0.00 0.00 0
131060 0.00 0.00 0.00 0
131061 0.00 0.00 0.00 0
131067 0.00 0.00 0.00 0
131068 0.00 0.00 0.00 0
131069 0.00 0.00 0.00 0
131070 0.00 0.00 0.00 0
131079 0.00 0.00 0.00 0
131080 0.00 0.00 0.00 0
131081 0.00 0.00 0.00 0
131090 0.00 0.00 0.00 0
131091 0.00 0.00 0.00 0
131099 0.00 0.00 0.00 0
131103 0.00 0.00 0.00 0
131104 0.00 0.00 0.00 0
131107 0.00 0.00 0.00 0
131108 0.00 0.00 0.00 0
131109 0.00 0.00 0.00 0
131110 0.00 0.00 0.00 0
131111 0.00 0.00 0.00 0
131112 0.00 0.00 0.00 0
131113 0.00 0.00 0.00 0
131114 0.00 0.00 0.00 0
131117 0.00 0.00 0.00 0
131123 0.00 0.00 0.00 0
131124 0.00 0.00 0.00 0
131125 0.00 0.00 0.00 0
131126 0.00 0.00 0.00 0
131133 0.00 0.00 0.00 0
131134 0.00 0.00 0.00 0
131135 0.00 0.00 0.00 0
131137 0.00 0.00 0.00 0
131138 0.00 0.00 0.00 0
131147 0.00 0.00 0.00 0
131148 0.00 0.00 0.00 0
131149 0.00 0.00 0.00 0
131150 0.00 0.00 0.00 0
131151 0.00 0.00 0.00 0
131865 0.00 0.00 0.00 0
131866 0.00 0.00 0.00 0
131867 0.00 0.00 0.00 0
131873 0.00 0.00 0.00 0
131874 0.00 0.00 0.00 0
131875 0.00 0.00 0.00 0
131876 0.00 0.00 0.00 0
131883 0.00 0.00 0.00 0
131884 0.00 0.00 0.00 0
131885 0.00 0.00 0.00 0
131892 0.00 0.00 0.00 0
131893 0.00 0.00 0.00 0
131902 0.00 0.00 0.00 0
131909 0.00 0.00 0.00 0
131910 0.00 0.00 0.00 0
131913 0.00 0.00 0.00 0
131914 0.00 0.00 0.00 0
131915 0.00 0.00 0.00 0
131916 0.00 0.00 0.00 0
131917 0.00 0.00 0.00 0
131918 0.00 0.00 0.00 0
131919 0.00 0.00 0.00 0
131920 0.00 0.00 0.00 0
131921 0.00 0.00 0.00 0
131923 0.00 0.00 0.00 0
131924 0.00 0.00 0.00 0
131925 0.00 0.00 0.00 0
131926 0.00 0.00 0.00 0
131929 0.00 0.00 0.00 0
131930 0.00 0.00 0.00 0
131931 0.00 0.00 0.00 0
131938 0.00 0.00 0.00 0
131939 0.00 0.00 0.00 0
131940 0.00 0.00 0.00 0
131941 0.00 0.00 0.00 0
131943 0.00 0.00 0.00 0
131947 0.00 0.00 0.00 0
131948 0.00 0.00 0.00 0
131949 0.00 0.00 0.00 0
131950 0.00 0.00 0.00 0
132643 0.00 0.00 0.00 0
132644 0.00 0.00 0.00 0
132658 0.00 0.00 0.00 0
132659 0.00 0.00 0.00 0
132660 0.00 0.00 0.00 0
132661 0.00 0.00 0.00 0
132669 0.00 0.00 0.00 0
132670 0.00 0.00 0.00 0
132671 0.00 0.00 0.00 0
132672 0.00 0.00 0.00 0
132679 0.00 0.00 0.00 0
132680 0.00 0.00 0.00 0
132681 0.00 0.00 0.00 0
132689 0.00 0.00 0.00 0
132690 0.00 0.00 0.00 0
132701 0.00 0.00 0.00 0
132709 0.00 0.00 0.00 0
132710 0.00 0.00 0.00 0
132711 0.00 0.00 0.00 0
132712 0.00 0.00 0.00 0
132713 0.00 0.00 0.00 0
132714 0.00 0.00 0.00 0
132715 0.00 0.00 0.00 0
132716 0.00 0.00 0.00 0
132719 0.00 0.00 0.00 0
132720 0.00 0.00 0.00 0
132721 0.00 0.00 0.00 0
132722 0.00 0.00 0.00 0
132723 0.00 0.00 0.00 0
132724 0.00 0.00 0.00 0
132725 0.00 0.00 0.00 0
132728 0.00 0.00 0.00 0
132729 0.00 0.00 0.00 0
132736 0.00 0.00 0.00 0
132737 0.00 0.00 0.00 0
132738 0.00 0.00 0.00 0
132739 0.00 0.00 0.00 0
132743 0.00 0.00 0.00 0
132744 0.00 0.00 0.00 0
132748 0.00 0.00 0.00 0
132749 0.00 0.00 0.00 0
132750 0.00 0.00 0.00 0
132751 0.00 0.00 0.00 0
132759 0.00 0.00 0.00 0
132760 0.00 0.00 0.00 0
132761 0.00 0.00 0.00 0
133461 0.00 0.00 0.00 0
133483 0.00 0.00 0.00 0
133484 0.00 0.00 0.00 0
133485 0.00 0.00 0.00 0
133500 0.00 0.00 0.00 0
133501 0.00 0.00 0.00 0
133502 0.00 0.00 0.00 0
133503 0.00 0.00 0.00 0
133513 0.00 0.00 0.00 0
133514 0.00 0.00 0.00 0
133515 0.00 0.00 0.00 0
133522 0.00 0.00 0.00 0
133523 0.00 0.00 0.00 0
133532 0.00 0.00 0.00 0
133533 0.00 0.00 0.00 0
133543 0.00 0.00 0.00 0
133544 0.00 0.00 0.00 0
133545 0.00 0.00 0.00 0
133546 0.00 0.00 0.00 0
133547 0.00 0.00 0.00 0
133550 0.00 0.00 0.00 0
133551 0.00 0.00 0.00 0
133552 0.00 0.00 0.00 0
133553 0.00 0.00 0.00 0
133554 0.00 0.00 0.00 0
133555 0.00 0.00 0.00 0
133556 0.00 0.00 0.00 0
133557 0.00 0.00 0.00 0
133560 0.00 0.00 0.00 0
133561 0.00 0.00 0.00 0
133570 0.00 0.00 0.00 0
133571 0.00 0.00 0.00 0
133572 0.00 0.00 0.00 0
133576 0.00 0.00 0.00 0
133577 0.00 0.00 0.00 0
133578 0.00 0.00 0.00 0
133583 0.00 0.00 0.00 0
133584 0.00 0.00 0.00 0
133587 0.00 0.00 0.00 0
133588 0.00 0.00 0.00 0
133589 0.00 0.00 0.00 0
133590 0.00 0.00 0.00 0
133599 0.00 0.00 0.00 0
133600 0.00 0.00 0.00 0
133601 0.00 0.00 0.00 0
134310 0.00 0.00 0.00 0
134311 0.00 0.00 0.00 0
134337 0.00 0.00 0.00 0
134338 0.00 0.00 0.00 0
134339 0.00 0.00 0.00 0
134340 0.00 0.00 0.00 0
134357 0.00 0.00 0.00 0
134358 0.00 0.00 0.00 0
134359 0.00 0.00 0.00 0
134372 0.00 0.00 0.00 0
134373 0.00 0.00 0.00 0
134384 0.00 0.00 0.00 0
134385 0.00 0.00 0.00 0
134398 0.00 0.00 0.00 0
134399 0.00 0.00 0.00 0
134409 0.00 0.00 0.00 0
134410 0.00 0.00 0.00 0
134411 0.00 0.00 0.00 0
134412 0.00 0.00 0.00 0
134413 0.00 0.00 0.00 0
134414 0.00 0.00 0.00 0
134415 0.00 0.00 0.00 0
134426 0.00 0.00 0.00 0
134427 0.00 0.00 0.00 0
134428 0.00 0.00 0.00 0
134429 0.00 0.00 0.00 0
134430 0.00 0.00 0.00 0
134431 0.00 0.00 0.00 0
134441 0.00 0.00 0.00 0
134442 0.00 0.00 0.00 0
134449 0.00 0.00 0.00 0
134450 0.00 0.00 0.00 0
134451 0.00 0.00 0.00 0
134457 0.00 0.00 0.00 0
134458 0.00 0.00 0.00 0
134470 0.00 0.00 0.00 0
134471 0.00 0.00 0.00 0
134472 0.00 0.00 0.00 0
134486 0.00 0.00 0.00 0
134487 0.00 0.00 0.00 0
135211 0.00 0.00 0.00 0
135212 0.00 0.00 0.00 0
135213 0.00 0.00 0.00 0
135233 0.00 0.00 0.00 0
135234 0.00 0.00 0.00 0
135235 0.00 0.00 0.00 0
135250 0.00 0.00 0.00 0
135251 0.00 0.00 0.00 0
135265 0.00 0.00 0.00 0
135280 0.00 0.00 0.00 0
135296 0.00 0.00 0.00 0
135297 0.00 0.00 0.00 0
135308 0.00 0.00 0.00 0
135309 0.00 0.00 0.00 0
135310 0.00 0.00 0.00 0
135311 0.00 0.00 0.00 0
135312 0.00 0.00 0.00 0
135313 0.00 0.00 0.00 0
135318 0.00 0.00 0.00 0
135319 0.00 0.00 0.00 0
135327 0.00 0.00 0.00 0
135328 0.00 0.00 0.00 0
135332 0.00 0.00 0.00 0
135357 0.00 0.00 0.00 0
136016 0.00 0.00 0.00 0
136017 0.00 0.00 0.00 0
136035 0.00 0.00 0.00 0
136036 0.00 0.00 0.00 0
136037 0.00 0.00 0.00 0
136052 0.00 0.00 0.00 0
136053 0.00 0.00 0.00 0
136054 0.00 0.00 0.00 0
136067 0.00 0.00 0.00 0
136068 0.00 0.00 0.00 0
136082 0.00 0.00 0.00 0
136095 0.00 0.00 0.00 0
136096 0.00 0.00 0.00 0
136101 0.00 0.00 0.00 0
136102 0.00 0.00 0.00 0
136103 0.00 0.00 0.00 0
136113 0.00 0.00 0.00 0
136114 0.00 0.00 0.00 0
136124 0.00 0.00 0.00 0
136751 0.00 0.00 0.00 0
136767 0.00 0.00 0.00 0
136768 0.00 0.00 0.00 0
136781 0.00 0.00 0.00 0
136782 0.00 0.00 0.00 0
136783 0.00 0.00 0.00 0
136795 0.00 0.00 0.00 0
