# cuneus
2545
26 0.00 0.00 0.00 0
33 0.00 0.00 0.00 0
34 0.00 0.00 0.00 0
35 0.00 0.00 0.00 0
43 0.00 0.00 0.00 0
44 0.00 0.00 0.00 0
45 0.00 0.00 0.00 0
54 0.00 0.00 0.00 0
55 0.00 0.00 0.00 0
56 0.00 0.00 0.00 0
65 0.00 0.00 0.00 0
66 0.00 0.00 0.00 0
67 0.00 0.00 0.00 0
75 0.00 0.00 0.00 0
76 0.00 0.00 0.00 0
77 0.00 0.00 0.00 0
78 0.00 0.00 0.00 0
84 0.00 0.00 0.00 0
85 0.00 0.00 0.00 0
86 0.00 0.00 0.00 0
87 0.00 0.00 0.00 0
88 0.00 0.00 0.00 0
89 0.00 0.00 0.00 0
159 0.00 0.00 0.00 0
160 0.00 0.00 0.00 0
161 0.00 0.00 0.00 0
165 0.00 0.00 0.00 0
166 0.00 0.00 0.00 0
167 0.00 0.00 0.00 0
168 0.00 0.00 0.00 0
169 0.00 0.00 0.00 0
170 0.00 0.00 0.00 0
171 0.00 0.00 0.00 0
177 0.00 0.00 0.00 0
178 0.00 0.00 0.00 0
179 0.00 0.00 0.00 0
180 0.00 0.00 0.00 0
181 0.00 0.00 0.00 0
182 0.00 0.00 0.00 0
188 0.00 0.00 0.00 0
189 0.00 0.00 0.00 0
190 0.00 0.00 0.00 0
191 0.00 0.00 0.00 0
192 0.00 0.00 0.00 0
193 0.00 0.00 0.00 0
199 0.00 0.00 0.00 0
200 0.00 0.00 0.00 0
201 0.00 0.00 0.00 0
202 0.00 0.00 0.00 0
203 0.00 0.00 0.00 0
204 0.00 0.00 0.00 0
208 0.00 0.00 0.00 0
209 0.00 0.00 0.00 0
210 0.00 0.00 0.00 0
211 0.00 0.00 0.00 0
212 0.00 0.00 0.00 0
218 0.00 0.00 0.00 0
219 0.00 0.00 0.00 0
220 0.00 0.00 0.00 0
221 0.00 0.00 0.00 0
222 0.00 0.00 0.00 0
223 0.00 0.00 0.00 0
231 0.00 0.00 0.00 0
232 0.00 0.00 0.00 0
233 0.00 0.00 0.00 0
234 0.00 0.00 0.00 0
235 0.00 0.00 0.00 0
237 0.00 0.00 0.00 0
238 0.00 0.00 0.00 0
239 0.00 0.00 0.00 0
240 0.00 0.00 0.00 0
245 0.00 0.00 0.00 0
246 0.00 0.00 0.00 0
470 0.00 0.00 0.00 0
471 0.00 0.00 0.00 0
472 0.00 0.00 0.00 0
481 0.00 0.00 0.00 0
482 0.00 0.00 0.00 0
483 0.00 0.00 0.00 0
484 0.00 0.00 0.00 0
492 0.00 0.00 0.00 0
493 0.00 0.00 0.00 0
494 0.00 0.00 0.00 0
495 0.00 0.00 0.00 0
503 0.00 0.00 0.00 0
504 0.00 0.00 0.00 0
505 0.00 0.00 0.00 0
506 0.00 0.00 0.00 0
507 0.00 0.00 0.00 0
508 0.00 0.00 0.00 0
509 0.00 0.00 0.00 0
515 0.00 0.00 0.00 0
516 0.00 0.00 0.00 0
517 0.00 0.00 0.00 0
518 0.00 0.00 0.00 0
519 0.00 0.00 0.00 0
520 0.00 0.00 0.00 0
527 0.00 0.00 0.00 0
528 0.00 0.00 0.00 0
529 0.00 0.00 0.00 0
530 0.00 0.00 0.00 0
531 0.00 0.00 0.00 0
532 0.00 0.00 0.00 0
533 0.00 0.00 0.00 0
541 0.00 0.00 0.00 0
542 0.00 0.00 0.00 0
543 0.00 0.00 0.00 0
544 0.00 0.00 0.00 0
545 0.00 0.00 0.00 0
546 0.00 0.00 0.00 0
553 0.00 0.00 0.00 0
554 0.00 0.00 0.00 0
555 0.00 0.00 0.00 0
556 0.00 0.00 0.00 0
557 0.00 0.00 0.00 0
564 0.00 0.00 0.00 0
565 0.00 0.00 0.00 0
566 0.00 0.00 0.00 0
567 0.00 0.00 0.00 0
568 0.00 0.00 0.00 0
580 0.00 0.00 0.00 0
581 0.00 0.00 0.00 0
582 0.00 0.00 0.00 0
583 0.00 0.00 0.00 0
584 0.00 0.00 0.00 0
585 0.00 0.00 0.00 0
586 0.00 0.00 0.00 0
587 0.00 0.00 0.00 0
595 0.00 0.00 0.00 0
596 0.00 0.00 0.00 0
597 0.00 0.00 0.00 0
598 0.00 0.00 0.00 0
599 0.00 0.00 0.00 0
600 0.00 0.00 0.00 0
601 0.00 0.00 0.00 0
610 0.00 0.00 0.00 0
611 0.00 0.00 0.00 0
612 0.00 0.00 0.00 0
613 0.00 0.00 0.00 0
614 0.00 0.00 0.00 0
615 0.00 0.00 0.00 0
623 0.00 0.00 0.00 0
624 0.00 0.00 0.00 0
625 0.00 0.00 0.00 0
626 0.00 0.00 0.00 0
627 0.00 0.00 0.00 0
634 0.00 0.00 0.00 0
767 0.00 0.00 0.00 0
775 0.00 0.00 0.00 0
867 0.00 0.00 0.00 0
868 0.00 0.00 0.00 0
869 0.00 0.00 0.00 0
870 0.00 0.00 0.00 0
878 0.00 0.00 0.00 0
879 0.00 0.00 0.00 0
880 0.00 0.00 0.00 0
887 0.00 0.00 0.00 0
888 0.00 0.00 0.00 0
897 0.00 0.00 0.00 0
898 0.00 0.00 0.00 0
899 0.00 0.00 0.00 0
900 0.00 0.00 0.00 0
901 0.00 0.00 0.00 0
902 0.00 0.00 0.00 0
911 0.00 0.00 0.00 0
912 0.00 0.00 0.00 0
913 0.00 0.00 0.00 0
914 0.00 0.00 0.00 0
915 0.00 0.00 0.00 0
924 0.00 0.00 0.00 0
925 0.00 0.00 0.00 0
926 0.00 0.00 0.00 0
927 0.00 0.00 0.00 0
928 0.00 0.00 0.00 0
938 0.00 0.00 0.00 0
939 0.00 0.00 0.00 0
940 0.00 0.00 0.00 0
941 0.00 0.00 0.00 0
942 0.00 0.00 0.00 0
943 0.00 0.00 0.00 0
953 0.00 0.00 0.00 0
954 0.00 0.00 0.00 0
955 0.00 0.00 0.00 0
956 0.00 0.00 0.00 0
957 0.00 0.00 0.00 0
958 0.00 0.00 0.00 0
968 0.00 0.00 0.00 0
969 0.00 0.00 0.00 0
970 0.00 0.00 0.00 0
971 0.00 0.00 0.00 0
972 0.00 0.00 0.00 0
982 0.00 0.00 0.00 0
983 0.00 0.00 0.00 0
984 0.00 0.00 0.00 0
985 0.00 0.00 0.00 0
986 0.00 0.00 0.00 0
994 0.00 0.00 0.00 0
995 0.00 0.00 0.00 0
996 0.00 0.00 0.00 0
997 0.00 0.00 0.00 0
1005 0.00 0.00 0.00 0
1006 0.00 0.00 0.00 0
1013 0.00 0.00 0.00 0
1014 0.00 0.00 0.00 0
1015 0.00 0.00 0.00 0
1016 0.00 0.00 0.00 0
1017 0.00 0.00 0.00 0
1023 0.00 0.00 0.00 0
1024 0.00 0.00 0.00 0
1025 0.00 0.00 0.00 0
1026 0.00 0.00 0.00 0
1027 0.00 0.00 0.00 0
1034 0.00 0.00 0.00 0
1035 0.00 0.00 0.00 0
1152 0.00 0.00 0.00 0
1159 0.00 0.00 0.00 0
1160 0.00 0.00 0.00 0
1161 0.00 0.00 0.00 0
1162 0.00 0.00 0.00 0
1166 0.00 0.00 0.00 0
1167 0.00 0.00 0.00 0
1171 0.00 0.00 0.00 0
1172 0.00 0.00 0.00 0
1180 0.00 0.00 0.00 0
1188 0.00 0.00 0.00 0
1196 0.00 0.00 0.00 0
1203 0.00 0.00 0.00 0
1210 0.00 0.00 0.00 0
1284 0.00 0.00 0.00 0
1285 0.00 0.00 0.00 0
1286 0.00 0.00 0.00 0
1287 0.00 0.00 0.00 0
1294 0.00 0.00 0.00 0
1295 0.00 0.00 0.00 0
1296 0.00 0.00 0.00 0
1297 0.00 0.00 0.00 0
1298 0.00 0.00 0.00 0
1299 0.00 0.00 0.00 0
1309 0.00 0.00 0.00 0
1310 0.00 0.00 0.00 0
1311 0.00 0.00 0.00 0
1312 0.00 0.00 0.00 0
1313 0.00 0.00 0.00 0
1317 0.00 0.00 0.00 0
1318 0.00 0.00 0.00 0
1319 0.00 0.00 0.00 0
1320 0.00 0.00 0.00 0
1323 0.00 0.00 0.00 0
1324 0.00 0.00 0.00 0
1325 0.00 0.00 0.00 0
1326 0.00 0.00 0.00 0
1327 0.00 0.00 0.00 0
1328 0.00 0.00 0.00 0
1334 0.00 0.00 0.00 0
1335 0.00 0.00 0.00 0
1336 0.00 0.00 0.00 0
1337 0.00 0.00 0.00 0
1338 0.00 0.00 0.00 0
1339 0.00 0.00 0.00 0
1347 0.00 0.00 0.00 0
1348 0.00 0.00 0.00 0
1349 0.00 0.00 0.00 0
1350 0.00 0.00 0.00 0
1351 0.00 0.00 0.00 0
1359 0.00 0.00 0.00 0
1360 0.00 0.00 0.00 0
1361 0.00 0.00 0.00 0
1362 0.00 0.00 0.00 0
1364 0.00 0.00 0.00 0
1365 0.00 0.00 0.00 0
1370 0.00 0.00 0.00 0
1371 0.00 0.00 0.00 0
1378 0.00 0.00 0.00 0
1379 0.00 0.00 0.00 0
1389 0.00 0.00 0.00 0
1390 0.00 0.00 0.00 0
1391 0.00 0.00 0.00 0
1400 0.00 0.00 0.00 0
1401 0.00 0.00 0.00 0
1402 0.00 0.00 0.00 0
1410 0.00 0.00 0.00 0
1416 0.00 0.00 0.00 0
1417 0.00 0.00 0.00 0
1418 0.00 0.00 0.00 0
1423 0.00 0.00 0.00 0
1424 0.00 0.00 0.00 0
1425 0.00 0.00 0.00 0
1434 0.00 0.00 0.00 0
1435 0.00 0.00 0.00 0
1557 0.00 0.00 0.00 0
1558 0.00 0.00 0.00 0
1567 0.00 0.00 0.00 0
1568 0.00 0.00 0.00 0
1569 0.00 0.00 0.00 0
1570 0.00 0.00 0.00 0
1571 0.00 0.00 0.00 0
1572 0.00 0.00 0.00 0
1579 0.00 0.00 0.00 0
1580 0.00 0.00 0.00 0
1581 0.00 0.00 0.00 0
1582 0.00 0.00 0.00 0
1583 0.00 0.00 0.00 0
1591 0.00 0.00 0.00 0
1592 0.00 0.00 0.00 0
1593 0.00 0.00 0.00 0
1594 0.00 0.00 0.00 0
1595 0.00 0.00 0.00 0
1607 0.00 0.00 0.00 0
1608 0.00 0.00 0.00 0
1609 0.00 0.00 0.00 0
1619 0.00 0.00 0.00 0
1620 0.00 0.00 0.00 0
1632 0.00 0.00 0.00 0
1633 0.00 0.00 0.00 0
1634 0.00 0.00 0.00 0
1640 0.00 0.00 0.00 0
1641 0.00 0.00 0.00 0
1642 0.00 0.00 0.00 0
1648 0.00 0.00 0.00 0
1649 0.00 0.00 0.00 0
1650 0.00 0.00 0.00 0
1651 0.00 0.00 0.00 0
1657 0.00 0.00 0.00 0
1658 0.00 0.00 0.00 0
1703 0.00 0.00 0.00 0
1704 0.00 0.00 0.00 0
1705 0.00 0.00 0.00 0
1721 0.00 0.00 0.00 0
1722 0.00 0.00 0.00 0
1723 0.00 0.00 0.00 0
1724 0.00 0.00 0.00 0
1725 0.00 0.00 0.00 0
1732 0.00 0.00 0.00 0
1733 0.00 0.00 0.00 0
1734 0.00 0.00 0.00 0
1735 0.00 0.00 0.00 0
1736 0.00 0.00 0.00 0
1737 0.00 0.00 0.00 0
1749 0.00 0.00 0.00 0
1750 0.00 0.00 0.00 0
1751 0.00 0.00 0.00 0
1752 0.00 0.00 0.00 0
1753 0.00 0.00 0.00 0
1754 0.00 0.00 0.00 0
1755 0.00 0.00 0.00 0
1762 0.00 0.00 0.00 0
1763 0.00 0.00 0.00 0
1764 0.00 0.00 0.00 0
1765 0.00 0.00 0.00 0
1769 0.00 0.00 0.00 0
1770 0.00 0.00 0.00 0
1771 0.00 0.00 0.00 0
1772 0.00 0.00 0.00 0
1773 0.00 0.00 0.00 0
1774 0.00 0.00 0.00 0
1775 0.00 0.00 0.00 0
1776 0.00 0.00 0.00 0
1783 0.00 0.00 0.00 0
1784 0.00 0.00 0.00 0
1785 0.00 0.00 0.00 0
1786 0.00 0.00 0.00 0
1787 0.00 0.00 0.00 0
1788 0.00 0.00 0.00 0
1789 0.00 0.00 0.00 0
1790 0.00 0.00 0.00 0
1791 0.00 0.00 0.00 0
1797 0.00 0.00 0.00 0
1798 0.00 0.00 0.00 0
1799 0.00 0.00 0.00 0
1800 0.00 0.00 0.00 0
1801 0.00 0.00 0.00 0
1802 0.00 0.00 0.00 0
1803 0.00 0.00 0.00 0
1808 0.00 0.00 0.00 0
1809 0.00 0.00 0.00 0
1814 0.00 0.00 0.00 0
1815 0.00 0.00 0.00 0
1821 0.00 0.00 0.00 0
1822 0.00 0.00 0.00 0
1823 0.00 0.00 0.00 0
1836 0.00 0.00 0.00 0
1837 0.00 0.00 0.00 0
1838 0.00 0.00 0.00 0
1839 0.00 0.00 0.00 0
1863 0.00 0.00 0.00 0
1864 0.00 0.00 0.00 0
1877 0.00 0.00 0.00 0
1878 0.00 0.00 0.00 0
1879 0.00 0.00 0.00 0
1891 0.00 0.00 0.00 0
1892 0.00 0.00 0.00 0
1893 0.00 0.00 0.00 0
1894 0.00 0.00 0.00 0
1904 0.00 0.00 0.00 0
1905 0.00 0.00 0.00 0
1906 0.00 0.00 0.00 0
1918 0.00 0.00 0.00 0
1919 0.00 0.00 0.00 0
2088 0.00 0.00 0.00 0
2089 0.00 0.00 0.00 0
2090 0.00 0.00 0.00 0
2091 0.00 0.00 0.00 0
2092 0.00 0.00 0.00 0
2098 0.00 0.00 0.00 0
2099 0.00 0.00 0.00 0
2100 0.00 0.00 0.00 0
2101 0.00 0.00 0.00 0
2102 0.00 0.00 0.00 0
2103 0.00 0.00 0.00 0
2104 0.00 0.00 0.00 0
2110 0.00 0.00 0.00 0
2111 0.00 0.00 0.00 0
2112 0.00 0.00 0.00 0
2113 0.00 0.00 0.00 0
2114 0.00 0.00 0.00 0
2115 0.00 0.00 0.00 0
2116 0.00 0.00 0.00 0
2126 0.00 0.00 0.00 0
2127 0.00 0.00 0.00 0
2128 0.00 0.00 0.00 0
2129 0.00 0.00 0.00 0
2130 0.00 0.00 0.00 0
2131 0.00 0.00 0.00 0
2132 0.00 0.00 0.00 0
2140 0.00 0.00 0.00 0
2141 0.00 0.00 0.00 0
2142 0.00 0.00 0.00 0
2156 0.00 0.00 0.00 0
2157 0.00 0.00 0.00 0
2158 0.00 0.00 0.00 0
2169 0.00 0.00 0.00 0
2170 0.00 0.00 0.00 0
2177 0.00 0.00 0.00 0
2178 0.00 0.00 0.00 0
2179 0.00 0.00 0.00 0
2180 0.00 0.00 0.00 0
2187 0.00 0.00 0.00 0
2188 0.00 0.00 0.00 0
2189 0.00 0.00 0.00 0
2228 0.00 0.00 0.00 0
2229 0.00 0.00 0.00 0
2230 0.00 0.00 0.00 0
2242 0.00 0.00 0.00 0
2243 0.00 0.00 0.00 0
2244 0.00 0.00 0.00 0
2259 0.00 0.00 0.00 0
2260 0.00 0.00 0.00 0
2261 0.00 0.00 0.00 0
2262 0.00 0.00 0.00 0
2269 0.00 0.00 0.00 0
2270 0.00 0.00 0.00 0
2271 0.00 0.00 0.00 0
2272 0.00 0.00 0.00 0
2273 0.00 0.00 0.00 0
2282 0.00 0.00 0.00 0
2283 0.00 0.00 0.00 0
2284 0.00 0.00 0.00 0
2285 0.00 0.00 0.00 0
2286 0.00 0.00 0.00 0
2287 0.00 0.00 0.00 0
2288 0.00 0.00 0.00 0
2289 0.00 0.00 0.00 0
2297 0.00 0.00 0.00 0
2298 0.00 0.00 0.00 0
2299 0.00 0.00 0.00 0
2300 0.00 0.00 0.00 0
2301 0.00 0.00 0.00 0
2302 0.00 0.00 0.00 0
2303 0.00 0.00 0.00 0
2304 0.00 0.00 0.00 0
2305 0.00 0.00 0.00 0
2311 0.00 0.00 0.00 0
2312 0.00 0.00 0.00 0
2313 0.00 0.00 0.00 0
2314 0.00 0.00 0.00 0
2315 0.00 0.00 0.00 0
2316 0.00 0.00 0.00 0
2317 0.00 0.00 0.00 0
2318 0.00 0.00 0.00 0
2319 0.00 0.00 0.00 0
2320 0.00 0.00 0.00 0
2321 0.00 0.00 0.00 0
2329 0.00 0.00 0.00 0
2330 0.00 0.00 0.00 0
2331 0.00 0.00 0.00 0
2332 0.00 0.00 0.00 0
2333 0.00 0.00 0.00 0
2334 0.00 0.00 0.00 0
2339 0.00 0.00 0.00 0
2340 0.00 0.00 0.00 0
2341 0.00 0.00 0.00 0
2342 0.00 0.00 0.00 0
2347 0.00 0.00 0.00 0
2348 0.00 0.00 0.00 0
2349 0.00 0.00 0.00 0
2354 0.00 0.00 0.00 0
2355 0.00 0.00 0.00 0
2356 0.00 0.00 0.00 0
2360 0.00 0.00 0.00 0
2374 0.00 0.00 0.00 0
2375 0.00 0.00 0.00 0
2376 0.00 0.00 0.00 0
2390 0.00 0.00 0.00 0
2391 0.00 0.00 0.00 0
2420 0.00 0.00 0.00 0
2430 0.00 0.00 0.00 0
2431 0.00 0.00 0.00 0
2442 0.00 0.00 0.00 0
2659 0.00 0.00 0.00 0
2665 0.00 0.00 0.00 0
2666 0.00 0.00 0.00 0
2672 0.00 0.00 0.00 0
2673 0.00 0.00 0.00 0
2674 0.00 0.00 0.00 0
2675 0.00 0.00 0.00 0
2676 0.00 0.00 0.00 0
2677 0.00 0.00 0.00 0
2678 0.00 0.00 0.00 0
2687 0.00 0.00 0.00 0
2688 0.00 0.00 0.00 0
2689 0.00 0.00 0.00 0
2690 0.00 0.00 0.00 0
2691 0.00 0.00 0.00 0
2692 0.00 0.00 0.00 0
2693 0.00 0.00 0.00 0
2694 0.00 0.00 0.00 0
2695 0.00 0.00 0.00 0
2703 0.00 0.00 0.00 0
2704 0.00 0.00 0.00 0
2705 0.00 0.00 0.00 0
2706 0.00 0.00 0.00 0
2707 0.00 0.00 0.00 0
2708 0.00 0.00 0.00 0
2709 0.00 0.00 0.00 0
2724 0.00 0.00 0.00 0
2725 0.00 0.00 0.00 0
2736 0.00 0.00 0.00 0
2737 0.00 0.00 0.00 0
2745 0.00 0.00 0.00 0
2746 0.00 0.00 0.00 0
2747 0.00 0.00 0.00 0
2754 0.00 0.00 0.00 0
2755 0.00 0.00 0.00 0
2756 0.00 0.00 0.00 0
2757 0.00 0.00 0.00 0
2786 0.00 0.00 0.00 0
2787 0.00 0.00 0.00 0
2788 0.00 0.00 0.00 0
2800 0.00 0.00 0.00 0
2801 0.00 0.00 0.00 0
2802 0.00 0.00 0.00 0
2815 0.00 0.00 0.00 0
2816 0.00 0.00 0.00 0
2817 0.00 0.00 0.00 0
2831 0.00 0.00 0.00 0
2832 0.00 0.00 0.00 0
2833 0.00 0.00 0.00 0
2842 0.00 0.00 0.00 0
2843 0.00 0.00 0.00 0
2844 0.00 0.00 0.00 0
2845 0.00 0.00 0.00 0
2846 0.00 0.00 0.00 0
2857 0.00 0.00 0.00 0
2858 0.00 0.00 0.00 0
2859 0.00 0.00 0.00 0
2860 0.00 0.00 0.00 0
2861 0.00 0.00 0.00 0
2870 0.00 0.00 0.00 0
2871 0.00 0.00 0.00 0
2872 0.00 0.00 0.00 0
2873 0.00 0.00 0.00 0
2874 0.00 0.00 0.00 0
2875 0.00 0.00 0.00 0
2876 0.00 0.00 0.00 0
2877 0.00 0.00 0.00 0
2878 0.00 0.00 0.00 0
2885 0.00 0.00 0.00 0
2886 0.00 0.00 0.00 0
2887 0.00 0.00 0.00 0
2888 0.00 0.00 0.00 0
2889 0.00 0.00 0.00 0
2890 0.00 0.00 0.00 0
2891 0.00 0.00 0.00 0
2892 0.00 0.00 0.00 0
2893 0.00 0.00 0.00 0
2894 0.00 0.00 0.00 0
2895 0.00 0.00 0.00 0
2901 0.00 0.00 0.00 0
2902 0.00 0.00 0.00 0
2903 0.00 0.00 0.00 0
2904 0.00 0.00 0.00 0
2905 0.00 0.00 0.00 0
2909 0.00 0.00 0.00 0
2910 0.00 0.00 0.00 0
2911 0.00 0.00 0.00 0
2912 0.00 0.00 0.00 0
2915 0.00 0.00 0.00 0
2916 0.00 0.00 0.00 0
2920 0.00 0.00 0.00 0
2921 0.00 0.00 0.00 0
2922 0.00 0.00 0.00 0
2923 0.00 0.00 0.00 0
2930 0.00 0.00 0.00 0
2931 0.00 0.00 0.00 0
2932 0.00 0.00 0.00 0
2933 0.00 0.00 0.00 0
2943 0.00 0.00 0.00 0
2944 0.00 0.00 0.00 0
2951 0.00 0.00 0.00 0
2952 0.00 0.00 0.00 0
2959 0.00 0.00 0.00 0
2960 0.00 0.00 0.00 0
2961 0.00 0.00 0.00 0
2965 0.00 0.00 0.00 0
2966 0.00 0.00 0.00 0
2967 0.00 0.00 0.00 0
3233 0.00 0.00 0.00 0
3245 0.00 0.00 0.00 0
3254 0.00 0.00 0.00 0
3255 0.00 0.00 0.00 0
3256 0.00 0.00 0.00 0
3257 0.00 0.00 0.00 0
3258 0.00 0.00 0.00 0
3259 0.00 0.00 0.00 0
3267 0.00 0.00 0.00 0
3268 0.00 0.00 0.00 0
3269 0.00 0.00 0.00 0
3270 0.00 0.00 0.00 0
3271 0.00 0.00 0.00 0
3272 0.00 0.00 0.00 0
3273 0.00 0.00 0.00 0
3281 0.00 0.00 0.00 0
3282 0.00 0.00 0.00 0
3283 0.00 0.00 0.00 0
3284 0.00 0.00 0.00 0
3285 0.00 0.00 0.00 0
3286 0.00 0.00 0.00 0
3287 0.00 0.00 0.00 0
3301 0.00 0.00 0.00 0
3302 0.00 0.00 0.00 0
3303 0.00 0.00 0.00 0
3304 0.00 0.00 0.00 0
3312 0.00 0.00 0.00 0
3313 0.00 0.00 0.00 0
3319 0.00 0.00 0.00 0
3320 0.00 0.00 0.00 0
3321 0.00 0.00 0.00 0
3323 0.00 0.00 0.00 0
3324 0.00 0.00 0.00 0
3325 0.00 0.00 0.00 0
3326 0.00 0.00 0.00 0
3327 0.00 0.00 0.00 0
3328 0.00 0.00 0.00 0
3354 0.00 0.00 0.00 0
3355 0.00 0.00 0.00 0
3356 0.00 0.00 0.00 0
3357 0.00 0.00 0.00 0
3371 0.00 0.00 0.00 0
3372 0.00 0.00 0.00 0
3373 0.00 0.00 0.00 0
3374 0.00 0.00 0.00 0
3375 0.00 0.00 0.00 0
3390 0.00 0.00 0.00 0
3391 0.00 0.00 0.00 0
3392 0.00 0.00 0.00 0
3393 0.00 0.00 0.00 0
3406 0.00 0.00 0.00 0
3407 0.00 0.00 0.00 0
3408 0.00 0.00 0.00 0
3409 0.00 0.00 0.00 0
3418 0.00 0.00 0.00 0
3419 0.00 0.00 0.00 0
3420 0.00 0.00 0.00 0
3421 0.00 0.00 0.00 0
3422 0.00 0.00 0.00 0
3433 0.00 0.00 0.00 0
3434 0.00 0.00 0.00 0
3435 0.00 0.00 0.00 0
3436 0.00 0.00 0.00 0
3437 0.00 0.00 0.00 0
3446 0.00 0.00 0.00 0
3447 0.00 0.00 0.00 0
3448 0.00 0.00 0.00 0
3449 0.00 0.00 0.00 0
3450 0.00 0.00 0.00 0
3451 0.00 0.00 0.00 0
3460 0.00 0.00 0.00 0
3461 0.00 0.00 0.00 0
3462 0.00 0.00 0.00 0
3463 0.00 0.00 0.00 0
3464 0.00 0.00 0.00 0
3465 0.00 0.00 0.00 0
3466 0.00 0.00 0.00 0
3476 0.00 0.00 0.00 0
3477 0.00 0.00 0.00 0
3478 0.00 0.00 0.00 0
3479 0.00 0.00 0.00 0
3480 0.00 0.00 0.00 0
3486 0.00 0.00 0.00 0
3487 0.00 0.00 0.00 0
3488 0.00 0.00 0.00 0
3489 0.00 0.00 0.00 0
3490 0.00 0.00 0.00 0
3495 0.00 0.00 0.00 0
3496 0.00 0.00 0.00 0
3497 0.00 0.00 0.00 0
3498 0.00 0.00 0.00 0
3501 0.00 0.00 0.00 0
3509 0.00 0.00 0.00 0
3510 0.00 0.00 0.00 0
3511 0.00 0.00 0.00 0
3521 0.00 0.00 0.00 0
3522 0.00 0.00 0.00 0
3523 0.00 0.00 0.00 0
3524 0.00 0.00 0.00 0
3531 0.00 0.00 0.00 0
3532 0.00 0.00 0.00 0
3533 0.00 0.00 0.00 0
3543 0.00 0.00 0.00 0
3544 0.00 0.00 0.00 0
3557 0.00 0.00 0.00 0
3558 0.00 0.00 0.00 0
3559 0.00 0.00 0.00 0
3571 0.00 0.00 0.00 0
3572 0.00 0.00 0.00 0
3573 0.00 0.00 0.00 0
3880 0.00 0.00 0.00 0
3881 0.00 0.00 0.00 0
3892 0.00 0.00 0.00 0
3893 0.00 0.00 0.00 0
3904 0.00 0.00 0.00 0
3905 0.00 0.00 0.00 0
3906 0.00 0.00 0.00 0
3907 0.00 0.00 0.00 0
3908 0.00 0.00 0.00 0
3919 0.00 0.00 0.00 0
3920 0.00 0.00 0.00 0
3921 0.00 0.00 0.00 0
3922 0.00 0.00 0.00 0
3923 0.00 0.00 0.00 0
3924 0.00 0.00 0.00 0
3932 0.00 0.00 0.00 0
3933 0.00 0.00 0.00 0
3934 0.00 0.00 0.00 0
3935 0.00 0.00 0.00 0
3936 0.00 0.00 0.00 0
3937 0.00 0.00 0.00 0
3938 0.00 0.00 0.00 0
3939 0.00 0.00 0.00 0
3948 0.00 0.00 0.00 0
3949 0.00 0.00 0.00 0
3950 0.00 0.00 0.00 0
3951 0.00 0.00 0.00 0
3952 0.00 0.00 0.00 0
3953 0.00 0.00 0.00 0
3963 0.00 0.00 0.00 0
3970 0.00 0.00 0.00 0
3971 0.00 0.00 0.00 0
3973 0.00 0.00 0.00 0
3974 0.00 0.00 0.00 0
3975 0.00 0.00 0.00 0
3976 0.00 0.00 0.00 0
3977 0.00 0.00 0.00 0
3978 0.00 0.00 0.00 0
3979 0.00 0.00 0.00 0
3980 0.00 0.00 0.00 0
3983 0.00 0.00 0.00 0
3984 0.00 0.00 0.00 0
3985 0.00 0.00 0.00 0
3993 0.00 0.00 0.00 0
3994 0.00 0.00 0.00 0
4002 0.00 0.00 0.00 0
4003 0.00 0.00 0.00 0
4004 0.00 0.00 0.00 0
4005 0.00 0.00 0.00 0
4006 0.00 0.00 0.00 0
4008 0.00 0.00 0.00 0
4018 0.00 0.00 0.00 0
4019 0.00 0.00 0.00 0
4020 0.00 0.00 0.00 0
4021 0.00 0.00 0.00 0
4022 0.00 0.00 0.00 0
4033 0.00 0.00 0.00 0
4034 0.00 0.00 0.00 0
4035 0.00 0.00 0.00 0
4036 0.00 0.00 0.00 0
4037 0.00 0.00 0.00 0
4043 0.00 0.00 0.00 0
4044 0.00 0.00 0.00 0
4045 0.00 0.00 0.00 0
4046 0.00 0.00 0.00 0
4047 0.00 0.00 0.00 0
4048 0.00 0.00 0.00 0
4056 0.00 0.00 0.00 0
4057 0.00 0.00 0.00 0
4058 0.00 0.00 0.00 0
4070 0.00 0.00 0.00 0
4071 0.00 0.00 0.00 0
4072 0.00 0.00 0.00 0
4073 0.00 0.00 0.00 0
4083 0.00 0.00 0.00 0
4084 0.00 0.00 0.00 0
4085 0.00 0.00 0.00 0
4086 0.00 0.00 0.00 0
4087 0.00 0.00 0.00 0
4088 0.00 0.00 0.00 0
4089 0.00 0.00 0.00 0
4100 0.00 0.00 0.00 0
4101 0.00 0.00 0.00 0
4102 0.00 0.00 0.00 0
4113 0.00 0.00 0.00 0
4114 0.00 0.00 0.00 0
4115 0.00 0.00 0.00 0
4116 0.00 0.00 0.00 0
4124 0.00 0.00 0.00 0
4125 0.00 0.00 0.00 0
4126 0.00 0.00 0.00 0
4127 0.00 0.00 0.00 0
4128 0.00 0.00 0.00 0
4134 0.00 0.00 0.00 0
4135 0.00 0.00 0.00 0
4136 0.00 0.00 0.00 0
4137 0.00 0.00 0.00 0
4138 0.00 0.00 0.00 0
4139 0.00 0.00 0.00 0
4144 0.00 0.00 0.00 0
4145 0.00 0.00 0.00 0
4146 0.00 0.00 0.00 0
4147 0.00 0.00 0.00 0
4148 0.00 0.00 0.00 0
4149 0.00 0.00 0.00 0
4156 0.00 0.00 0.00 0
4157 0.00 0.00 0.00 0
4158 0.00 0.00 0.00 0
4159 0.00 0.00 0.00 0
4167 0.00 0.00 0.00 0
4168 0.00 0.00 0.00 0
4177 0.00 0.00 0.00 0
4178 0.00 0.00 0.00 0
4190 0.00 0.00 0.00 0
4204 0.00 0.00 0.00 0
4205 0.00 0.00 0.00 0
4216 0.00 0.00 0.00 0
4217 0.00 0.00 0.00 0
4218 0.00 0.00 0.00 0
4227 0.00 0.00 0.00 0
4228 0.00 0.00 0.00 0
4229 0.00 0.00 0.00 0
4594 0.00 0.00 0.00 0
4600 0.00 0.00 0.00 0
4601 0.00 0.00 0.00 0
4608 0.00 0.00 0.00 0
4609 0.00 0.00 0.00 0
4616 0.00 0.00 0.00 0
4617 0.00 0.00 0.00 0
4618 0.00 0.00 0.00 0
4619 0.00 0.00 0.00 0
4620 0.00 0.00 0.00 0
4627 0.00 0.00 0.00 0
4628 0.00 0.00 0.00 0
4629 0.00 0.00 0.00 0
4630 0.00 0.00 0.00 0
4631 0.00 0.00 0.00 0
4637 0.00 0.00 0.00 0
4638 0.00 0.00 0.00 0
4639 0.00 0.00 0.00 0
4640 0.00 0.00 0.00 0
4641 0.00 0.00 0.00 0
4642 0.00 0.00 0.00 0
4643 0.00 0.00 0.00 0
4647 0.00 0.00 0.00 0
4648 0.00 0.00 0.00 0
4649 0.00 0.00 0.00 0
4650 0.00 0.00 0.00 0
4651 0.00 0.00 0.00 0
4652 0.00 0.00 0.00 0
4653 0.00 0.00 0.00 0
4654 0.00 0.00 0.00 0
4655 0.00 0.00 0.00 0
4664 0.00 0.00 0.00 0
4673 0.00 0.00 0.00 0
4679 0.00 0.00 0.00 0
4680 0.00 0.00 0.00 0
4681 0.00 0.00 0.00 0
4682 0.00 0.00 0.00 0
4683 0.00 0.00 0.00 0
4684 0.00 0.00 0.00 0
4685 0.00 0.00 0.00 0
4688 0.00 0.00 0.00 0
4689 0.00 0.00 0.00 0
4690 0.00 0.00 0.00 0
4698 0.00 0.00 0.00 0
4699 0.00 0.00 0.00 0
4709 0.00 0.00 0.00 0
4710 0.00 0.00 0.00 0
4711 0.00 0.00 0.00 0
4712 0.00 0.00 0.00 0
4713 0.00 0.00 0.00 0
4714 0.00 0.00 0.00 0
4724 0.00 0.00 0.00 0
4725 0.00 0.00 0.00 0
4726 0.00 0.00 0.00 0
4727 0.00 0.00 0.00 0
4728 0.00 0.00 0.00 0
4729 0.00 0.00 0.00 0
4730 0.00 0.00 0.00 0
4736 0.00 0.00 0.00 0
4737 0.00 0.00 0.00 0
4738 0.00 0.00 0.00 0
4739 0.00 0.00 0.00 0
4740 0.00 0.00 0.00 0
4741 0.00 0.00 0.00 0
4747 0.00 0.00 0.00 0
4748 0.00 0.00 0.00 0
4749 0.00 0.00 0.00 0
4750 0.00 0.00 0.00 0
4751 0.00 0.00 0.00 0
4752 0.00 0.00 0.00 0
4753 0.00 0.00 0.00 0
4754 0.00 0.00 0.00 0
4762 0.00 0.00 0.00 0
4763 0.00 0.00 0.00 0
4764 0.00 0.00 0.00 0
4765 0.00 0.00 0.00 0
4766 0.00 0.00 0.00 0
4767 0.00 0.00 0.00 0
4768 0.00 0.00 0.00 0
4769 0.00 0.00 0.00 0
4781 0.00 0.00 0.00 0
4782 0.00 0.00 0.00 0
4783 0.00 0.00 0.00 0
4784 0.00 0.00 0.00 0
4785 0.00 0.00 0.00 0
4786 0.00 0.00 0.00 0
4798 0.00 0.00 0.00 0
4799 0.00 0.00 0.00 0
4800 0.00 0.00 0.00 0
4801 0.00 0.00 0.00 0
4802 0.00 0.00 0.00 0
4815 0.00 0.00 0.00 0
4816 0.00 0.00 0.00 0
4825 0.00 0.00 0.00 0
4826 0.00 0.00 0.00 0
4835 0.00 0.00 0.00 0
4842 0.00 0.00 0.00 0
4847 0.00 0.00 0.00 0
4848 0.00 0.00 0.00 0
4849 0.00 0.00 0.00 0
4850 0.00 0.00 0.00 0
4851 0.00 0.00 0.00 0
4860 0.00 0.00 0.00 0
4861 0.00 0.00 0.00 0
4862 0.00 0.00 0.00 0
4863 0.00 0.00 0.00 0
4864 0.00 0.00 0.00 0
4873 0.00 0.00 0.00 0
4874 0.00 0.00 0.00 0
4875 0.00 0.00 0.00 0
4876 0.00 0.00 0.00 0
4877 0.00 0.00 0.00 0
4886 0.00 0.00 0.00 0
4887 0.00 0.00 0.00 0
4888 0.00 0.00 0.00 0
4889 0.00 0.00 0.00 0
4900 0.00 0.00 0.00 0
4901 0.00 0.00 0.00 0
4914 0.00 0.00 0.00 0
4915 0.00 0.00 0.00 0
4927 0.00 0.00 0.00 0
4928 0.00 0.00 0.00 0
4942 0.00 0.00 0.00 0
4943 0.00 0.00 0.00 0
4944 0.00 0.00 0.00 0
4945 0.00 0.00 0.00 0
5367 0.00 0.00 0.00 0
5375 0.00 0.00 0.00 0
5376 0.00 0.00 0.00 0
5377 0.00 0.00 0.00 0
5384 0.00 0.00 0.00 0
5385 0.00 0.00 0.00 0
5392 0.00 0.00 0.00 0
5393 0.00 0.00 0.00 0
5394 0.00 0.00 0.00 0
5395 0.00 0.00 0.00 0
5402 0.00 0.00 0.00 0
5403 0.00 0.00 0.00 0
5404 0.00 0.00 0.00 0
5405 0.00 0.00 0.00 0
5406 0.00 0.00 0.00 0
5407 0.00 0.00 0.00 0
5416 0.00 0.00 0.00 0
5417 0.00 0.00 0.00 0
5418 0.00 0.00 0.00 0
5419 0.00 0.00 0.00 0
5420 0.00 0.00 0.00 0
5429 0.00 0.00 0.00 0
5430 0.00 0.00 0.00 0
5431 0.00 0.00 0.00 0
5432 0.00 0.00 0.00 0
5433 0.00 0.00 0.00 0
5434 0.00 0.00 0.00 0
5435 0.00 0.00 0.00 0
5436 0.00 0.00 0.00 0
5437 0.00 0.00 0.00 0
5438 0.00 0.00 0.00 0
5447 0.00 0.00 0.00 0
5448 0.00 0.00 0.00 0
5449 0.00 0.00 0.00 0
5450 0.00 0.00 0.00 0
5451 0.00 0.00 0.00 0
5452 0.00 0.00 0.00 0
5453 0.00 0.00 0.00 0
5454 0.00 0.00 0.00 0
5466 0.00 0.00 0.00 0
5474 0.00 0.00 0.00 0
5475 0.00 0.00 0.00 0
5476 0.00 0.00 0.00 0
5477 0.00 0.00 0.00 0
5478 0.00 0.00 0.00 0
5479 0.00 0.00 0.00 0
5480 0.00 0.00 0.00 0
5483 0.00 0.00 0.00 0
5484 0.00 0.00 0.00 0
5485 0.00 0.00 0.00 0
5486 0.00 0.00 0.00 0
5487 0.00 0.00 0.00 0
5488 0.00 0.00 0.00 0
5489 0.00 0.00 0.00 0
5490 0.00 0.00 0.00 0
5497 0.00 0.00 0.00 0
5498 0.00 0.00 0.00 0
5499 0.00 0.00 0.00 0
5509 0.00 0.00 0.00 0
5510 0.00 0.00 0.00 0
5511 0.00 0.00 0.00 0
5512 0.00 0.00 0.00 0
5513 0.00 0.00 0.00 0
5514 0.00 0.00 0.00 0
5515 0.00 0.00 0.00 0
5527 0.00 0.00 0.00 0
5528 0.00 0.00 0.00 0
5529 0.00 0.00 0.00 0
5530 0.00 0.00 0.00 0
5531 0.00 0.00 0.00 0
5532 0.00 0.00 0.00 0
5533 0.00 0.00 0.00 0
5534 0.00 0.00 0.00 0
5535 0.00 0.00 0.00 0
5536 0.00 0.00 0.00 0
5545 0.00 0.00 0.00 0
5546 0.00 0.00 0.00 0
5547 0.00 0.00 0.00 0
5548 0.00 0.00 0.00 0
5549 0.00 0.00 0.00 0
5550 0.00 0.00 0.00 0
5551 0.00 0.00 0.00 0
5552 0.00 0.00 0.00 0
5553 0.00 0.00 0.00 0
5560 0.00 0.00 0.00 0
5561 0.00 0.00 0.00 0
5562 0.00 0.00 0.00 0
5563 0.00 0.00 0.00 0
5570 0.00 0.00 0.00 0
5571 0.00 0.00 0.00 0
5572 0.00 0.00 0.00 0
5573 0.00 0.00 0.00 0
5582 0.00 0.00 0.00 0
5592 0.00 0.00 0.00 0
5593 0.00 0.00 0.00 0
5604 0.00 0.00 0.00 0
5605 0.00 0.00 0.00 0
5606 0.00 0.00 0.00 0
5615 0.00 0.00 0.00 0
5616 0.00 0.00 0.00 0
5617 0.00 0.00 0.00 0
5629 0.00 0.00 0.00 0
5630 0.00 0.00 0.00 0
5642 0.00 0.00 0.00 0
5656 0.00 0.00 0.00 0
5669 0.00 0.00 0.00 0
5680 0.00 0.00 0.00 0
5681 0.00 0.00 0.00 0
5695 0.00 0.00 0.00 0
5696 0.00 0.00 0.00 0
5697 0.00 0.00 0.00 0
5716 0.00 0.00 0.00 0
5717 0.00 0.00 0.00 0
5735 0.00 0.00 0.00 0
5736 0.00 0.00 0.00 0
5755 0.00 0.00 0.00 0
5756 0.00 0.00 0.00 0
5757 0.00 0.00 0.00 0
5774 0.00 0.00 0.00 0
5775 0.00 0.00 0.00 0
5776 0.00 0.00 0.00 0
6224 0.00 0.00 0.00 0
6225 0.00 0.00 0.00 0
6226 0.00 0.00 0.00 0
6236 0.00 0.00 0.00 0
6237 0.00 0.00 0.00 0
6238 0.00 0.00 0.00 0
6247 0.00 0.00 0.00 0
6248 0.00 0.00 0.00 0
6249 0.00 0.00 0.00 0
6250 0.00 0.00 0.00 0
6251 0.00 0.00 0.00 0
6257 0.00 0.00 0.00 0
6258 0.00 0.00 0.00 0
6259 0.00 0.00 0.00 0
6260 0.00 0.00 0.00 0
6261 0.00 0.00 0.00 0
6262 0.00 0.00 0.00 0
6263 0.00 0.00 0.00 0
6271 0.00 0.00 0.00 0
6272 0.00 0.00 0.00 0
6273 0.00 0.00 0.00 0
6274 0.00 0.00 0.00 0
6275 0.00 0.00 0.00 0
6286 0.00 0.00 0.00 0
6287 0.00 0.00 0.00 0
6288 0.00 0.00 0.00 0
6289 0.00 0.00 0.00 0
6290 0.00 0.00 0.00 0
6291 0.00 0.00 0.00 0
6295 0.00 0.00 0.00 0
6296 0.00 0.00 0.00 0
6297 0.00 0.00 0.00 0
6298 0.00 0.00 0.00 0
6299 0.00 0.00 0.00 0
6300 0.00 0.00 0.00 0
6301 0.00 0.00 0.00 0
6302 0.00 0.00 0.00 0
6303 0.00 0.00 0.00 0
6304 0.00 0.00 0.00 0
6313 0.00 0.00 0.00 0
6325 0.00 0.00 0.00 0
6326 0.00 0.00 0.00 0
6327 0.00 0.00 0.00 0
6328 0.00 0.00 0.00 0
6331 0.00 0.00 0.00 0
6332 0.00 0.00 0.00 0
6333 0.00 0.00 0.00 0
6334 0.00 0.00 0.00 0
6335 0.00 0.00 0.00 0
6336 0.00 0.00 0.00 0
6337 0.00 0.00 0.00 0
6338 0.00 0.00 0.00 0
6344 0.00 0.00 0.00 0
6345 0.00 0.00 0.00 0
6346 0.00 0.00 0.00 0
6347 0.00 0.00 0.00 0
6348 0.00 0.00 0.00 0
6349 0.00 0.00 0.00 0
6350 0.00 0.00 0.00 0
6360 0.00 0.00 0.00 0
6361 0.00 0.00 0.00 0
6362 0.00 0.00 0.00 0
6363 0.00 0.00 0.00 0
6364 0.00 0.00 0.00 0
6376 0.00 0.00 0.00 0
6377 0.00 0.00 0.00 0
6378 0.00 0.00 0.00 0
6379 0.00 0.00 0.00 0
6380 0.00 0.00 0.00 0
6381 0.00 0.00 0.00 0
6382 0.00 0.00 0.00 0
6397 0.00 0.00 0.00 0
6398 0.00 0.00 0.00 0
6399 0.00 0.00 0.00 0
6400 0.00 0.00 0.00 0
6401 0.00 0.00 0.00 0
6407 0.00 0.00 0.00 0
6414 0.00 0.00 0.00 0
6415 0.00 0.00 0.00 0
6422 0.00 0.00 0.00 0
6423 0.00 0.00 0.00 0
6424 0.00 0.00 0.00 0
6432 0.00 0.00 0.00 0
6433 0.00 0.00 0.00 0
6434 0.00 0.00 0.00 0
6445 0.00 0.00 0.00 0
6446 0.00 0.00 0.00 0
6454 0.00 0.00 0.00 0
6455 0.00 0.00 0.00 0
6471 0.00 0.00 0.00 0
6472 0.00 0.00 0.00 0
6473 0.00 0.00 0.00 0
6489 0.00 0.00 0.00 0
6507 0.00 0.00 0.00 0
6525 0.00 0.00 0.00 0
6539 0.00 0.00 0.00 0
6553 0.00 0.00 0.00 0
6554 0.00 0.00 0.00 0
6572 0.00 0.00 0.00 0
6573 0.00 0.00 0.00 0
6589 0.00 0.00 0.00 0
6590 0.00 0.00 0.00 0
6611 0.00 0.00 0.00 0
6612 0.00 0.00 0.00 0
6613 0.00 0.00 0.00 0
7084 0.00 0.00 0.00 0
7085 0.00 0.00 0.00 0
7096 0.00 0.00 0.00 0
7097 0.00 0.00 0.00 0
7098 0.00 0.00 0.00 0
7099 0.00 0.00 0.00 0
7112 0.00 0.00 0.00 0
7113 0.00 0.00 0.00 0
7114 0.00 0.00 0.00 0
7115 0.00 0.00 0.00 0
7116 0.00 0.00 0.00 0
7117 0.00 0.00 0.00 0
7124 0.00 0.00 0.00 0
7125 0.00 0.00 0.00 0
7126 0.00 0.00 0.00 0
7127 0.00 0.00 0.00 0
7128 0.00 0.00 0.00 0
7135 0.00 0.00 0.00 0
7136 0.00 0.00 0.00 0
7137 0.00 0.00 0.00 0
7138 0.00 0.00 0.00 0
7150 0.00 0.00 0.00 0
7151 0.00 0.00 0.00 0
7152 0.00 0.00 0.00 0
7153 0.00 0.00 0.00 0
7154 0.00 0.00 0.00 0
7155 0.00 0.00 0.00 0
7158 0.00 0.00 0.00 0
7159 0.00 0.00 0.00 0
7160 0.00 0.00 0.00 0
7161 0.00 0.00 0.00 0
7162 0.00 0.00 0.00 0
7163 0.00 0.00 0.00 0
7164 0.00 0.00 0.00 0
7165 0.00 0.00 0.00 0
7166 0.00 0.00 0.00 0
7167 0.00 0.00 0.00 0
7168 0.00 0.00 0.00 0
7169 0.00 0.00 0.00 0
7174 0.00 0.00 0.00 0
7175 0.00 0.00 0.00 0
7176 0.00 0.00 0.00 0
7177 0.00 0.00 0.00 0
7178 0.00 0.00 0.00 0
7179 0.00 0.00 0.00 0
7191 0.00 0.00 0.00 0
7195 0.00 0.00 0.00 0
7196 0.00 0.00 0.00 0
7197 0.00 0.00 0.00 0
7198 0.00 0.00 0.00 0
7199 0.00 0.00 0.00 0
7205 0.00 0.00 0.00 0
7206 0.00 0.00 0.00 0
7207 0.00 0.00 0.00 0
7208 0.00 0.00 0.00 0
7209 0.00 0.00 0.00 0
7210 0.00 0.00 0.00 0
7221 0.00 0.00 0.00 0
7222 0.00 0.00 0.00 0
7223 0.00 0.00 0.00 0
7224 0.00 0.00 0.00 0
7225 0.00 0.00 0.00 0
7226 0.00 0.00 0.00 0
7234 0.00 0.00 0.00 0
7235 0.00 0.00 0.00 0
7236 0.00 0.00 0.00 0
7237 0.00 0.00 0.00 0
7238 0.00 0.00 0.00 0
7239 0.00 0.00 0.00 0
7257 0.00 0.00 0.00 0
7258 0.00 0.00 0.00 0
7259 0.00 0.00 0.00 0
7260 0.00 0.00 0.00 0
7270 0.00 0.00 0.00 0
7277 0.00 0.00 0.00 0
7278 0.00 0.00 0.00 0
7279 0.00 0.00 0.00 0
7280 0.00 0.00 0.00 0
7281 0.00 0.00 0.00 0
7289 0.00 0.00 0.00 0
7290 0.00 0.00 0.00 0
7291 0.00 0.00 0.00 0
7292 0.00 0.00 0.00 0
7293 0.00 0.00 0.00 0
7302 0.00 0.00 0.00 0
7303 0.00 0.00 0.00 0
7304 0.00 0.00 0.00 0
7321 0.00 0.00 0.00 0
7322 0.00 0.00 0.00 0
7333 0.00 0.00 0.00 0
7334 0.00 0.00 0.00 0
7350 0.00 0.00 0.00 0
7351 0.00 0.00 0.00 0
7352 0.00 0.00 0.00 0
7369 0.00 0.00 0.00 0
7389 0.00 0.00 0.00 0
7407 0.00 0.00 0.00 0
7423 0.00 0.00 0.00 0
7441 0.00 0.00 0.00 0
7461 0.00 0.00 0.00 0
7462 0.00 0.00 0.00 0
7463 0.00 0.00 0.00 0
7464 0.00 0.00 0.00 0
7479 0.00 0.00 0.00 0
7480 0.00 0.00 0.00 0
7481 0.00 0.00 0.00 0
7500 0.00 0.00 0.00 0
7501 0.00 0.00 0.00 0
7502 0.00 0.00 0.00 0
7974 0.00 0.00 0.00 0
7985 0.00 0.00 0.00 0
7986 0.00 0.00 0.00 0
7987 0.00 0.00 0.00 0
8000 0.00 0.00 0.00 0
8001 0.00 0.00 0.00 0
8002 0.00 0.00 0.00 0
8003 0.00 0.00 0.00 0
8004 0.00 0.00 0.00 0
8005 0.00 0.00 0.00 0
8012 0.00 0.00 0.00 0
8013 0.00 0.00 0.00 0
8014 0.00 0.00 0.00 0
8015 0.00 0.00 0.00 0
8016 0.00 0.00 0.00 0
8017 0.00 0.00 0.00 0
8023 0.00 0.00 0.00 0
8024 0.00 0.00 0.00 0
8025 0.00 0.00 0.00 0
8026 0.00 0.00 0.00 0
8027 0.00 0.00 0.00 0
8028 0.00 0.00 0.00 0
8041 0.00 0.00 0.00 0
8042 0.00 0.00 0.00 0
8043 0.00 0.00 0.00 0
8044 0.00 0.00 0.00 0
8045 0.00 0.00 0.00 0
8046 0.00 0.00 0.00 0
8047 0.00 0.00 0.00 0
8050 0.00 0.00 0.00 0
8051 0.00 0.00 0.00 0
8052 0.00 0.00 0.00 0
8053 0.00 0.00 0.00 0
8054 0.00 0.00 0.00 0
8055 0.00 0.00 0.00 0
8056 0.00 0.00 0.00 0
8057 0.00 0.00 0.00 0
8058 0.00 0.00 0.00 0
8060 0.00 0.00 0.00 0
8061 0.00 0.00 0.00 0
8062 0.00 0.00 0.00 0
8063 0.00 0.00 0.00 0
8064 0.00 0.00 0.00 0
8065 0.00 0.00 0.00 0
8066 0.00 0.00 0.00 0
8067 0.00 0.00 0.00 0
8078 0.00 0.00 0.00 0
8079 0.00 0.00 0.00 0
8080 0.00 0.00 0.00 0
8089 0.00 0.00 0.00 0
8090 0.00 0.00 0.00 0
8094 0.00 0.00 0.00 0
8095 0.00 0.00 0.00 0
8107 0.00 0.00 0.00 0
8108 0.00 0.00 0.00 0
8109 0.00 0.00 0.00 0
8116 0.00 0.00 0.00 0
8117 0.00 0.00 0.00 0
8118 0.00 0.00 0.00 0
8135 0.00 0.00 0.00 0
8147 0.00 0.00 0.00 0
8148 0.00 0.00 0.00 0
8149 0.00 0.00 0.00 0
8150 0.00 0.00 0.00 0
8159 0.00 0.00 0.00 0
8160 0.00 0.00 0.00 0
8161 0.00 0.00 0.00 0
8162 0.00 0.00 0.00 0
8163 0.00 0.00 0.00 0
8173 0.00 0.00 0.00 0
8174 0.00 0.00 0.00 0
8175 0.00 0.00 0.00 0
8188 0.00 0.00 0.00 0
8208 0.00 0.00 0.00 0
8209 0.00 0.00 0.00 0
8220 0.00 0.00 0.00 0
8221 0.00 0.00 0.00 0
8234 0.00 0.00 0.00 0
8235 0.00 0.00 0.00 0
8250 0.00 0.00 0.00 0
8268 0.00 0.00 0.00 0
8287 0.00 0.00 0.00 0
8303 0.00 0.00 0.00 0
8304 0.00 0.00 0.00 0
8321 0.00 0.00 0.00 0
8322 0.00 0.00 0.00 0
8323 0.00 0.00 0.00 0
8324 0.00 0.00 0.00 0
8338 0.00 0.00 0.00 0
8339 0.00 0.00 0.00 0
8340 0.00 0.00 0.00 0
8341 0.00 0.00 0.00 0
8886 0.00 0.00 0.00 0
8899 0.00 0.00 0.00 0
8900 0.00 0.00 0.00 0
8901 0.00 0.00 0.00 0
8902 0.00 0.00 0.00 0
8916 0.00 0.00 0.00 0
8917 0.00 0.00 0.00 0
8918 0.00 0.00 0.00 0
8919 0.00 0.00 0.00 0
8920 0.00 0.00 0.00 0
8921 0.00 0.00 0.00 0
8927 0.00 0.00 0.00 0
8928 0.00 0.00 0.00 0
8929 0.00 0.00 0.00 0
8930 0.00 0.00 0.00 0
8931 0.00 0.00 0.00 0
8932 0.00 0.00 0.00 0
8937 0.00 0.00 0.00 0
8938 0.00 0.00 0.00 0
8939 0.00 0.00 0.00 0
8940 0.00 0.00 0.00 0
8941 0.00 0.00 0.00 0
8942 0.00 0.00 0.00 0
8943 0.00 0.00 0.00 0
8957 0.00 0.00 0.00 0
8958 0.00 0.00 0.00 0
8959 0.00 0.00 0.00 0
8960 0.00 0.00 0.00 0
8961 0.00 0.00 0.00 0
8962 0.00 0.00 0.00 0
8963 0.00 0.00 0.00 0
8969 0.00 0.00 0.00 0
8970 0.00 0.00 0.00 0
8971 0.00 0.00 0.00 0
8972 0.00 0.00 0.00 0
8973 0.00 0.00 0.00 0
8974 0.00 0.00 0.00 0
8975 0.00 0.00 0.00 0
8977 0.00 0.00 0.00 0
8978 0.00 0.00 0.00 0
8979 0.00 0.00 0.00 0
8980 0.00 0.00 0.00 0
8981 0.00 0.00 0.00 0
8982 0.00 0.00 0.00 0
8983 0.00 0.00 0.00 0
8984 0.00 0.00 0.00 0
8989 0.00 0.00 0.00 0
8990 0.00 0.00 0.00 0
8991 0.00 0.00 0.00 0
8992 0.00 0.00 0.00 0
8993 0.00 0.00 0.00 0
8994 0.00 0.00 0.00 0
9003 0.00 0.00 0.00 0
9004 0.00 0.00 0.00 0
9008 0.00 0.00 0.00 0
9019 0.00 0.00 0.00 0
9027 0.00 0.00 0.00 0
9048 0.00 0.00 0.00 0
9049 0.00 0.00 0.00 0
9050 0.00 0.00 0.00 0
9051 0.00 0.00 0.00 0
9072 0.00 0.00 0.00 0
9073 0.00 0.00 0.00 0
9074 0.00 0.00 0.00 0
9075 0.00 0.00 0.00 0
9076 0.00 0.00 0.00 0
9089 0.00 0.00 0.00 0
9090 0.00 0.00 0.00 0
9091 0.00 0.00 0.00 0
9092 0.00 0.00 0.00 0
9104 0.00 0.00 0.00 0
9105 0.00 0.00 0.00 0
9117 0.00 0.00 0.00 0
9118 0.00 0.00 0.00 0
9137 0.00 0.00 0.00 0
9138 0.00 0.00 0.00 0
9139 0.00 0.00 0.00 0
9149 0.00 0.00 0.00 0
9150 0.00 0.00 0.00 0
9151 0.00 0.00 0.00 0
9165 0.00 0.00 0.00 0
9166 0.00 0.00 0.00 0
9185 0.00 0.00 0.00 0
9206 0.00 0.00 0.00 0
9207 0.00 0.00 0.00 0
9229 0.00 0.00 0.00 0
9230 0.00 0.00 0.00 0
9231 0.00 0.00 0.00 0
9245 0.00 0.00 0.00 0
9246 0.00 0.00 0.00 0
9247 0.00 0.00 0.00 0
9264 0.00 0.00 0.00 0
9265 0.00 0.00 0.00 0
9266 0.00 0.00 0.00 0
9887 0.00 0.00 0.00 0
9904 0.00 0.00 0.00 0
9905 0.00 0.00 0.00 0
9906 0.00 0.00 0.00 0
9907 0.00 0.00 0.00 0
9922 0.00 0.00 0.00 0
9923 0.00 0.00 0.00 0
9924 0.00 0.00 0.00 0
9925 0.00 0.00 0.00 0
9926 0.00 0.00 0.00 0
9927 0.00 0.00 0.00 0
9928 0.00 0.00 0.00 0
9934 0.00 0.00 0.00 0
9935 0.00 0.00 0.00 0
9936 0.00 0.00 0.00 0
9937 0.00 0.00 0.00 0
9938 0.00 0.00 0.00 0
9939 0.00 0.00 0.00 0
9940 0.00 0.00 0.00 0
9941 0.00 0.00 0.00 0
9942 0.00 0.00 0.00 0
9946 0.00 0.00 0.00 0
9947 0.00 0.00 0.00 0
9948 0.00 0.00 0.00 0
9949 0.00 0.00 0.00 0
9950 0.00 0.00 0.00 0
9951 0.00 0.00 0.00 0
9952 0.00 0.00 0.00 0
9953 0.00 0.00 0.00 0
9954 0.00 0.00 0.00 0
9968 0.00 0.00 0.00 0
9969 0.00 0.00 0.00 0
9970 0.00 0.00 0.00 0
9971 0.00 0.00 0.00 0
9972 0.00 0.00 0.00 0
9973 0.00 0.00 0.00 0
9974 0.00 0.00 0.00 0
9975 0.00 0.00 0.00 0
9976 0.00 0.00 0.00 0
9985 0.00 0.00 0.00 0
9986 0.00 0.00 0.00 0
9987 0.00 0.00 0.00 0
9988 0.00 0.00 0.00 0
9989 0.00 0.00 0.00 0
9990 0.00 0.00 0.00 0
9991 0.00 0.00 0.00 0
9993 0.00 0.00 0.00 0
9994 0.00 0.00 0.00 0
9995 0.00 0.00 0.00 0
9996 0.00 0.00 0.00 0
9997 0.00 0.00 0.00 0
9998 0.00 0.00 0.00 0
10002 0.00 0.00 0.00 0
10003 0.00 0.00 0.00 0
10004 0.00 0.00 0.00 0
10005 0.00 0.00 0.00 0
10006 0.00 0.00 0.00 0
10007 0.00 0.00 0.00 0
10016 0.00 0.00 0.00 0
10020 0.00 0.00 0.00 0
10021 0.00 0.00 0.00 0
10022 0.00 0.00 0.00 0
10033 0.00 0.00 0.00 0
10034 0.00 0.00 0.00 0
10035 0.00 0.00 0.00 0
10036 0.00 0.00 0.00 0
10037 0.00 0.00 0.00 0
10049 0.00 0.00 0.00 0
10050 0.00 0.00 0.00 0
10051 0.00 0.00 0.00 0
10052 0.00 0.00 0.00 0
10053 0.00 0.00 0.00 0
10077 0.00 0.00 0.00 0
10078 0.00 0.00 0.00 0
10079 0.00 0.00 0.00 0
10080 0.00 0.00 0.00 0
10081 0.00 0.00 0.00 0
10104 0.00 0.00 0.00 0
10105 0.00 0.00 0.00 0
10106 0.00 0.00 0.00 0
10107 0.00 0.00 0.00 0
10120 0.00 0.00 0.00 0
10121 0.00 0.00 0.00 0
10134 0.00 0.00 0.00 0
10135 0.00 0.00 0.00 0
10136 0.00 0.00 0.00 0
10148 0.00 0.00 0.00 0
10149 0.00 0.00 0.00 0
10150 0.00 0.00 0.00 0
10171 0.00 0.00 0.00 0
10172 0.00 0.00 0.00 0
10173 0.00 0.00 0.00 0
10193 0.00 0.00 0.00 0
10194 0.00 0.00 0.00 0
10208 0.00 0.00 0.00 0
10222 0.00 0.00 0.00 0
10223 0.00 0.00 0.00 0
10240 0.00 0.00 0.00 0
10241 0.00 0.00 0.00 0
10242 0.00 0.00 0.00 0
10243 0.00 0.00 0.00 0
10265 0.00 0.00 0.00 0
10266 0.00 0.00 0.00 0
10267 0.00 0.00 0.00 0
10965 0.00 0.00 0.00 0
10982 0.00 0.00 0.00 0
10983 0.00 0.00 0.00 0
10984 0.00 0.00 0.00 0
10996 0.00 0.00 0.00 0
10997 0.00 0.00 0.00 0
10998 0.00 0.00 0.00 0
11007 0.00 0.00 0.00 0
11008 0.00 0.00 0.00 0
11009 0.00 0.00 0.00 0
11010 0.00 0.00 0.00 0
11011 0.00 0.00 0.00 0
11012 0.00 0.00 0.00 0
11013 0.00 0.00 0.00 0
11014 0.00 0.00 0.00 0
11021 0.00 0.00 0.00 0
11022 0.00 0.00 0.00 0
11023 0.00 0.00 0.00 0
11024 0.00 0.00 0.00 0
11025 0.00 0.00 0.00 0
11026 0.00 0.00 0.00 0
11040 0.00 0.00 0.00 0
11041 0.00 0.00 0.00 0
11042 0.00 0.00 0.00 0
11043 0.00 0.00 0.00 0
11044 0.00 0.00 0.00 0
11045 0.00 0.00 0.00 0
11058 0.00 0.00 0.00 0
11059 0.00 0.00 0.00 0
11060 0.00 0.00 0.00 0
11061 0.00 0.00 0.00 0
11062 0.00 0.00 0.00 0
11069 0.00 0.00 0.00 0
11070 0.00 0.00 0.00 0
11071 0.00 0.00 0.00 0
11072 0.00 0.00 0.00 0
11073 0.00 0.00 0.00 0
11074 0.00 0.00 0.00 0
11081 0.00 0.00 0.00 0
11082 0.00 0.00 0.00 0
11083 0.00 0.00 0.00 0
11084 0.00 0.00 0.00 0
11085 0.00 0.00 0.00 0
11086 0.00 0.00 0.00 0
11087 0.00 0.00 0.00 0
11088 0.00 0.00 0.00 0
11089 0.00 0.00 0.00 0
11100 0.00 0.00 0.00 0
11101 0.00 0.00 0.00 0
11102 0.00 0.00 0.00 0
11103 0.00 0.00 0.00 0
11104 0.00 0.00 0.00 0
11105 0.00 0.00 0.00 0
11106 0.00 0.00 0.00 0
11115 0.00 0.00 0.00 0
11116 0.00 0.00 0.00 0
11117 0.00 0.00 0.00 0
11118 0.00 0.00 0.00 0
11119 0.00 0.00 0.00 0
11135 0.00 0.00 0.00 0
11136 0.00 0.00 0.00 0
11137 0.00 0.00 0.00 0
11138 0.00 0.00 0.00 0
11139 0.00 0.00 0.00 0
11154 0.00 0.00 0.00 0
11155 0.00 0.00 0.00 0
11156 0.00 0.00 0.00 0
11179 0.00 0.00 0.00 0
11204 0.00 0.00 0.00 0
11205 0.00 0.00 0.00 0
11218 0.00 0.00 0.00 0
11219 0.00 0.00 0.00 0
11220 0.00 0.00 0.00 0
11232 0.00 0.00 0.00 0
11233 0.00 0.00 0.00 0
11234 0.00 0.00 0.00 0
11243 0.00 0.00 0.00 0
11244 0.00 0.00 0.00 0
11259 0.00 0.00 0.00 0
11278 0.00 0.00 0.00 0
11279 0.00 0.00 0.00 0
11280 0.00 0.00 0.00 0
11290 0.00 0.00 0.00 0
11291 0.00 0.00 0.00 0
11292 0.00 0.00 0.00 0
11300 0.00 0.00 0.00 0
11301 0.00 0.00 0.00 0
11302 0.00 0.00 0.00 0
11311 0.00 0.00 0.00 0
11312 0.00 0.00 0.00 0
11313 0.00 0.00 0.00 0
12070 0.00 0.00 0.00 0
12071 0.00 0.00 0.00 0
12088 0.00 0.00 0.00 0
12089 0.00 0.00 0.00 0
12090 0.00 0.00 0.00 0
12091 0.00 0.00 0.00 0
12101 0.00 0.00 0.00 0
12102 0.00 0.00 0.00 0
12103 0.00 0.00 0.00 0
12104 0.00 0.00 0.00 0
12112 0.00 0.00 0.00 0
12113 0.00 0.00 0.00 0
12114 0.00 0.00 0.00 0
12115 0.00 0.00 0.00 0
12116 0.00 0.00 0.00 0
12117 0.00 0.00 0.00 0
12118 0.00 0.00 0.00 0
12119 0.00 0.00 0.00 0
12120 0.00 0.00 0.00 0
12121 0.00 0.00 0.00 0
12128 0.00 0.00 0.00 0
12129 0.00 0.00 0.00 0
12130 0.00 0.00 0.00 0
12131 0.00 0.00 0.00 0
12132 0.00 0.00 0.00 0
12133 0.00 0.00 0.00 0
12134 0.00 0.00 0.00 0
12149 0.00 0.00 0.00 0
12150 0.00 0.00 0.00 0
12151 0.00 0.00 0.00 0
12152 0.00 0.00 0.00 0
12153 0.00 0.00 0.00 0
12154 0.00 0.00 0.00 0
12155 0.00 0.00 0.00 0
12156 0.00 0.00 0.00 0
12157 0.00 0.00 0.00 0
12171 0.00 0.00 0.00 0
12172 0.00 0.00 0.00 0
12173 0.00 0.00 0.00 0
12174 0.00 0.00 0.00 0
12175 0.00 0.00 0.00 0
12176 0.00 0.00 0.00 0
12177 0.00 0.00 0.00 0
12178 0.00 0.00 0.00 0
12179 0.00 0.00 0.00 0
12180 0.00 0.00 0.00 0
12181 0.00 0.00 0.00 0
12187 0.00 0.00 0.00 0
12188 0.00 0.00 0.00 0
12189 0.00 0.00 0.00 0
12190 0.00 0.00 0.00 0
12191 0.00 0.00 0.00 0
12192 0.00 0.00 0.00 0
12193 0.00 0.00 0.00 0
12194 0.00 0.00 0.00 0
12195 0.00 0.00 0.00 0
12196 0.00 0.00 0.00 0
12203 0.00 0.00 0.00 0
12204 0.00 0.00 0.00 0
12205 0.00 0.00 0.00 0
12206 0.00 0.00 0.00 0
12207 0.00 0.00 0.00 0
12208 0.00 0.00 0.00 0
12209 0.00 0.00 0.00 0
12210 0.00 0.00 0.00 0
12211 0.00 0.00 0.00 0
12212 0.00 0.00 0.00 0
12213 0.00 0.00 0.00 0
12214 0.00 0.00 0.00 0
12226 0.00 0.00 0.00 0
12227 0.00 0.00 0.00 0
12228 0.00 0.00 0.00 0
12229 0.00 0.00 0.00 0
12230 0.00 0.00 0.00 0
12231 0.00 0.00 0.00 0
12232 0.00 0.00 0.00 0
12233 0.00 0.00 0.00 0
12234 0.00 0.00 0.00 0
12235 0.00 0.00 0.00 0
12251 0.00 0.00 0.00 0
12252 0.00 0.00 0.00 0
12253 0.00 0.00 0.00 0
12270 0.00 0.00 0.00 0
12283 0.00 0.00 0.00 0
12284 0.00 0.00 0.00 0
12300 0.00 0.00 0.00 0
12301 0.00 0.00 0.00 0
12324 0.00 0.00 0.00 0
12325 0.00 0.00 0.00 0
12326 0.00 0.00 0.00 0
12335 0.00 0.00 0.00 0
12336 0.00 0.00 0.00 0
12337 0.00 0.00 0.00 0
12345 0.00 0.00 0.00 0
12346 0.00 0.00 0.00 0
12356 0.00 0.00 0.00 0
12368 0.00 0.00 0.00 0
12369 0.00 0.00 0.00 0
12389 0.00 0.00 0.00 0
12390 0.00 0.00 0.00 0
12391 0.00 0.00 0.00 0
12403 0.00 0.00 0.00 0
12404 0.00 0.00 0.00 0
12405 0.00 0.00 0.00 0
13200 0.00 0.00 0.00 0
13201 0.00 0.00 0.00 0
13202 0.00 0.00 0.00 0
13216 0.00 0.00 0.00 0
13217 0.00 0.00 0.00 0
13218 0.00 0.00 0.00 0
13232 0.00 0.00 0.00 0
13233 0.00 0.00 0.00 0
13244 0.00 0.00 0.00 0
13245 0.00 0.00 0.00 0
13246 0.00 0.00 0.00 0
13247 0.00 0.00 0.00 0
13248 0.00 0.00 0.00 0
13249 0.00 0.00 0.00 0
13250 0.00 0.00 0.00 0
13251 0.00 0.00 0.00 0
13260 0.00 0.00 0.00 0
13261 0.00 0.00 0.00 0
13262 0.00 0.00 0.00 0
13263 0.00 0.00 0.00 0
13264 0.00 0.00 0.00 0
13265 0.00 0.00 0.00 0
13278 0.00 0.00 0.00 0
13279 0.00 0.00 0.00 0
13280 0.00 0.00 0.00 0
13281 0.00 0.00 0.00 0
13282 0.00 0.00 0.00 0
13283 0.00 0.00 0.00 0
13284 0.00 0.00 0.00 0
13285 0.00 0.00 0.00 0
13299 0.00 0.00 0.00 0
13300 0.00 0.00 0.00 0
13301 0.00 0.00 0.00 0
13302 0.00 0.00 0.00 0
13303 0.00 0.00 0.00 0
13304 0.00 0.00 0.00 0
13305 0.00 0.00 0.00 0
13312 0.00 0.00 0.00 0
13313 0.00 0.00 0.00 0
13314 0.00 0.00 0.00 0
13315 0.00 0.00 0.00 0
13323 0.00 0.00 0.00 0
13324 0.00 0.00 0.00 0
13325 0.00 0.00 0.00 0
13326 0.00 0.00 0.00 0
13327 0.00 0.00 0.00 0
13337 0.00 0.00 0.00 0
13338 0.00 0.00 0.00 0
13339 0.00 0.00 0.00 0
13340 0.00 0.00 0.00 0
13341 0.00 0.00 0.00 0
13342 0.00 0.00 0.00 0
13343 0.00 0.00 0.00 0
13357 0.00 0.00 0.00 0
13358 0.00 0.00 0.00 0
13373 0.00 0.00 0.00 0
13374 0.00 0.00 0.00 0
13375 0.00 0.00 0.00 0
13389 0.00 0.00 0.00 0
13390 0.00 0.00 0.00 0
13391 0.00 0.00 0.00 0
13392 0.00 0.00 0.00 0
13406 0.00 0.00 0.00 0
13407 0.00 0.00 0.00 0
13408 0.00 0.00 0.00 0
13429 0.00 0.00 0.00 0
13430 0.00 0.00 0.00 0
13431 0.00 0.00 0.00 0
13432 0.00 0.00 0.00 0
13441 0.00 0.00 0.00 0
13442 0.00 0.00 0.00 0
13443 0.00 0.00 0.00 0
13450 0.00 0.00 0.00 0
13451 0.00 0.00 0.00 0
13462 0.00 0.00 0.00 0
13474 0.00 0.00 0.00 0
13475 0.00 0.00 0.00 0
14387 0.00 0.00 0.00 0
14388 0.00 0.00 0.00 0
14389 0.00 0.00 0.00 0
14390 0.00 0.00 0.00 0
14410 0.00 0.00 0.00 0
14440 0.00 0.00 0.00 0
14441 0.00 0.00 0.00 0
14442 0.00 0.00 0.00 0
14443 0.00 0.00 0.00 0
14444 0.00 0.00 0.00 0
14458 0.00 0.00 0.00 0
14459 0.00 0.00 0.00 0
14460 0.00 0.00 0.00 0
14461 0.00 0.00 0.00 0
14462 0.00 0.00 0.00 0
14464 0.00 0.00 0.00 0
14478 0.00 0.00 0.00 0
14479 0.00 0.00 0.00 0
14480 0.00 0.00 0.00 0
14481 0.00 0.00 0.00 0
14482 0.00 0.00 0.00 0
14483 0.00 0.00 0.00 0
14484 0.00 0.00 0.00 0
14496 0.00 0.00 0.00 0
14497 0.00 0.00 0.00 0
14498 0.00 0.00 0.00 0
14499 0.00 0.00 0.00 0
14500 0.00 0.00 0.00 0
14501 0.00 0.00 0.00 0
14502 0.00 0.00 0.00 0
14503 0.00 0.00 0.00 0
14504 0.00 0.00 0.00 0
14511 0.00 0.00 0.00 0
14512 0.00 0.00 0.00 0
14513 0.00 0.00 0.00 0
14514 0.00 0.00 0.00 0
14515 0.00 0.00 0.00 0
14516 0.00 0.00 0.00 0
14517 0.00 0.00 0.00 0
14525 0.00 0.00 0.00 0
14526 0.00 0.00 0.00 0
14527 0.00 0.00 0.00 0
14528 0.00 0.00 0.00 0
14529 0.00 0.00 0.00 0
14530 0.00 0.00 0.00 0
14531 0.00 0.00 0.00 0
14541 0.00 0.00 0.00 0
14542 0.00 0.00 0.00 0
14543 0.00 0.00 0.00 0
14544 0.00 0.00 0.00 0
14545 0.00 0.00 0.00 0
14546 0.00 0.00 0.00 0
14547 0.00 0.00 0.00 0
14548 0.00 0.00 0.00 0
14549 0.00 0.00 0.00 0
14559 0.00 0.00 0.00 0
14560 0.00 0.00 0.00 0
14561 0.00 0.00 0.00 0
14562 0.00 0.00 0.00 0
14563 0.00 0.00 0.00 0
14564 0.00 0.00 0.00 0
14578 0.00 0.00 0.00 0
14579 0.00 0.00 0.00 0
14580 0.00 0.00 0.00 0
14581 0.00 0.00 0.00 0
14596 0.00 0.00 0.00 0
14597 0.00 0.00 0.00 0
14598 0.00 0.00 0.00 0
14614 0.00 0.00 0.00 0
14615 0.00 0.00 0.00 0
14633 0.00 0.00 0.00 0
14634 0.00 0.00 0.00 0
14644 0.00 0.00 0.00 0
14645 0.00 0.00 0.00 0
14655 0.00 0.00 0.00 0
14656 0.00 0.00 0.00 0
14657 0.00 0.00 0.00 0
14667 0.00 0.00 0.00 0
14668 0.00 0.00 0.00 0
14681 0.00 0.00 0.00 0
14682 0.00 0.00 0.00 0
15556 0.00 0.00 0.00 0
15557 0.00 0.00 0.00 0
15558 0.00 0.00 0.00 0
15580 0.00 0.00 0.00 0
15616 0.00 0.00 0.00 0
15617 0.00 0.00 0.00 0
15618 0.00 0.00 0.00 0
15631 0.00 0.00 0.00 0
15632 0.00 0.00 0.00 0
15633 0.00 0.00 0.00 0
15634 0.00 0.00 0.00 0
15635 0.00 0.00 0.00 0
15636 0.00 0.00 0.00 0
15646 0.00 0.00 0.00 0
15647 0.00 0.00 0.00 0
15648 0.00 0.00 0.00 0
15649 0.00 0.00 0.00 0
15650 0.00 0.00 0.00 0
15651 0.00 0.00 0.00 0
15664 0.00 0.00 0.00 0
15665 0.00 0.00 0.00 0
15666 0.00 0.00 0.00 0
15667 0.00 0.00 0.00 0
15668 0.00 0.00 0.00 0
15669 0.00 0.00 0.00 0
15670 0.00 0.00 0.00 0
15681 0.00 0.00 0.00 0
15682 0.00 0.00 0.00 0
15683 0.00 0.00 0.00 0
15684 0.00 0.00 0.00 0
15685 0.00 0.00 0.00 0
15686 0.00 0.00 0.00 0
15694 0.00 0.00 0.00 0
15695 0.00 0.00 0.00 0
15696 0.00 0.00 0.00 0
15697 0.00 0.00 0.00 0
15698 0.00 0.00 0.00 0
15699 0.00 0.00 0.00 0
15708 0.00 0.00 0.00 0
15709 0.00 0.00 0.00 0
15710 0.00 0.00 0.00 0
15711 0.00 0.00 0.00 0
15712 0.00 0.00 0.00 0
15713 0.00 0.00 0.00 0
15714 0.00 0.00 0.00 0
15715 0.00 0.00 0.00 0
15716 0.00 0.00 0.00 0
15724 0.00 0.00 0.00 0
15725 0.00 0.00 0.00 0
15726 0.00 0.00 0.00 0
15730 0.00 0.00 0.00 0
15731 0.00 0.00 0.00 0
15742 0.00 0.00 0.00 0
15743 0.00 0.00 0.00 0
15758 0.00 0.00 0.00 0
15777 0.00 0.00 0.00 0
15794 0.00 0.00 0.00 0
15795 0.00 0.00 0.00 0
15807 0.00 0.00 0.00 0
15808 0.00 0.00 0.00 0
15809 0.00 0.00 0.00 0
15820 0.00 0.00 0.00 0
15821 0.00 0.00 0.00 0
15822 0.00 0.00 0.00 0
16776 0.00 0.00 0.00 0
16849 0.00 0.00 0.00 0
16850 0.00 0.00 0.00 0
16851 0.00 0.00 0.00 0
16852 0.00 0.00 0.00 0
16853 0.00 0.00 0.00 0
16864 0.00 0.00 0.00 0
16865 0.00 0.00 0.00 0
16866 0.00 0.00 0.00 0
16867 0.00 0.00 0.00 0
16868 0.00 0.00 0.00 0
16869 0.00 0.00 0.00 0
16870 0.00 0.00 0.00 0
16871 0.00 0.00 0.00 0
16880 0.00 0.00 0.00 0
16881 0.00 0.00 0.00 0
16882 0.00 0.00 0.00 0
16883 0.00 0.00 0.00 0
16884 0.00 0.00 0.00 0
16895 0.00 0.00 0.00 0
16896 0.00 0.00 0.00 0
16897 0.00 0.00 0.00 0
16898 0.00 0.00 0.00 0
16899 0.00 0.00 0.00 0
16908 0.00 0.00 0.00 0
16909 0.00 0.00 0.00 0
16910 0.00 0.00 0.00 0
16911 0.00 0.00 0.00 0
16922 0.00 0.00 0.00 0
16923 0.00 0.00 0.00 0
16924 0.00 0.00 0.00 0
16925 0.00 0.00 0.00 0
16926 0.00 0.00 0.00 0
16927 0.00 0.00 0.00 0
16928 0.00 0.00 0.00 0
16929 0.00 0.00 0.00 0
16930 0.00 0.00 0.00 0
16931 0.00 0.00 0.00 0
16942 0.00 0.00 0.00 0
16943 0.00 0.00 0.00 0
16948 0.00 0.00 0.00 0
16949 0.00 0.00 0.00 0
16950 0.00 0.00 0.00 0
16965 0.00 0.00 0.00 0
16984 0.00 0.00 0.00 0
16985 0.00 0.00 0.00 0
17003 0.00 0.00 0.00 0
17004 0.00 0.00 0.00 0
17016 0.00 0.00 0.00 0
17017 0.00 0.00 0.00 0
17018 0.00 0.00 0.00 0
18065 0.00 0.00 0.00 0
18066 0.00 0.00 0.00 0
18083 0.00 0.00 0.00 0
18084 0.00 0.00 0.00 0
18085 0.00 0.00 0.00 0
18086 0.00 0.00 0.00 0
18087 0.00 0.00 0.00 0
18088 0.00 0.00 0.00 0
18089 0.00 0.00 0.00 0
18090 0.00 0.00 0.00 0
18102 0.00 0.00 0.00 0
18103 0.00 0.00 0.00 0
18104 0.00 0.00 0.00 0
18105 0.00 0.00 0.00 0
18106 0.00 0.00 0.00 0
18107 0.00 0.00 0.00 0
18108 0.00 0.00 0.00 0
18109 0.00 0.00 0.00 0
18124 0.00 0.00 0.00 0
18125 0.00 0.00 0.00 0
18126 0.00 0.00 0.00 0
18127 0.00 0.00 0.00 0
18128 0.00 0.00 0.00 0
18129 0.00 0.00 0.00 0
18130 0.00 0.00 0.00 0
18144 0.00 0.00 0.00 0
18145 0.00 0.00 0.00 0
18146 0.00 0.00 0.00 0
18147 0.00 0.00 0.00 0
18148 0.00 0.00 0.00 0
18149 0.00 0.00 0.00 0
18163 0.00 0.00 0.00 0
18164 0.00 0.00 0.00 0
18165 0.00 0.00 0.00 0
18166 0.00 0.00 0.00 0
18167 0.00 0.00 0.00 0
18168 0.00 0.00 0.00 0
18169 0.00 0.00 0.00 0
18170 0.00 0.00 0.00 0
18171 0.00 0.00 0.00 0
18188 0.00 0.00 0.00 0
18193 0.00 0.00 0.00 0
18194 0.00 0.00 0.00 0
18195 0.00 0.00 0.00 0
18210 0.00 0.00 0.00 0
18228 0.00 0.00 0.00 0
19218 0.00 0.00 0.00 0
19219 0.00 0.00 0.00 0
19220 0.00 0.00 0.00 0
19221 0.00 0.00 0.00 0
19222 0.00 0.00 0.00 0
19238 0.00 0.00 0.00 0
19239 0.00 0.00 0.00 0
19240 0.00 0.00 0.00 0
19241 0.00 0.00 0.00 0
19242 0.00 0.00 0.00 0
19243 0.00 0.00 0.00 0
19244 0.00 0.00 0.00 0
19245 0.00 0.00 0.00 0
19261 0.00 0.00 0.00 0
19262 0.00 0.00 0.00 0
19263 0.00 0.00 0.00 0
19264 0.00 0.00 0.00 0
19265 0.00 0.00 0.00 0
19266 0.00 0.00 0.00 0
19282 0.00 0.00 0.00 0
19283 0.00 0.00 0.00 0
19284 0.00 0.00 0.00 0
19285 0.00 0.00 0.00 0
19286 0.00 0.00 0.00 0
19287 0.00 0.00 0.00 0
19288 0.00 0.00 0.00 0
19289 0.00 0.00 0.00 0
19303 0.00 0.00 0.00 0
19304 0.00 0.00 0.00 0
19305 0.00 0.00 0.00 0
19306 0.00 0.00 0.00 0
19307 0.00 0.00 0.00 0
19308 0.00 0.00 0.00 0
19309 0.00 0.00 0.00 0
19310 0.00 0.00 0.00 0
19311 0.00 0.00 0.00 0
19312 0.00 0.00 0.00 0
19313 0.00 0.00 0.00 0
19314 0.00 0.00 0.00 0
19327 0.00 0.00 0.00 0
19331 0.00 0.00 0.00 0
19332 0.00 0.00 0.00 0
19333 0.00 0.00 0.00 0
19342 0.00 0.00 0.00 0
19356 0.00 0.00 0.00 0
19372 0.00 0.00 0.00 0
20389 0.00 0.00 0.00 0
20390 0.00 0.00 0.00 0
20391 0.00 0.00 0.00 0
20392 0.00 0.00 0.00 0
20393 0.00 0.00 0.00 0
20394 0.00 0.00 0.00 0
20395 0.00 0.00 0.00 0
20405 0.00 0.00 0.00 0
20406 0.00 0.00 0.00 0
20407 0.00 0.00 0.00 0
20408 0.00 0.00 0.00 0
20409 0.00 0.00 0.00 0
20410 0.00 0.00 0.00 0
20411 0.00 0.00 0.00 0
20412 0.00 0.00 0.00 0
20423 0.00 0.00 0.00 0
20424 0.00 0.00 0.00 0
20425 0.00 0.00 0.00 0
20426 0.00 0.00 0.00 0
20427 0.00 0.00 0.00 0
20428 0.00 0.00 0.00 0
20429 0.00 0.00 0.00 0
20430 0.00 0.00 0.00 0
20431 0.00 0.00 0.00 0
20432 0.00 0.00 0.00 0
20433 0.00 0.00 0.00 0
20444 0.00 0.00 0.00 0
20445 0.00 0.00 0.00 0
20446 0.00 0.00 0.00 0
20447 0.00 0.00 0.00 0
20448 0.00 0.00 0.00 0
20449 0.00 0.00 0.00 0
20450 0.00 0.00 0.00 0
20451 0.00 0.00 0.00 0
20452 0.00 0.00 0.00 0
20453 0.00 0.00 0.00 0
20454 0.00 0.00 0.00 0
20455 0.00 0.00 0.00 0
20456 0.00 0.00 0.00 0
20457 0.00 0.00 0.00 0
20466 0.00 0.00 0.00 0
20475 0.00 0.00 0.00 0
20489 0.00 0.00 0.00 0
20507 0.00 0.00 0.00 0
21564 0.00 0.00 0.00 0
21565 0.00 0.00 0.00 0
21566 0.00 0.00 0.00 0
21574 0.00 0.00 0.00 0
21575 0.00 0.00 0.00 0
21576 0.00 0.00 0.00 0
21577 0.00 0.00 0.00 0
21578 0.00 0.00 0.00 0
21579 0.00 0.00 0.00 0
21592 0.00 0.00 0.00 0
21593 0.00 0.00 0.00 0
21594 0.00 0.00 0.00 0
21595 0.00 0.00 0.00 0
21596 0.00 0.00 0.00 0
21597 0.00 0.00 0.00 0
21598 0.00 0.00 0.00 0
21599 0.00 0.00 0.00 0
21600 0.00 0.00 0.00 0
21601 0.00 0.00 0.00 0
21602 0.00 0.00 0.00 0
21603 0.00 0.00 0.00 0
21604 0.00 0.00 0.00 0
21605 0.00 0.00 0.00 0
21615 0.00 0.00 0.00 0
21616 0.00 0.00 0.00 0
21617 0.00 0.00 0.00 0
21618 0.00 0.00 0.00 0
21619 0.00 0.00 0.00 0
21620 0.00 0.00 0.00 0
21621 0.00 0.00 0.00 0
21622 0.00 0.00 0.00 0
21623 0.00 0.00 0.00 0
21624 0.00 0.00 0.00 0
21625 0.00 0.00 0.00 0
21626 0.00 0.00 0.00 0
21627 0.00 0.00 0.00 0
21628 0.00 0.00 0.00 0
21629 0.00 0.00 0.00 0
21637 0.00 0.00 0.00 0
21638 0.00 0.00 0.00 0
21639 0.00 0.00 0.00 0
21640 0.00 0.00 0.00 0
21641 0.00 0.00 0.00 0
21650 0.00 0.00 0.00 0
21662 0.00 0.00 0.00 0
21682 0.00 0.00 0.00 0
22719 0.00 0.00 0.00 0
22720 0.00 0.00 0.00 0
22721 0.00 0.00 0.00 0
22736 0.00 0.00 0.00 0
22737 0.00 0.00 0.00 0
22738 0.00 0.00 0.00 0
22739 0.00 0.00 0.00 0
22740 0.00 0.00 0.00 0
22741 0.00 0.00 0.00 0
22742 0.00 0.00 0.00 0
22743 0.00 0.00 0.00 0
22744 0.00 0.00 0.00 0
22745 0.00 0.00 0.00 0
22746 0.00 0.00 0.00 0
22747 0.00 0.00 0.00 0
22748 0.00 0.00 0.00 0
22749 0.00 0.00 0.00 0
22750 0.00 0.00 0.00 0
22760 0.00 0.00 0.00 0
22761 0.00 0.00 0.00 0
22762 0.00 0.00 0.00 0
22763 0.00 0.00 0.00 0
22764 0.00 0.00 0.00 0
22765 0.00 0.00 0.00 0
22766 0.00 0.00 0.00 0
22767 0.00 0.00 0.00 0
22768 0.00 0.00 0.00 0
22769 0.00 0.00 0.00 0
22770 0.00 0.00 0.00 0
22771 0.00 0.00 0.00 0
22772 0.00 0.00 0.00 0
22773 0.00 0.00 0.00 0
22782 0.00 0.00 0.00 0
22783 0.00 0.00 0.00 0
22784 0.00 0.00 0.00 0
22785 0.00 0.00 0.00 0
22786 0.00 0.00 0.00 0
22787 0.00 0.00 0.00 0
22788 0.00 0.00 0.00 0
22789 0.00 0.00 0.00 0
22790 0.00 0.00 0.00 0
22798 0.00 0.00 0.00 0
22799 0.00 0.00 0.00 0
22800 0.00 0.00 0.00 0
22801 0.00 0.00 0.00 0
22810 0.00 0.00 0.00 0
22827 0.00 0.00 0.00 0
23842 0.00 0.00 0.00 0
23858 0.00 0.00 0.00 0
23859 0.00 0.00 0.00 0
23860 0.00 0.00 0.00 0
23861 0.00 0.00 0.00 0
23862 0.00 0.00 0.00 0
23863 0.00 0.00 0.00 0
23864 0.00 0.00 0.00 0
23865 0.00 0.00 0.00 0
23866 0.00 0.00 0.00 0
23875 0.00 0.00 0.00 0
23876 0.00 0.00 0.00 0
23877 0.00 0.00 0.00 0
23878 0.00 0.00 0.00 0
23879 0.00 0.00 0.00 0
23880 0.00 0.00 0.00 0
23881 0.00 0.00 0.00 0
23890 0.00 0.00 0.00 0
23891 0.00 0.00 0.00 0
23892 0.00 0.00 0.00 0
23893 0.00 0.00 0.00 0
23894 0.00 0.00 0.00 0
23895 0.00 0.00 0.00 0
23896 0.00 0.00 0.00 0
23897 0.00 0.00 0.00 0
23898 0.00 0.00 0.00 0
23899 0.00 0.00 0.00 0
23900 0.00 0.00 0.00 0
23901 0.00 0.00 0.00 0
23902 0.00 0.00 0.00 0
23903 0.00 0.00 0.00 0
23912 0.00 0.00 0.00 0
23913 0.00 0.00 0.00 0
23914 0.00 0.00 0.00 0
23915 0.00 0.00 0.00 0
23916 0.00 0.00 0.00 0
23917 0.00 0.00 0.00 0
23918 0.00 0.00 0.00 0
23919 0.00 0.00 0.00 0
23920 0.00 0.00 0.00 0
23921 0.00 0.00 0.00 0
23922 0.00 0.00 0.00 0
23923 0.00 0.00 0.00 0
23924 0.00 0.00 0.00 0
23925 0.00 0.00 0.00 0
23926 0.00 0.00 0.00 0
23936 0.00 0.00 0.00 0
23937 0.00 0.00 0.00 0
23938 0.00 0.00 0.00 0
23939 0.00 0.00 0.00 0
23940 0.00 0.00 0.00 0
23949 0.00 0.00 0.00 0
23955 0.00 0.00 0.00 0
23956 0.00 0.00 0.00 0
23957 0.00 0.00 0.00 0
23966 0.00 0.00 0.00 0
23976 0.00 0.00 0.00 0
23977 0.00 0.00 0.00 0
23978 0.00 0.00 0.00 0
25075 0.00 0.00 0.00 0
25076 0.00 0.00 0.00 0
25077 0.00 0.00 0.00 0
25078 0.00 0.00 0.00 0
25079 0.00 0.00 0.00 0
25080 0.00 0.00 0.00 0
25094 0.00 0.00 0.00 0
25095 0.00 0.00 0.00 0
25096 0.00 0.00 0.00 0
25097 0.00 0.00 0.00 0
25098 0.00 0.00 0.00 0
25099 0.00 0.00 0.00 0
25100 0.00 0.00 0.00 0
25101 0.00 0.00 0.00 0
25102 0.00 0.00 0.00 0
25103 0.00 0.00 0.00 0
25111 0.00 0.00 0.00 0
25112 0.00 0.00 0.00 0
25113 0.00 0.00 0.00 0
25114 0.00 0.00 0.00 0
25115 0.00 0.00 0.00 0
25116 0.00 0.00 0.00 0
25117 0.00 0.00 0.00 0
25118 0.00 0.00 0.00 0
25119 0.00 0.00 0.00 0
25120 0.00 0.00 0.00 0
25130 0.00 0.00 0.00 0
25131 0.00 0.00 0.00 0
25132 0.00 0.00 0.00 0
25133 0.00 0.00 0.00 0
25134 0.00 0.00 0.00 0
25135 0.00 0.00 0.00 0
25136 0.00 0.00 0.00 0
25137 0.00 0.00 0.00 0
25138 0.00 0.00 0.00 0
25139 0.00 0.00 0.00 0
25140 0.00 0.00 0.00 0
25141 0.00 0.00 0.00 0
25142 0.00 0.00 0.00 0
25143 0.00 0.00 0.00 0
25144 0.00 0.00 0.00 0
25145 0.00 0.00 0.00 0
25146 0.00 0.00 0.00 0
25158 0.00 0.00 0.00 0
25159 0.00 0.00 0.00 0
25160 0.00 0.00 0.00 0
25161 0.00 0.00 0.00 0
25162 0.00 0.00 0.00 0
25163 0.00 0.00 0.00 0
25164 0.00 0.00 0.00 0
25165 0.00 0.00 0.00 0
25166 0.00 0.00 0.00 0
25167 0.00 0.00 0.00 0
25168 0.00 0.00 0.00 0
25169 0.00 0.00 0.00 0
25170 0.00 0.00 0.00 0
25171 0.00 0.00 0.00 0
25172 0.00 0.00 0.00 0
25173 0.00 0.00 0.00 0
25174 0.00 0.00 0.00 0
25183 0.00 0.00 0.00 0
25184 0.00 0.00 0.00 0
25185 0.00 0.00 0.00 0
25186 0.00 0.00 0.00 0
25187 0.00 0.00 0.00 0
25188 0.00 0.00 0.00 0
25189 0.00 0.00 0.00 0
25190 0.00 0.00 0.00 0
25191 0.00 0.00 0.00 0
25192 0.00 0.00 0.00 0
25200 0.00 0.00 0.00 0
25201 0.00 0.00 0.00 0
25206 0.00 0.00 0.00 0
25207 0.00 0.00 0.00 0
25208 0.00 0.00 0.00 0
25209 0.00 0.00 0.00 0
25220 0.00 0.00 0.00 0
25221 0.00 0.00 0.00 0
25222 0.00 0.00 0.00 0
25223 0.00 0.00 0.00 0
25224 0.00 0.00 0.00 0
26432 0.00 0.00 0.00 0
26433 0.00 0.00 0.00 0
26444 0.00 0.00 0.00 0
26445 0.00 0.00 0.00 0
26446 0.00 0.00 0.00 0
26447 0.00 0.00 0.00 0
26448 0.00 0.00 0.00 0
26449 0.00 0.00 0.00 0
26450 0.00 0.00 0.00 0
26451 0.00 0.00 0.00 0
26452 0.00 0.00 0.00 0
26453 0.00 0.00 0.00 0
26454 0.00 0.00 0.00 0
26455 0.00 0.00 0.00 0
26456 0.00 0.00 0.00 0
26461 0.00 0.00 0.00 0
26462 0.00 0.00 0.00 0
26463 0.00 0.00 0.00 0
26464 0.00 0.00 0.00 0
26465 0.00 0.00 0.00 0
26466 0.00 0.00 0.00 0
26467 0.00 0.00 0.00 0
26468 0.00 0.00 0.00 0
26469 0.00 0.00 0.00 0
26470 0.00 0.00 0.00 0
26471 0.00 0.00 0.00 0
26472 0.00 0.00 0.00 0
26473 0.00 0.00 0.00 0
26474 0.00 0.00 0.00 0
26475 0.00 0.00 0.00 0
26480 0.00 0.00 0.00 0
26481 0.00 0.00 0.00 0
26483 0.00 0.00 0.00 0
26484 0.00 0.00 0.00 0
26485 0.00 0.00 0.00 0
26486 0.00 0.00 0.00 0
26487 0.00 0.00 0.00 0
26488 0.00 0.00 0.00 0
26489 0.00 0.00 0.00 0
26499 0.00 0.00 0.00 0
26500 0.00 0.00 0.00 0
26501 0.00 0.00 0.00 0
26502 0.00 0.00 0.00 0
26503 0.00 0.00 0.00 0
26518 0.00 0.00 0.00 0
27755 0.00 0.00 0.00 0
27756 0.00 0.00 0.00 0
27757 0.00 0.00 0.00 0
27758 0.00 0.00 0.00 0
27759 0.00 0.00 0.00 0
27760 0.00 0.00 0.00 0
27766 0.00 0.00 0.00 0
27767 0.00 0.00 0.00 0
27768 0.00 0.00 0.00 0
27769 0.00 0.00 0.00 0
27770 0.00 0.00 0.00 0
27771 0.00 0.00 0.00 0
27772 0.00 0.00 0.00 0
27773 0.00 0.00 0.00 0
27774 0.00 0.00 0.00 0
27775 0.00 0.00 0.00 0
27785 0.00 0.00 0.00 0
27786 0.00 0.00 0.00 0
27787 0.00 0.00 0.00 0
27788 0.00 0.00 0.00 0
27789 0.00 0.00 0.00 0
27790 0.00 0.00 0.00 0
27791 0.00 0.00 0.00 0
27792 0.00 0.00 0.00 0
27806 0.00 0.00 0.00 0
27807 0.00 0.00 0.00 0
27808 0.00 0.00 0.00 0
29139 0.00 0.00 0.00 0
29140 0.00 0.00 0.00 0
29141 0.00 0.00 0.00 0
29148 0.00 0.00 0.00 0
29149 0.00 0.00 0.00 0
29150 0.00 0.00 0.00 0
29151 0.00 0.00 0.00 0
29159 0.00 0.00 0.00 0
29160 0.00 0.00 0.00 0
29161 0.00 0.00 0.00 0
29162 0.00 0.00 0.00 0
29163 0.00 0.00 0.00 0
29164 0.00 0.00 0.00 0
29165 0.00 0.00 0.00 0
29178 0.00 0.00 0.00 0
29179 0.00 0.00 0.00 0
29180 0.00 0.00 0.00 0
29181 0.00 0.00 0.00 0
30473 0.00 0.00 0.00 0
30474 0.00 0.00 0.00 0
30475 0.00 0.00 0.00 0
30476 0.00 0.00 0.00 0
30489 0.00 0.00 0.00 0
30490 0.00 0.00 0.00 0
30491 0.00 0.00 0.00 0
30492 0.00 0.00 0.00 0
30493 0.00 0.00 0.00 0
30494 0.00 0.00 0.00 0
30508 0.00 0.00 0.00 0
30509 0.00 0.00 0.00 0
30510 0.00 0.00 0.00 0
30511 0.00 0.00 0.00 0
30512 0.00 0.00 0.00 0
30513 0.00 0.00 0.00 0
30514 0.00 0.00 0.00 0
31778 0.00 0.00 0.00 0
31796 0.00 0.00 0.00 0
