# cuneus
2479
669 0.00 0.00 0.00 0
678 0.00 0.00 0.00 0
1058 0.00 0.00 0.00 0
1059 0.00 0.00 0.00 0
1070 0.00 0.00 0.00 0
1082 0.00 0.00 0.00 0
1083 0.00 0.00 0.00 0
1093 0.00 0.00 0.00 0
1094 0.00 0.00 0.00 0
1543 0.00 0.00 0.00 0
1544 0.00 0.00 0.00 0
1545 0.00 0.00 0.00 0
1546 0.00 0.00 0.00 0
1559 0.00 0.00 0.00 0
1560 0.00 0.00 0.00 0
1561 0.00 0.00 0.00 0
1562 0.00 0.00 0.00 0
1574 0.00 0.00 0.00 0
1575 0.00 0.00 0.00 0
1586 0.00 0.00 0.00 0
1587 0.00 0.00 0.00 0
1588 0.00 0.00 0.00 0
1589 0.00 0.00 0.00 0
1600 0.00 0.00 0.00 0
1601 0.00 0.00 0.00 0
1602 0.00 0.00 0.00 0
2160 0.00 0.00 0.00 0
2161 0.00 0.00 0.00 0
2162 0.00 0.00 0.00 0
2163 0.00 0.00 0.00 0
2176 0.00 0.00 0.00 0
2177 0.00 0.00 0.00 0
2178 0.00 0.00 0.00 0
2179 0.00 0.00 0.00 0
2180 0.00 0.00 0.00 0
2181 0.00 0.00 0.00 0
2182 0.00 0.00 0.00 0
2194 0.00 0.00 0.00 0
2195 0.00 0.00 0.00 0
2196 0.00 0.00 0.00 0
2197 0.00 0.00 0.00 0
2209 0.00 0.00 0.00 0
2210 0.00 0.00 0.00 0
2211 0.00 0.00 0.00 0
2223 0.00 0.00 0.00 0
2224 0.00 0.00 0.00 0
2225 0.00 0.00 0.00 0
2226 0.00 0.00 0.00 0
2227 0.00 0.00 0.00 0
2244 0.00 0.00 0.00 0
2245 0.00 0.00 0.00 0
2627 0.00 0.00 0.00 0
2628 0.00 0.00 0.00 0
2629 0.00 0.00 0.00 0
2630 0.00 0.00 0.00 0
2640 0.00 0.00 0.00 0
2641 0.00 0.00 0.00 0
2642 0.00 0.00 0.00 0
2643 0.00 0.00 0.00 0
2656 0.00 0.00 0.00 0
2657 0.00 0.00 0.00 0
2658 0.00 0.00 0.00 0
2671 0.00 0.00 0.00 0
2673 0.00 0.00 0.00 0
2674 0.00 0.00 0.00 0
2682 0.00 0.00 0.00 0
2683 0.00 0.00 0.00 0
2693 0.00 0.00 0.00 0
2694 0.00 0.00 0.00 0
2810 0.00 0.00 0.00 0
2812 0.00 0.00 0.00 0
2813 0.00 0.00 0.00 0
2825 0.00 0.00 0.00 0
2826 0.00 0.00 0.00 0
2827 0.00 0.00 0.00 0
2828 0.00 0.00 0.00 0
2838 0.00 0.00 0.00 0
2839 0.00 0.00 0.00 0
2840 0.00 0.00 0.00 0
2841 0.00 0.00 0.00 0
2842 0.00 0.00 0.00 0
2843 0.00 0.00 0.00 0
2844 0.00 0.00 0.00 0
2856 0.00 0.00 0.00 0
2857 0.00 0.00 0.00 0
2858 0.00 0.00 0.00 0
2859 0.00 0.00 0.00 0
2860 0.00 0.00 0.00 0
2861 0.00 0.00 0.00 0
2862 0.00 0.00 0.00 0
2863 0.00 0.00 0.00 0
2864 0.00 0.00 0.00 0
2865 0.00 0.00 0.00 0
2878 0.00 0.00 0.00 0
2879 0.00 0.00 0.00 0
2880 0.00 0.00 0.00 0
2881 0.00 0.00 0.00 0
2882 0.00 0.00 0.00 0
2883 0.00 0.00 0.00 0
2884 0.00 0.00 0.00 0
2885 0.00 0.00 0.00 0
2886 0.00 0.00 0.00 0
2898 0.00 0.00 0.00 0
2899 0.00 0.00 0.00 0
2900 0.00 0.00 0.00 0
2901 0.00 0.00 0.00 0
2910 0.00 0.00 0.00 0
2911 0.00 0.00 0.00 0
2912 0.00 0.00 0.00 0
2913 0.00 0.00 0.00 0
2914 0.00 0.00 0.00 0
2929 0.00 0.00 0.00 0
2930 0.00 0.00 0.00 0
3363 0.00 0.00 0.00 0
3364 0.00 0.00 0.00 0
3365 0.00 0.00 0.00 0
3373 0.00 0.00 0.00 0
3374 0.00 0.00 0.00 0
3375 0.00 0.00 0.00 0
3376 0.00 0.00 0.00 0
3377 0.00 0.00 0.00 0
3385 0.00 0.00 0.00 0
3386 0.00 0.00 0.00 0
3387 0.00 0.00 0.00 0
3388 0.00 0.00 0.00 0
3401 0.00 0.00 0.00 0
3402 0.00 0.00 0.00 0
3403 0.00 0.00 0.00 0
3404 0.00 0.00 0.00 0
3405 0.00 0.00 0.00 0
3416 0.00 0.00 0.00 0
3417 0.00 0.00 0.00 0
3418 0.00 0.00 0.00 0
3419 0.00 0.00 0.00 0
3420 0.00 0.00 0.00 0
3421 0.00 0.00 0.00 0
3431 0.00 0.00 0.00 0
3432 0.00 0.00 0.00 0
3433 0.00 0.00 0.00 0
3553 0.00 0.00 0.00 0
3571 0.00 0.00 0.00 0
3572 0.00 0.00 0.00 0
3585 0.00 0.00 0.00 0
3586 0.00 0.00 0.00 0
3587 0.00 0.00 0.00 0
3588 0.00 0.00 0.00 0
3589 0.00 0.00 0.00 0
3595 0.00 0.00 0.00 0
3598 0.00 0.00 0.00 0
3599 0.00 0.00 0.00 0
3600 0.00 0.00 0.00 0
3601 0.00 0.00 0.00 0
3602 0.00 0.00 0.00 0
3603 0.00 0.00 0.00 0
3604 0.00 0.00 0.00 0
3605 0.00 0.00 0.00 0
3606 0.00 0.00 0.00 0
3607 0.00 0.00 0.00 0
3608 0.00 0.00 0.00 0
3613 0.00 0.00 0.00 0
3614 0.00 0.00 0.00 0
3615 0.00 0.00 0.00 0
3616 0.00 0.00 0.00 0
3617 0.00 0.00 0.00 0
3618 0.00 0.00 0.00 0
3626 0.00 0.00 0.00 0
3627 0.00 0.00 0.00 0
3628 0.00 0.00 0.00 0
3629 0.00 0.00 0.00 0
3630 0.00 0.00 0.00 0
3631 0.00 0.00 0.00 0
3632 0.00 0.00 0.00 0
3642 0.00 0.00 0.00 0
3643 0.00 0.00 0.00 0
3644 0.00 0.00 0.00 0
3645 0.00 0.00 0.00 0
3646 0.00 0.00 0.00 0
3647 0.00 0.00 0.00 0
3648 0.00 0.00 0.00 0
3649 0.00 0.00 0.00 0
3650 0.00 0.00 0.00 0
3651 0.00 0.00 0.00 0
3661 0.00 0.00 0.00 0
3662 0.00 0.00 0.00 0
3663 0.00 0.00 0.00 0
3670 0.00 0.00 0.00 0
3671 0.00 0.00 0.00 0
3672 0.00 0.00 0.00 0
3673 0.00 0.00 0.00 0
3684 0.00 0.00 0.00 0
3685 0.00 0.00 0.00 0
3686 0.00 0.00 0.00 0
3687 0.00 0.00 0.00 0
3688 0.00 0.00 0.00 0
3703 0.00 0.00 0.00 0
3704 0.00 0.00 0.00 0
3705 0.00 0.00 0.00 0
3721 0.00 0.00 0.00 0
3722 0.00 0.00 0.00 0
3723 0.00 0.00 0.00 0
3736 0.00 0.00 0.00 0
3737 0.00 0.00 0.00 0
4166 0.00 0.00 0.00 0
4167 0.00 0.00 0.00 0
4168 0.00 0.00 0.00 0
4177 0.00 0.00 0.00 0
4178 0.00 0.00 0.00 0
4179 0.00 0.00 0.00 0
4180 0.00 0.00 0.00 0
4188 0.00 0.00 0.00 0
4189 0.00 0.00 0.00 0
4190 0.00 0.00 0.00 0
4197 0.00 0.00 0.00 0
4198 0.00 0.00 0.00 0
4199 0.00 0.00 0.00 0
4206 0.00 0.00 0.00 0
4207 0.00 0.00 0.00 0
4208 0.00 0.00 0.00 0
4209 0.00 0.00 0.00 0
4210 0.00 0.00 0.00 0
4211 0.00 0.00 0.00 0
4212 0.00 0.00 0.00 0
4220 0.00 0.00 0.00 0
4221 0.00 0.00 0.00 0
4222 0.00 0.00 0.00 0
4223 0.00 0.00 0.00 0
4224 0.00 0.00 0.00 0
4238 0.00 0.00 0.00 0
4239 0.00 0.00 0.00 0
4240 0.00 0.00 0.00 0
4350 0.00 0.00 0.00 0
4352 0.00 0.00 0.00 0
4359 0.00 0.00 0.00 0
4360 0.00 0.00 0.00 0
4361 0.00 0.00 0.00 0
4374 0.00 0.00 0.00 0
4375 0.00 0.00 0.00 0
4376 0.00 0.00 0.00 0
4377 0.00 0.00 0.00 0
4378 0.00 0.00 0.00 0
4379 0.00 0.00 0.00 0
4380 0.00 0.00 0.00 0
4381 0.00 0.00 0.00 0
4389 0.00 0.00 0.00 0
4390 0.00 0.00 0.00 0
4391 0.00 0.00 0.00 0
4392 0.00 0.00 0.00 0
4393 0.00 0.00 0.00 0
4394 0.00 0.00 0.00 0
4395 0.00 0.00 0.00 0
4396 0.00 0.00 0.00 0
4397 0.00 0.00 0.00 0
4398 0.00 0.00 0.00 0
4402 0.00 0.00 0.00 0
4403 0.00 0.00 0.00 0
4404 0.00 0.00 0.00 0
4405 0.00 0.00 0.00 0
4406 0.00 0.00 0.00 0
4407 0.00 0.00 0.00 0
4412 0.00 0.00 0.00 0
4413 0.00 0.00 0.00 0
4414 0.00 0.00 0.00 0
4415 0.00 0.00 0.00 0
4416 0.00 0.00 0.00 0
4417 0.00 0.00 0.00 0
4418 0.00 0.00 0.00 0
4427 0.00 0.00 0.00 0
4428 0.00 0.00 0.00 0
4429 0.00 0.00 0.00 0
4430 0.00 0.00 0.00 0
4431 0.00 0.00 0.00 0
4432 0.00 0.00 0.00 0
4433 0.00 0.00 0.00 0
4434 0.00 0.00 0.00 0
4435 0.00 0.00 0.00 0
4436 0.00 0.00 0.00 0
4437 0.00 0.00 0.00 0
4448 0.00 0.00 0.00 0
4449 0.00 0.00 0.00 0
4450 0.00 0.00 0.00 0
4451 0.00 0.00 0.00 0
4452 0.00 0.00 0.00 0
4453 0.00 0.00 0.00 0
4454 0.00 0.00 0.00 0
4455 0.00 0.00 0.00 0
4465 0.00 0.00 0.00 0
4466 0.00 0.00 0.00 0
4479 0.00 0.00 0.00 0
4480 0.00 0.00 0.00 0
4481 0.00 0.00 0.00 0
4491 0.00 0.00 0.00 0
4492 0.00 0.00 0.00 0
4499 0.00 0.00 0.00 0
4500 0.00 0.00 0.00 0
4515 0.00 0.00 0.00 0
4516 0.00 0.00 0.00 0
4957 0.00 0.00 0.00 0
4958 0.00 0.00 0.00 0
4959 0.00 0.00 0.00 0
4970 0.00 0.00 0.00 0
4971 0.00 0.00 0.00 0
4972 0.00 0.00 0.00 0
4979 0.00 0.00 0.00 0
4980 0.00 0.00 0.00 0
4981 0.00 0.00 0.00 0
4987 0.00 0.00 0.00 0
4988 0.00 0.00 0.00 0
4989 0.00 0.00 0.00 0
4994 0.00 0.00 0.00 0
4995 0.00 0.00 0.00 0
4996 0.00 0.00 0.00 0
4997 0.00 0.00 0.00 0
4998 0.00 0.00 0.00 0
4999 0.00 0.00 0.00 0
5000 0.00 0.00 0.00 0
5009 0.00 0.00 0.00 0
5010 0.00 0.00 0.00 0
5011 0.00 0.00 0.00 0
5012 0.00 0.00 0.00 0
5013 0.00 0.00 0.00 0
5014 0.00 0.00 0.00 0
5028 0.00 0.00 0.00 0
5029 0.00 0.00 0.00 0
5030 0.00 0.00 0.00 0
5031 0.00 0.00 0.00 0
5046 0.00 0.00 0.00 0
5047 0.00 0.00 0.00 0
5048 0.00 0.00 0.00 0
5049 0.00 0.00 0.00 0
5066 0.00 0.00 0.00 0
5067 0.00 0.00 0.00 0
5083 0.00 0.00 0.00 0
5084 0.00 0.00 0.00 0
5092 0.00 0.00 0.00 0
5136 0.00 0.00 0.00 0
5152 0.00 0.00 0.00 0
5158 0.00 0.00 0.00 0
5165 0.00 0.00 0.00 0
5166 0.00 0.00 0.00 0
5167 0.00 0.00 0.00 0
5168 0.00 0.00 0.00 0
5180 0.00 0.00 0.00 0
5181 0.00 0.00 0.00 0
5182 0.00 0.00 0.00 0
5183 0.00 0.00 0.00 0
5184 0.00 0.00 0.00 0
5185 0.00 0.00 0.00 0
5186 0.00 0.00 0.00 0
5198 0.00 0.00 0.00 0
5199 0.00 0.00 0.00 0
5200 0.00 0.00 0.00 0
5201 0.00 0.00 0.00 0
5202 0.00 0.00 0.00 0
5203 0.00 0.00 0.00 0
5204 0.00 0.00 0.00 0
5205 0.00 0.00 0.00 0
5206 0.00 0.00 0.00 0
5207 0.00 0.00 0.00 0
5215 0.00 0.00 0.00 0
5216 0.00 0.00 0.00 0
5217 0.00 0.00 0.00 0
5218 0.00 0.00 0.00 0
5219 0.00 0.00 0.00 0
5220 0.00 0.00 0.00 0
5221 0.00 0.00 0.00 0
5222 0.00 0.00 0.00 0
5223 0.00 0.00 0.00 0
5224 0.00 0.00 0.00 0
5228 0.00 0.00 0.00 0
5229 0.00 0.00 0.00 0
5230 0.00 0.00 0.00 0
5231 0.00 0.00 0.00 0
5232 0.00 0.00 0.00 0
5233 0.00 0.00 0.00 0
5234 0.00 0.00 0.00 0
5235 0.00 0.00 0.00 0
5242 0.00 0.00 0.00 0
5243 0.00 0.00 0.00 0
5244 0.00 0.00 0.00 0
5245 0.00 0.00 0.00 0
5246 0.00 0.00 0.00 0
5247 0.00 0.00 0.00 0
5248 0.00 0.00 0.00 0
5256 0.00 0.00 0.00 0
5257 0.00 0.00 0.00 0
5258 0.00 0.00 0.00 0
5259 0.00 0.00 0.00 0
5260 0.00 0.00 0.00 0
5261 0.00 0.00 0.00 0
5262 0.00 0.00 0.00 0
5263 0.00 0.00 0.00 0
5264 0.00 0.00 0.00 0
5274 0.00 0.00 0.00 0
5275 0.00 0.00 0.00 0
5287 0.00 0.00 0.00 0
5288 0.00 0.00 0.00 0
5295 0.00 0.00 0.00 0
5296 0.00 0.00 0.00 0
5297 0.00 0.00 0.00 0
5305 0.00 0.00 0.00 0
5306 0.00 0.00 0.00 0
5316 0.00 0.00 0.00 0
5317 0.00 0.00 0.00 0
5328 0.00 0.00 0.00 0
5329 0.00 0.00 0.00 0
5341 0.00 0.00 0.00 0
5826 0.00 0.00 0.00 0
5827 0.00 0.00 0.00 0
5828 0.00 0.00 0.00 0
5840 0.00 0.00 0.00 0
5841 0.00 0.00 0.00 0
5842 0.00 0.00 0.00 0
5843 0.00 0.00 0.00 0
5850 0.00 0.00 0.00 0
5851 0.00 0.00 0.00 0
5852 0.00 0.00 0.00 0
5853 0.00 0.00 0.00 0
5858 0.00 0.00 0.00 0
5860 0.00 0.00 0.00 0
5861 0.00 0.00 0.00 0
5862 0.00 0.00 0.00 0
5863 0.00 0.00 0.00 0
5867 0.00 0.00 0.00 0
5868 0.00 0.00 0.00 0
5869 0.00 0.00 0.00 0
5870 0.00 0.00 0.00 0
5871 0.00 0.00 0.00 0
5872 0.00 0.00 0.00 0
5873 0.00 0.00 0.00 0
5883 0.00 0.00 0.00 0
5884 0.00 0.00 0.00 0
5885 0.00 0.00 0.00 0
5886 0.00 0.00 0.00 0
5887 0.00 0.00 0.00 0
5888 0.00 0.00 0.00 0
5889 0.00 0.00 0.00 0
5901 0.00 0.00 0.00 0
5912 0.00 0.00 0.00 0
5913 0.00 0.00 0.00 0
5914 0.00 0.00 0.00 0
5932 0.00 0.00 0.00 0
5933 0.00 0.00 0.00 0
5934 0.00 0.00 0.00 0
5948 0.00 0.00 0.00 0
5949 0.00 0.00 0.00 0
5960 0.00 0.00 0.00 0
5961 0.00 0.00 0.00 0
5962 0.00 0.00 0.00 0
5977 0.00 0.00 0.00 0
5978 0.00 0.00 0.00 0
5979 0.00 0.00 0.00 0
5998 0.00 0.00 0.00 0
6018 0.00 0.00 0.00 0
6033 0.00 0.00 0.00 0
6039 0.00 0.00 0.00 0
6040 0.00 0.00 0.00 0
6047 0.00 0.00 0.00 0
6048 0.00 0.00 0.00 0
6049 0.00 0.00 0.00 0
6050 0.00 0.00 0.00 0
6051 0.00 0.00 0.00 0
6060 0.00 0.00 0.00 0
6061 0.00 0.00 0.00 0
6062 0.00 0.00 0.00 0
6063 0.00 0.00 0.00 0
6064 0.00 0.00 0.00 0
6076 0.00 0.00 0.00 0
6077 0.00 0.00 0.00 0
6078 0.00 0.00 0.00 0
6079 0.00 0.00 0.00 0
6080 0.00 0.00 0.00 0
6081 0.00 0.00 0.00 0
6082 0.00 0.00 0.00 0
6083 0.00 0.00 0.00 0
6084 0.00 0.00 0.00 0
6097 0.00 0.00 0.00 0
6098 0.00 0.00 0.00 0
6099 0.00 0.00 0.00 0
6100 0.00 0.00 0.00 0
6101 0.00 0.00 0.00 0
6102 0.00 0.00 0.00 0
6103 0.00 0.00 0.00 0
6104 0.00 0.00 0.00 0
6105 0.00 0.00 0.00 0
6106 0.00 0.00 0.00 0
6107 0.00 0.00 0.00 0
6114 0.00 0.00 0.00 0
6115 0.00 0.00 0.00 0
6116 0.00 0.00 0.00 0
6117 0.00 0.00 0.00 0
6118 0.00 0.00 0.00 0
6119 0.00 0.00 0.00 0
6120 0.00 0.00 0.00 0
6127 0.00 0.00 0.00 0
6128 0.00 0.00 0.00 0
6129 0.00 0.00 0.00 0
6130 0.00 0.00 0.00 0
6131 0.00 0.00 0.00 0
6132 0.00 0.00 0.00 0
6133 0.00 0.00 0.00 0
6141 0.00 0.00 0.00 0
6142 0.00 0.00 0.00 0
6143 0.00 0.00 0.00 0
6144 0.00 0.00 0.00 0
6145 0.00 0.00 0.00 0
6146 0.00 0.00 0.00 0
6147 0.00 0.00 0.00 0
6148 0.00 0.00 0.00 0
6156 0.00 0.00 0.00 0
6157 0.00 0.00 0.00 0
6167 0.00 0.00 0.00 0
6168 0.00 0.00 0.00 0
6182 0.00 0.00 0.00 0
6183 0.00 0.00 0.00 0
6184 0.00 0.00 0.00 0
6200 0.00 0.00 0.00 0
6201 0.00 0.00 0.00 0
6202 0.00 0.00 0.00 0
6219 0.00 0.00 0.00 0
6220 0.00 0.00 0.00 0
6239 0.00 0.00 0.00 0
6240 0.00 0.00 0.00 0
6262 0.00 0.00 0.00 0
6757 0.00 0.00 0.00 0
6758 0.00 0.00 0.00 0
6771 0.00 0.00 0.00 0
6772 0.00 0.00 0.00 0
6773 0.00 0.00 0.00 0
6782 0.00 0.00 0.00 0
6783 0.00 0.00 0.00 0
6784 0.00 0.00 0.00 0
6785 0.00 0.00 0.00 0
6790 0.00 0.00 0.00 0
6792 0.00 0.00 0.00 0
6793 0.00 0.00 0.00 0
6794 0.00 0.00 0.00 0
6798 0.00 0.00 0.00 0
6799 0.00 0.00 0.00 0
6800 0.00 0.00 0.00 0
6801 0.00 0.00 0.00 0
6802 0.00 0.00 0.00 0
6814 0.00 0.00 0.00 0
6815 0.00 0.00 0.00 0
6816 0.00 0.00 0.00 0
6817 0.00 0.00 0.00 0
6818 0.00 0.00 0.00 0
6819 0.00 0.00 0.00 0
6820 0.00 0.00 0.00 0
6821 0.00 0.00 0.00 0
6831 0.00 0.00 0.00 0
6832 0.00 0.00 0.00 0
6833 0.00 0.00 0.00 0
6834 0.00 0.00 0.00 0
6835 0.00 0.00 0.00 0
6840 0.00 0.00 0.00 0
6852 0.00 0.00 0.00 0
6853 0.00 0.00 0.00 0
6854 0.00 0.00 0.00 0
6867 0.00 0.00 0.00 0
6868 0.00 0.00 0.00 0
6869 0.00 0.00 0.00 0
6883 0.00 0.00 0.00 0
6884 0.00 0.00 0.00 0
6899 0.00 0.00 0.00 0
6900 0.00 0.00 0.00 0
6901 0.00 0.00 0.00 0
6917 0.00 0.00 0.00 0
6936 0.00 0.00 0.00 0
6943 0.00 0.00 0.00 0
6944 0.00 0.00 0.00 0
6950 0.00 0.00 0.00 0
6951 0.00 0.00 0.00 0
6952 0.00 0.00 0.00 0
6953 0.00 0.00 0.00 0
6959 0.00 0.00 0.00 0
6960 0.00 0.00 0.00 0
6961 0.00 0.00 0.00 0
6962 0.00 0.00 0.00 0
6963 0.00 0.00 0.00 0
6970 0.00 0.00 0.00 0
6971 0.00 0.00 0.00 0
6972 0.00 0.00 0.00 0
6973 0.00 0.00 0.00 0
6981 0.00 0.00 0.00 0
6982 0.00 0.00 0.00 0
6983 0.00 0.00 0.00 0
6984 0.00 0.00 0.00 0
6985 0.00 0.00 0.00 0
6986 0.00 0.00 0.00 0
6987 0.00 0.00 0.00 0
6999 0.00 0.00 0.00 0
7000 0.00 0.00 0.00 0
7001 0.00 0.00 0.00 0
7002 0.00 0.00 0.00 0
7003 0.00 0.00 0.00 0
7004 0.00 0.00 0.00 0
7005 0.00 0.00 0.00 0
7006 0.00 0.00 0.00 0
7007 0.00 0.00 0.00 0
7008 0.00 0.00 0.00 0
7009 0.00 0.00 0.00 0
7014 0.00 0.00 0.00 0
7015 0.00 0.00 0.00 0
7016 0.00 0.00 0.00 0
7017 0.00 0.00 0.00 0
7018 0.00 0.00 0.00 0
7019 0.00 0.00 0.00 0
7020 0.00 0.00 0.00 0
7021 0.00 0.00 0.00 0
7022 0.00 0.00 0.00 0
7023 0.00 0.00 0.00 0
7024 0.00 0.00 0.00 0
7030 0.00 0.00 0.00 0
7031 0.00 0.00 0.00 0
7032 0.00 0.00 0.00 0
7033 0.00 0.00 0.00 0
7034 0.00 0.00 0.00 0
7035 0.00 0.00 0.00 0
7036 0.00 0.00 0.00 0
7037 0.00 0.00 0.00 0
7038 0.00 0.00 0.00 0
7039 0.00 0.00 0.00 0
7046 0.00 0.00 0.00 0
7047 0.00 0.00 0.00 0
7048 0.00 0.00 0.00 0
7049 0.00 0.00 0.00 0
7050 0.00 0.00 0.00 0
7051 0.00 0.00 0.00 0
7052 0.00 0.00 0.00 0
7060 0.00 0.00 0.00 0
7075 0.00 0.00 0.00 0
7094 0.00 0.00 0.00 0
7095 0.00 0.00 0.00 0
7109 0.00 0.00 0.00 0
7110 0.00 0.00 0.00 0
7111 0.00 0.00 0.00 0
7126 0.00 0.00 0.00 0
7127 0.00 0.00 0.00 0
7139 0.00 0.00 0.00 0
7140 0.00 0.00 0.00 0
7162 0.00 0.00 0.00 0
7163 0.00 0.00 0.00 0
7184 0.00 0.00 0.00 0
7699 0.00 0.00 0.00 0
7700 0.00 0.00 0.00 0
7701 0.00 0.00 0.00 0
7702 0.00 0.00 0.00 0
7711 0.00 0.00 0.00 0
7712 0.00 0.00 0.00 0
7713 0.00 0.00 0.00 0
7714 0.00 0.00 0.00 0
7715 0.00 0.00 0.00 0
7722 0.00 0.00 0.00 0
7723 0.00 0.00 0.00 0
7724 0.00 0.00 0.00 0
7725 0.00 0.00 0.00 0
7726 0.00 0.00 0.00 0
7734 0.00 0.00 0.00 0
7735 0.00 0.00 0.00 0
7736 0.00 0.00 0.00 0
7737 0.00 0.00 0.00 0
7738 0.00 0.00 0.00 0
7749 0.00 0.00 0.00 0
7750 0.00 0.00 0.00 0
7751 0.00 0.00 0.00 0
7752 0.00 0.00 0.00 0
7753 0.00 0.00 0.00 0
7754 0.00 0.00 0.00 0
7763 0.00 0.00 0.00 0
7764 0.00 0.00 0.00 0
7765 0.00 0.00 0.00 0
7766 0.00 0.00 0.00 0
7767 0.00 0.00 0.00 0
7768 0.00 0.00 0.00 0
7769 0.00 0.00 0.00 0
7774 0.00 0.00 0.00 0
7775 0.00 0.00 0.00 0
7776 0.00 0.00 0.00 0
7786 0.00 0.00 0.00 0
7787 0.00 0.00 0.00 0
7794 0.00 0.00 0.00 0
7795 0.00 0.00 0.00 0
7802 0.00 0.00 0.00 0
7803 0.00 0.00 0.00 0
7804 0.00 0.00 0.00 0
7814 0.00 0.00 0.00 0
7815 0.00 0.00 0.00 0
7816 0.00 0.00 0.00 0
7825 0.00 0.00 0.00 0
7840 0.00 0.00 0.00 0
7841 0.00 0.00 0.00 0
7842 0.00 0.00 0.00 0
7843 0.00 0.00 0.00 0
7856 0.00 0.00 0.00 0
7857 0.00 0.00 0.00 0
7858 0.00 0.00 0.00 0
7859 0.00 0.00 0.00 0
7860 0.00 0.00 0.00 0
7861 0.00 0.00 0.00 0
7869 0.00 0.00 0.00 0
7870 0.00 0.00 0.00 0
7871 0.00 0.00 0.00 0
7872 0.00 0.00 0.00 0
7873 0.00 0.00 0.00 0
7882 0.00 0.00 0.00 0
7883 0.00 0.00 0.00 0
7884 0.00 0.00 0.00 0
7885 0.00 0.00 0.00 0
7886 0.00 0.00 0.00 0
7894 0.00 0.00 0.00 0
7895 0.00 0.00 0.00 0
7896 0.00 0.00 0.00 0
7897 0.00 0.00 0.00 0
7898 0.00 0.00 0.00 0
7899 0.00 0.00 0.00 0
7900 0.00 0.00 0.00 0
7906 0.00 0.00 0.00 0
7907 0.00 0.00 0.00 0
7908 0.00 0.00 0.00 0
7909 0.00 0.00 0.00 0
7910 0.00 0.00 0.00 0
7911 0.00 0.00 0.00 0
7912 0.00 0.00 0.00 0
7924 0.00 0.00 0.00 0
7925 0.00 0.00 0.00 0
7926 0.00 0.00 0.00 0
7927 0.00 0.00 0.00 0
7928 0.00 0.00 0.00 0
7929 0.00 0.00 0.00 0
7930 0.00 0.00 0.00 0
7937 0.00 0.00 0.00 0
7938 0.00 0.00 0.00 0
7939 0.00 0.00 0.00 0
7940 0.00 0.00 0.00 0
7941 0.00 0.00 0.00 0
7942 0.00 0.00 0.00 0
7943 0.00 0.00 0.00 0
7944 0.00 0.00 0.00 0
7951 0.00 0.00 0.00 0
7952 0.00 0.00 0.00 0
7953 0.00 0.00 0.00 0
7954 0.00 0.00 0.00 0
7955 0.00 0.00 0.00 0
7956 0.00 0.00 0.00 0
7957 0.00 0.00 0.00 0
7958 0.00 0.00 0.00 0
7965 0.00 0.00 0.00 0
7966 0.00 0.00 0.00 0
7967 0.00 0.00 0.00 0
7968 0.00 0.00 0.00 0
7969 0.00 0.00 0.00 0
7979 0.00 0.00 0.00 0
7980 0.00 0.00 0.00 0
7981 0.00 0.00 0.00 0
7982 0.00 0.00 0.00 0
7983 0.00 0.00 0.00 0
7996 0.00 0.00 0.00 0
7997 0.00 0.00 0.00 0
7998 0.00 0.00 0.00 0
7999 0.00 0.00 0.00 0
8000 0.00 0.00 0.00 0
8019 0.00 0.00 0.00 0
8020 0.00 0.00 0.00 0
8038 0.00 0.00 0.00 0
8039 0.00 0.00 0.00 0
8055 0.00 0.00 0.00 0
8056 0.00 0.00 0.00 0
8057 0.00 0.00 0.00 0
8058 0.00 0.00 0.00 0
8075 0.00 0.00 0.00 0
8076 0.00 0.00 0.00 0
8077 0.00 0.00 0.00 0
8100 0.00 0.00 0.00 0
8101 0.00 0.00 0.00 0
8102 0.00 0.00 0.00 0
8696 0.00 0.00 0.00 0
8697 0.00 0.00 0.00 0
8698 0.00 0.00 0.00 0
8699 0.00 0.00 0.00 0
8709 0.00 0.00 0.00 0
8710 0.00 0.00 0.00 0
8711 0.00 0.00 0.00 0
8712 0.00 0.00 0.00 0
8721 0.00 0.00 0.00 0
8722 0.00 0.00 0.00 0
8723 0.00 0.00 0.00 0
8724 0.00 0.00 0.00 0
8725 0.00 0.00 0.00 0
8726 0.00 0.00 0.00 0
8737 0.00 0.00 0.00 0
8738 0.00 0.00 0.00 0
8739 0.00 0.00 0.00 0
8740 0.00 0.00 0.00 0
8741 0.00 0.00 0.00 0
8749 0.00 0.00 0.00 0
8750 0.00 0.00 0.00 0
8751 0.00 0.00 0.00 0
8752 0.00 0.00 0.00 0
8753 0.00 0.00 0.00 0
8754 0.00 0.00 0.00 0
8761 0.00 0.00 0.00 0
8762 0.00 0.00 0.00 0
8763 0.00 0.00 0.00 0
8764 0.00 0.00 0.00 0
8765 0.00 0.00 0.00 0
8766 0.00 0.00 0.00 0
8767 0.00 0.00 0.00 0
8768 0.00 0.00 0.00 0
8775 0.00 0.00 0.00 0
8776 0.00 0.00 0.00 0
8777 0.00 0.00 0.00 0
8778 0.00 0.00 0.00 0
8787 0.00 0.00 0.00 0
8788 0.00 0.00 0.00 0
8789 0.00 0.00 0.00 0
8790 0.00 0.00 0.00 0
8791 0.00 0.00 0.00 0
8799 0.00 0.00 0.00 0
8800 0.00 0.00 0.00 0
8801 0.00 0.00 0.00 0
8802 0.00 0.00 0.00 0
8803 0.00 0.00 0.00 0
8804 0.00 0.00 0.00 0
8811 0.00 0.00 0.00 0
8812 0.00 0.00 0.00 0
8821 0.00 0.00 0.00 0
8828 0.00 0.00 0.00 0
8829 0.00 0.00 0.00 0
8830 0.00 0.00 0.00 0
8831 0.00 0.00 0.00 0
8839 0.00 0.00 0.00 0
8840 0.00 0.00 0.00 0
8841 0.00 0.00 0.00 0
8842 0.00 0.00 0.00 0
8843 0.00 0.00 0.00 0
8856 0.00 0.00 0.00 0
8857 0.00 0.00 0.00 0
8858 0.00 0.00 0.00 0
8868 0.00 0.00 0.00 0
8869 0.00 0.00 0.00 0
8876 0.00 0.00 0.00 0
8877 0.00 0.00 0.00 0
8878 0.00 0.00 0.00 0
8884 0.00 0.00 0.00 0
8885 0.00 0.00 0.00 0
8886 0.00 0.00 0.00 0
8887 0.00 0.00 0.00 0
8888 0.00 0.00 0.00 0
8896 0.00 0.00 0.00 0
8897 0.00 0.00 0.00 0
8898 0.00 0.00 0.00 0
8899 0.00 0.00 0.00 0
8900 0.00 0.00 0.00 0
8901 0.00 0.00 0.00 0
8902 0.00 0.00 0.00 0
8903 0.00 0.00 0.00 0
8904 0.00 0.00 0.00 0
8905 0.00 0.00 0.00 0
8916 0.00 0.00 0.00 0
8917 0.00 0.00 0.00 0
8918 0.00 0.00 0.00 0
8919 0.00 0.00 0.00 0
8920 0.00 0.00 0.00 0
8921 0.00 0.00 0.00 0
8929 0.00 0.00 0.00 0
8930 0.00 0.00 0.00 0
8931 0.00 0.00 0.00 0
8938 0.00 0.00 0.00 0
8939 0.00 0.00 0.00 0
8940 0.00 0.00 0.00 0
8948 0.00 0.00 0.00 0
8949 0.00 0.00 0.00 0
8964 0.00 0.00 0.00 0
8965 0.00 0.00 0.00 0
8980 0.00 0.00 0.00 0
8981 0.00 0.00 0.00 0
8982 0.00 0.00 0.00 0
8983 0.00 0.00 0.00 0
8984 0.00 0.00 0.00 0
9004 0.00 0.00 0.00 0
9005 0.00 0.00 0.00 0
9006 0.00 0.00 0.00 0
9007 0.00 0.00 0.00 0
9025 0.00 0.00 0.00 0
9039 0.00 0.00 0.00 0
9040 0.00 0.00 0.00 0
9041 0.00 0.00 0.00 0
9042 0.00 0.00 0.00 0
9058 0.00 0.00 0.00 0
9059 0.00 0.00 0.00 0
9060 0.00 0.00 0.00 0
9693 0.00 0.00 0.00 0
9694 0.00 0.00 0.00 0
9695 0.00 0.00 0.00 0
9696 0.00 0.00 0.00 0
9705 0.00 0.00 0.00 0
9706 0.00 0.00 0.00 0
9707 0.00 0.00 0.00 0
9708 0.00 0.00 0.00 0
9719 0.00 0.00 0.00 0
9720 0.00 0.00 0.00 0
9721 0.00 0.00 0.00 0
9722 0.00 0.00 0.00 0
9734 0.00 0.00 0.00 0
9735 0.00 0.00 0.00 0
9736 0.00 0.00 0.00 0
9737 0.00 0.00 0.00 0
9738 0.00 0.00 0.00 0
9739 0.00 0.00 0.00 0
9748 0.00 0.00 0.00 0
9749 0.00 0.00 0.00 0
9750 0.00 0.00 0.00 0
9751 0.00 0.00 0.00 0
9752 0.00 0.00 0.00 0
9753 0.00 0.00 0.00 0
9754 0.00 0.00 0.00 0
9755 0.00 0.00 0.00 0
9760 0.00 0.00 0.00 0
9761 0.00 0.00 0.00 0
9762 0.00 0.00 0.00 0
9763 0.00 0.00 0.00 0
9764 0.00 0.00 0.00 0
9765 0.00 0.00 0.00 0
9766 0.00 0.00 0.00 0
9767 0.00 0.00 0.00 0
9768 0.00 0.00 0.00 0
9777 0.00 0.00 0.00 0
9778 0.00 0.00 0.00 0
9779 0.00 0.00 0.00 0
9780 0.00 0.00 0.00 0
9781 0.00 0.00 0.00 0
9782 0.00 0.00 0.00 0
9783 0.00 0.00 0.00 0
9790 0.00 0.00 0.00 0
9791 0.00 0.00 0.00 0
9792 0.00 0.00 0.00 0
9793 0.00 0.00 0.00 0
9794 0.00 0.00 0.00 0
9802 0.00 0.00 0.00 0
9803 0.00 0.00 0.00 0
9804 0.00 0.00 0.00 0
9805 0.00 0.00 0.00 0
9806 0.00 0.00 0.00 0
9807 0.00 0.00 0.00 0
9808 0.00 0.00 0.00 0
9814 0.00 0.00 0.00 0
9815 0.00 0.00 0.00 0
9816 0.00 0.00 0.00 0
9817 0.00 0.00 0.00 0
9818 0.00 0.00 0.00 0
9819 0.00 0.00 0.00 0
9820 0.00 0.00 0.00 0
9828 0.00 0.00 0.00 0
9829 0.00 0.00 0.00 0
9830 0.00 0.00 0.00 0
9831 0.00 0.00 0.00 0
9837 0.00 0.00 0.00 0
9838 0.00 0.00 0.00 0
9839 0.00 0.00 0.00 0
9840 0.00 0.00 0.00 0
9848 0.00 0.00 0.00 0
9849 0.00 0.00 0.00 0
9859 0.00 0.00 0.00 0
9860 0.00 0.00 0.00 0
9869 0.00 0.00 0.00 0
9870 0.00 0.00 0.00 0
9871 0.00 0.00 0.00 0
9879 0.00 0.00 0.00 0
9880 0.00 0.00 0.00 0
9881 0.00 0.00 0.00 0
9888 0.00 0.00 0.00 0
9889 0.00 0.00 0.00 0
9890 0.00 0.00 0.00 0
9891 0.00 0.00 0.00 0
9892 0.00 0.00 0.00 0
9900 0.00 0.00 0.00 0
9901 0.00 0.00 0.00 0
9902 0.00 0.00 0.00 0
9903 0.00 0.00 0.00 0
9904 0.00 0.00 0.00 0
9905 0.00 0.00 0.00 0
9906 0.00 0.00 0.00 0
9907 0.00 0.00 0.00 0
9908 0.00 0.00 0.00 0
9909 0.00 0.00 0.00 0
9918 0.00 0.00 0.00 0
9919 0.00 0.00 0.00 0
9927 0.00 0.00 0.00 0
9928 0.00 0.00 0.00 0
9929 0.00 0.00 0.00 0
9935 0.00 0.00 0.00 0
9936 0.00 0.00 0.00 0
9937 0.00 0.00 0.00 0
9946 0.00 0.00 0.00 0
9947 0.00 0.00 0.00 0
9948 0.00 0.00 0.00 0
9964 0.00 0.00 0.00 0
9981 0.00 0.00 0.00 0
9982 0.00 0.00 0.00 0
10003 0.00 0.00 0.00 0
10004 0.00 0.00 0.00 0
10024 0.00 0.00 0.00 0
10042 0.00 0.00 0.00 0
10043 0.00 0.00 0.00 0
10044 0.00 0.00 0.00 0
10045 0.00 0.00 0.00 0
10758 0.00 0.00 0.00 0
10759 0.00 0.00 0.00 0
10760 0.00 0.00 0.00 0
10774 0.00 0.00 0.00 0
10775 0.00 0.00 0.00 0
10776 0.00 0.00 0.00 0
10777 0.00 0.00 0.00 0
10778 0.00 0.00 0.00 0
10794 0.00 0.00 0.00 0
10795 0.00 0.00 0.00 0
10796 0.00 0.00 0.00 0
10797 0.00 0.00 0.00 0
10798 0.00 0.00 0.00 0
10799 0.00 0.00 0.00 0
10816 0.00 0.00 0.00 0
10817 0.00 0.00 0.00 0
10818 0.00 0.00 0.00 0
10819 0.00 0.00 0.00 0
10820 0.00 0.00 0.00 0
10832 0.00 0.00 0.00 0
10833 0.00 0.00 0.00 0
10834 0.00 0.00 0.00 0
10835 0.00 0.00 0.00 0
10836 0.00 0.00 0.00 0
10837 0.00 0.00 0.00 0
10845 0.00 0.00 0.00 0
10846 0.00 0.00 0.00 0
10847 0.00 0.00 0.00 0
10848 0.00 0.00 0.00 0
10849 0.00 0.00 0.00 0
10850 0.00 0.00 0.00 0
10851 0.00 0.00 0.00 0
10852 0.00 0.00 0.00 0
10853 0.00 0.00 0.00 0
10861 0.00 0.00 0.00 0
10862 0.00 0.00 0.00 0
10863 0.00 0.00 0.00 0
10864 0.00 0.00 0.00 0
10865 0.00 0.00 0.00 0
10866 0.00 0.00 0.00 0
10867 0.00 0.00 0.00 0
10868 0.00 0.00 0.00 0
10869 0.00 0.00 0.00 0
10870 0.00 0.00 0.00 0
10875 0.00 0.00 0.00 0
10876 0.00 0.00 0.00 0
10877 0.00 0.00 0.00 0
10878 0.00 0.00 0.00 0
10879 0.00 0.00 0.00 0
10886 0.00 0.00 0.00 0
10887 0.00 0.00 0.00 0
10888 0.00 0.00 0.00 0
10889 0.00 0.00 0.00 0
10897 0.00 0.00 0.00 0
10898 0.00 0.00 0.00 0
10899 0.00 0.00 0.00 0
10900 0.00 0.00 0.00 0
10901 0.00 0.00 0.00 0
10902 0.00 0.00 0.00 0
10903 0.00 0.00 0.00 0
10904 0.00 0.00 0.00 0
10913 0.00 0.00 0.00 0
10914 0.00 0.00 0.00 0
10915 0.00 0.00 0.00 0
10916 0.00 0.00 0.00 0
10917 0.00 0.00 0.00 0
10918 0.00 0.00 0.00 0
10919 0.00 0.00 0.00 0
10920 0.00 0.00 0.00 0
10925 0.00 0.00 0.00 0
10926 0.00 0.00 0.00 0
10927 0.00 0.00 0.00 0
10928 0.00 0.00 0.00 0
10929 0.00 0.00 0.00 0
10930 0.00 0.00 0.00 0
10936 0.00 0.00 0.00 0
10937 0.00 0.00 0.00 0
10945 0.00 0.00 0.00 0
10946 0.00 0.00 0.00 0
10947 0.00 0.00 0.00 0
10953 0.00 0.00 0.00 0
10954 0.00 0.00 0.00 0
10955 0.00 0.00 0.00 0
10956 0.00 0.00 0.00 0
10965 0.00 0.00 0.00 0
10966 0.00 0.00 0.00 0
10967 0.00 0.00 0.00 0
10968 0.00 0.00 0.00 0
10969 0.00 0.00 0.00 0
10977 0.00 0.00 0.00 0
10978 0.00 0.00 0.00 0
10979 0.00 0.00 0.00 0
10980 0.00 0.00 0.00 0
10981 0.00 0.00 0.00 0
10991 0.00 0.00 0.00 0
10992 0.00 0.00 0.00 0
10993 0.00 0.00 0.00 0
10994 0.00 0.00 0.00 0
10995 0.00 0.00 0.00 0
10996 0.00 0.00 0.00 0
10997 0.00 0.00 0.00 0
10998 0.00 0.00 0.00 0
11008 0.00 0.00 0.00 0
11009 0.00 0.00 0.00 0
11020 0.00 0.00 0.00 0
11021 0.00 0.00 0.00 0
11030 0.00 0.00 0.00 0
11031 0.00 0.00 0.00 0
11032 0.00 0.00 0.00 0
11041 0.00 0.00 0.00 0
11042 0.00 0.00 0.00 0
11043 0.00 0.00 0.00 0
11044 0.00 0.00 0.00 0
11059 0.00 0.00 0.00 0
11060 0.00 0.00 0.00 0
11074 0.00 0.00 0.00 0
11075 0.00 0.00 0.00 0
11095 0.00 0.00 0.00 0
11109 0.00 0.00 0.00 0
11110 0.00 0.00 0.00 0
11111 0.00 0.00 0.00 0
11112 0.00 0.00 0.00 0
11830 0.00 0.00 0.00 0
11831 0.00 0.00 0.00 0
11843 0.00 0.00 0.00 0
11844 0.00 0.00 0.00 0
11845 0.00 0.00 0.00 0
11846 0.00 0.00 0.00 0
11863 0.00 0.00 0.00 0
11864 0.00 0.00 0.00 0
11865 0.00 0.00 0.00 0
11866 0.00 0.00 0.00 0
11867 0.00 0.00 0.00 0
11887 0.00 0.00 0.00 0
11888 0.00 0.00 0.00 0
11889 0.00 0.00 0.00 0
11890 0.00 0.00 0.00 0
11891 0.00 0.00 0.00 0
11892 0.00 0.00 0.00 0
11904 0.00 0.00 0.00 0
11905 0.00 0.00 0.00 0
11906 0.00 0.00 0.00 0
11907 0.00 0.00 0.00 0
11908 0.00 0.00 0.00 0
11916 0.00 0.00 0.00 0
11917 0.00 0.00 0.00 0
11918 0.00 0.00 0.00 0
11919 0.00 0.00 0.00 0
11920 0.00 0.00 0.00 0
11921 0.00 0.00 0.00 0
11932 0.00 0.00 0.00 0
11933 0.00 0.00 0.00 0
11934 0.00 0.00 0.00 0
11935 0.00 0.00 0.00 0
11936 0.00 0.00 0.00 0
11937 0.00 0.00 0.00 0
11938 0.00 0.00 0.00 0
11939 0.00 0.00 0.00 0
11940 0.00 0.00 0.00 0
11946 0.00 0.00 0.00 0
11947 0.00 0.00 0.00 0
11948 0.00 0.00 0.00 0
11949 0.00 0.00 0.00 0
11950 0.00 0.00 0.00 0
11951 0.00 0.00 0.00 0
11952 0.00 0.00 0.00 0
11953 0.00 0.00 0.00 0
11954 0.00 0.00 0.00 0
11960 0.00 0.00 0.00 0
11961 0.00 0.00 0.00 0
11962 0.00 0.00 0.00 0
11969 0.00 0.00 0.00 0
11970 0.00 0.00 0.00 0
11971 0.00 0.00 0.00 0
11972 0.00 0.00 0.00 0
11973 0.00 0.00 0.00 0
11981 0.00 0.00 0.00 0
11982 0.00 0.00 0.00 0
11983 0.00 0.00 0.00 0
11984 0.00 0.00 0.00 0
11985 0.00 0.00 0.00 0
11986 0.00 0.00 0.00 0
11987 0.00 0.00 0.00 0
11994 0.00 0.00 0.00 0
11995 0.00 0.00 0.00 0
11996 0.00 0.00 0.00 0
11997 0.00 0.00 0.00 0
11998 0.00 0.00 0.00 0
11999 0.00 0.00 0.00 0
12000 0.00 0.00 0.00 0
12001 0.00 0.00 0.00 0
12009 0.00 0.00 0.00 0
12010 0.00 0.00 0.00 0
12011 0.00 0.00 0.00 0
12012 0.00 0.00 0.00 0
12013 0.00 0.00 0.00 0
12014 0.00 0.00 0.00 0
12015 0.00 0.00 0.00 0
12025 0.00 0.00 0.00 0
12026 0.00 0.00 0.00 0
12027 0.00 0.00 0.00 0
12028 0.00 0.00 0.00 0
12029 0.00 0.00 0.00 0
12030 0.00 0.00 0.00 0
12041 0.00 0.00 0.00 0
12042 0.00 0.00 0.00 0
12043 0.00 0.00 0.00 0
12054 0.00 0.00 0.00 0
12055 0.00 0.00 0.00 0
12056 0.00 0.00 0.00 0
12057 0.00 0.00 0.00 0
12069 0.00 0.00 0.00 0
12070 0.00 0.00 0.00 0
12071 0.00 0.00 0.00 0
12072 0.00 0.00 0.00 0
12073 0.00 0.00 0.00 0
12084 0.00 0.00 0.00 0
12085 0.00 0.00 0.00 0
12086 0.00 0.00 0.00 0
12087 0.00 0.00 0.00 0
12088 0.00 0.00 0.00 0
12099 0.00 0.00 0.00 0
12111 0.00 0.00 0.00 0
12120 0.00 0.00 0.00 0
12121 0.00 0.00 0.00 0
12122 0.00 0.00 0.00 0
12123 0.00 0.00 0.00 0
12124 0.00 0.00 0.00 0
12125 0.00 0.00 0.00 0
12126 0.00 0.00 0.00 0
12137 0.00 0.00 0.00 0
12138 0.00 0.00 0.00 0
12139 0.00 0.00 0.00 0
12140 0.00 0.00 0.00 0
12141 0.00 0.00 0.00 0
12157 0.00 0.00 0.00 0
12158 0.00 0.00 0.00 0
12159 0.00 0.00 0.00 0
12160 0.00 0.00 0.00 0
12161 0.00 0.00 0.00 0
12173 0.00 0.00 0.00 0
12174 0.00 0.00 0.00 0
12940 0.00 0.00 0.00 0
12941 0.00 0.00 0.00 0
12942 0.00 0.00 0.00 0
12943 0.00 0.00 0.00 0
12962 0.00 0.00 0.00 0
12963 0.00 0.00 0.00 0
12964 0.00 0.00 0.00 0
12965 0.00 0.00 0.00 0
12984 0.00 0.00 0.00 0
12985 0.00 0.00 0.00 0
12986 0.00 0.00 0.00 0
12987 0.00 0.00 0.00 0
12988 0.00 0.00 0.00 0
12989 0.00 0.00 0.00 0
12990 0.00 0.00 0.00 0
13004 0.00 0.00 0.00 0
13005 0.00 0.00 0.00 0
13006 0.00 0.00 0.00 0
13007 0.00 0.00 0.00 0
13008 0.00 0.00 0.00 0
13009 0.00 0.00 0.00 0
13017 0.00 0.00 0.00 0
13018 0.00 0.00 0.00 0
13019 0.00 0.00 0.00 0
13020 0.00 0.00 0.00 0
13021 0.00 0.00 0.00 0
13022 0.00 0.00 0.00 0
13023 0.00 0.00 0.00 0
13024 0.00 0.00 0.00 0
13035 0.00 0.00 0.00 0
13036 0.00 0.00 0.00 0
13037 0.00 0.00 0.00 0
13038 0.00 0.00 0.00 0
13039 0.00 0.00 0.00 0
13040 0.00 0.00 0.00 0
13041 0.00 0.00 0.00 0
13051 0.00 0.00 0.00 0
13052 0.00 0.00 0.00 0
13053 0.00 0.00 0.00 0
13054 0.00 0.00 0.00 0
13055 0.00 0.00 0.00 0
13056 0.00 0.00 0.00 0
13057 0.00 0.00 0.00 0
13058 0.00 0.00 0.00 0
13068 0.00 0.00 0.00 0
13069 0.00 0.00 0.00 0
13070 0.00 0.00 0.00 0
13071 0.00 0.00 0.00 0
13072 0.00 0.00 0.00 0
13082 0.00 0.00 0.00 0
13083 0.00 0.00 0.00 0
13084 0.00 0.00 0.00 0
13085 0.00 0.00 0.00 0
13086 0.00 0.00 0.00 0
13097 0.00 0.00 0.00 0
13098 0.00 0.00 0.00 0
13099 0.00 0.00 0.00 0
13100 0.00 0.00 0.00 0
13109 0.00 0.00 0.00 0
13110 0.00 0.00 0.00 0
13111 0.00 0.00 0.00 0
13112 0.00 0.00 0.00 0
13113 0.00 0.00 0.00 0
13114 0.00 0.00 0.00 0
13124 0.00 0.00 0.00 0
13125 0.00 0.00 0.00 0
13126 0.00 0.00 0.00 0
13127 0.00 0.00 0.00 0
13128 0.00 0.00 0.00 0
13129 0.00 0.00 0.00 0
13130 0.00 0.00 0.00 0
13140 0.00 0.00 0.00 0
13141 0.00 0.00 0.00 0
13142 0.00 0.00 0.00 0
13143 0.00 0.00 0.00 0
13144 0.00 0.00 0.00 0
13145 0.00 0.00 0.00 0
13146 0.00 0.00 0.00 0
13147 0.00 0.00 0.00 0
13162 0.00 0.00 0.00 0
13163 0.00 0.00 0.00 0
13164 0.00 0.00 0.00 0
13165 0.00 0.00 0.00 0
13166 0.00 0.00 0.00 0
13167 0.00 0.00 0.00 0
13168 0.00 0.00 0.00 0
13183 0.00 0.00 0.00 0
13184 0.00 0.00 0.00 0
13185 0.00 0.00 0.00 0
13186 0.00 0.00 0.00 0
13187 0.00 0.00 0.00 0
13203 0.00 0.00 0.00 0
13217 0.00 0.00 0.00 0
13232 0.00 0.00 0.00 0
13233 0.00 0.00 0.00 0
13234 0.00 0.00 0.00 0
13235 0.00 0.00 0.00 0
13236 0.00 0.00 0.00 0
13237 0.00 0.00 0.00 0
13238 0.00 0.00 0.00 0
13239 0.00 0.00 0.00 0
13255 0.00 0.00 0.00 0
13256 0.00 0.00 0.00 0
13257 0.00 0.00 0.00 0
13258 0.00 0.00 0.00 0
13259 0.00 0.00 0.00 0
13260 0.00 0.00 0.00 0
13261 0.00 0.00 0.00 0
13262 0.00 0.00 0.00 0
13278 0.00 0.00 0.00 0
13279 0.00 0.00 0.00 0
13280 0.00 0.00 0.00 0
13281 0.00 0.00 0.00 0
13282 0.00 0.00 0.00 0
13283 0.00 0.00 0.00 0
13284 0.00 0.00 0.00 0
13285 0.00 0.00 0.00 0
13302 0.00 0.00 0.00 0
13303 0.00 0.00 0.00 0
13304 0.00 0.00 0.00 0
13320 0.00 0.00 0.00 0
13321 0.00 0.00 0.00 0
13322 0.00 0.00 0.00 0
13323 0.00 0.00 0.00 0
13324 0.00 0.00 0.00 0
13325 0.00 0.00 0.00 0
13334 0.00 0.00 0.00 0
13335 0.00 0.00 0.00 0
13336 0.00 0.00 0.00 0
13337 0.00 0.00 0.00 0
13356 0.00 0.00 0.00 0
13357 0.00 0.00 0.00 0
14145 0.00 0.00 0.00 0
14146 0.00 0.00 0.00 0
14147 0.00 0.00 0.00 0
14148 0.00 0.00 0.00 0
14163 0.00 0.00 0.00 0
14164 0.00 0.00 0.00 0
14165 0.00 0.00 0.00 0
14166 0.00 0.00 0.00 0
14184 0.00 0.00 0.00 0
14185 0.00 0.00 0.00 0
14186 0.00 0.00 0.00 0
14187 0.00 0.00 0.00 0
14188 0.00 0.00 0.00 0
14189 0.00 0.00 0.00 0
14190 0.00 0.00 0.00 0
14191 0.00 0.00 0.00 0
14211 0.00 0.00 0.00 0
14212 0.00 0.00 0.00 0
14213 0.00 0.00 0.00 0
14214 0.00 0.00 0.00 0
14215 0.00 0.00 0.00 0
14216 0.00 0.00 0.00 0
14228 0.00 0.00 0.00 0
14230 0.00 0.00 0.00 0
14231 0.00 0.00 0.00 0
14232 0.00 0.00 0.00 0
14233 0.00 0.00 0.00 0
14234 0.00 0.00 0.00 0
14246 0.00 0.00 0.00 0
14247 0.00 0.00 0.00 0
14248 0.00 0.00 0.00 0
14249 0.00 0.00 0.00 0
14250 0.00 0.00 0.00 0
14251 0.00 0.00 0.00 0
14252 0.00 0.00 0.00 0
14262 0.00 0.00 0.00 0
14263 0.00 0.00 0.00 0
14264 0.00 0.00 0.00 0
14265 0.00 0.00 0.00 0
14266 0.00 0.00 0.00 0
14267 0.00 0.00 0.00 0
14268 0.00 0.00 0.00 0
14269 0.00 0.00 0.00 0
14270 0.00 0.00 0.00 0
14277 0.00 0.00 0.00 0
14278 0.00 0.00 0.00 0
14279 0.00 0.00 0.00 0
14280 0.00 0.00 0.00 0
14281 0.00 0.00 0.00 0
14291 0.00 0.00 0.00 0
14292 0.00 0.00 0.00 0
14293 0.00 0.00 0.00 0
14303 0.00 0.00 0.00 0
14304 0.00 0.00 0.00 0
14313 0.00 0.00 0.00 0
14314 0.00 0.00 0.00 0
14326 0.00 0.00 0.00 0
14327 0.00 0.00 0.00 0
14341 0.00 0.00 0.00 0
14342 0.00 0.00 0.00 0
14343 0.00 0.00 0.00 0
14344 0.00 0.00 0.00 0
14345 0.00 0.00 0.00 0
14346 0.00 0.00 0.00 0
14363 0.00 0.00 0.00 0
14364 0.00 0.00 0.00 0
14365 0.00 0.00 0.00 0
14366 0.00 0.00 0.00 0
14367 0.00 0.00 0.00 0
14368 0.00 0.00 0.00 0
14369 0.00 0.00 0.00 0
14370 0.00 0.00 0.00 0
14387 0.00 0.00 0.00 0
14388 0.00 0.00 0.00 0
14389 0.00 0.00 0.00 0
14390 0.00 0.00 0.00 0
14391 0.00 0.00 0.00 0
14392 0.00 0.00 0.00 0
14393 0.00 0.00 0.00 0
14394 0.00 0.00 0.00 0
14395 0.00 0.00 0.00 0
14411 0.00 0.00 0.00 0
14412 0.00 0.00 0.00 0
14413 0.00 0.00 0.00 0
14414 0.00 0.00 0.00 0
14415 0.00 0.00 0.00 0
14416 0.00 0.00 0.00 0
14417 0.00 0.00 0.00 0
14418 0.00 0.00 0.00 0
14419 0.00 0.00 0.00 0
14432 0.00 0.00 0.00 0
14433 0.00 0.00 0.00 0
14434 0.00 0.00 0.00 0
14435 0.00 0.00 0.00 0
14436 0.00 0.00 0.00 0
14437 0.00 0.00 0.00 0
14438 0.00 0.00 0.00 0
14439 0.00 0.00 0.00 0
14453 0.00 0.00 0.00 0
14454 0.00 0.00 0.00 0
14455 0.00 0.00 0.00 0
14456 0.00 0.00 0.00 0
14457 0.00 0.00 0.00 0
14458 0.00 0.00 0.00 0
14459 0.00 0.00 0.00 0
14460 0.00 0.00 0.00 0
14477 0.00 0.00 0.00 0
14478 0.00 0.00 0.00 0
14479 0.00 0.00 0.00 0
14496 0.00 0.00 0.00 0
14497 0.00 0.00 0.00 0
14513 0.00 0.00 0.00 0
14514 0.00 0.00 0.00 0
14515 0.00 0.00 0.00 0
14516 0.00 0.00 0.00 0
14517 0.00 0.00 0.00 0
14518 0.00 0.00 0.00 0
14519 0.00 0.00 0.00 0
14520 0.00 0.00 0.00 0
14533 0.00 0.00 0.00 0
14534 0.00 0.00 0.00 0
14535 0.00 0.00 0.00 0
14536 0.00 0.00 0.00 0
14537 0.00 0.00 0.00 0
14538 0.00 0.00 0.00 0
14548 0.00 0.00 0.00 0
14560 0.00 0.00 0.00 0
14561 0.00 0.00 0.00 0
14562 0.00 0.00 0.00 0
14578 0.00 0.00 0.00 0
15416 0.00 0.00 0.00 0
15417 0.00 0.00 0.00 0
15418 0.00 0.00 0.00 0
15419 0.00 0.00 0.00 0
15435 0.00 0.00 0.00 0
15436 0.00 0.00 0.00 0
15437 0.00 0.00 0.00 0
15438 0.00 0.00 0.00 0
15439 0.00 0.00 0.00 0
15453 0.00 0.00 0.00 0
15454 0.00 0.00 0.00 0
15455 0.00 0.00 0.00 0
15456 0.00 0.00 0.00 0
15457 0.00 0.00 0.00 0
15458 0.00 0.00 0.00 0
15459 0.00 0.00 0.00 0
15479 0.00 0.00 0.00 0
15480 0.00 0.00 0.00 0
15481 0.00 0.00 0.00 0
15482 0.00 0.00 0.00 0
15483 0.00 0.00 0.00 0
15484 0.00 0.00 0.00 0
15503 0.00 0.00 0.00 0
15504 0.00 0.00 0.00 0
15505 0.00 0.00 0.00 0
15506 0.00 0.00 0.00 0
15507 0.00 0.00 0.00 0
15508 0.00 0.00 0.00 0
15509 0.00 0.00 0.00 0
15525 0.00 0.00 0.00 0
15526 0.00 0.00 0.00 0
15527 0.00 0.00 0.00 0
15528 0.00 0.00 0.00 0
15529 0.00 0.00 0.00 0
15530 0.00 0.00 0.00 0
15545 0.00 0.00 0.00 0
15546 0.00 0.00 0.00 0
15547 0.00 0.00 0.00 0
15548 0.00 0.00 0.00 0
15549 0.00 0.00 0.00 0
15550 0.00 0.00 0.00 0
15551 0.00 0.00 0.00 0
15561 0.00 0.00 0.00 0
15562 0.00 0.00 0.00 0
15563 0.00 0.00 0.00 0
15564 0.00 0.00 0.00 0
15565 0.00 0.00 0.00 0
15566 0.00 0.00 0.00 0
15578 0.00 0.00 0.00 0
15579 0.00 0.00 0.00 0
15580 0.00 0.00 0.00 0
15581 0.00 0.00 0.00 0
15582 0.00 0.00 0.00 0
15594 0.00 0.00 0.00 0
15595 0.00 0.00 0.00 0
15596 0.00 0.00 0.00 0
15597 0.00 0.00 0.00 0
15598 0.00 0.00 0.00 0
15609 0.00 0.00 0.00 0
15610 0.00 0.00 0.00 0
15611 0.00 0.00 0.00 0
15612 0.00 0.00 0.00 0
15613 0.00 0.00 0.00 0
15629 0.00 0.00 0.00 0
15630 0.00 0.00 0.00 0
15631 0.00 0.00 0.00 0
15650 0.00 0.00 0.00 0
15651 0.00 0.00 0.00 0
15669 0.00 0.00 0.00 0
15670 0.00 0.00 0.00 0
15689 0.00 0.00 0.00 0
15690 0.00 0.00 0.00 0
15706 0.00 0.00 0.00 0
15707 0.00 0.00 0.00 0
15720 0.00 0.00 0.00 0
15733 0.00 0.00 0.00 0
15747 0.00 0.00 0.00 0
15748 0.00 0.00 0.00 0
15749 0.00 0.00 0.00 0
15750 0.00 0.00 0.00 0
15751 0.00 0.00 0.00 0
15752 0.00 0.00 0.00 0
15753 0.00 0.00 0.00 0
15765 0.00 0.00 0.00 0
15766 0.00 0.00 0.00 0
15767 0.00 0.00 0.00 0
15768 0.00 0.00 0.00 0
15769 0.00 0.00 0.00 0
15770 0.00 0.00 0.00 0
15771 0.00 0.00 0.00 0
15772 0.00 0.00 0.00 0
15786 0.00 0.00 0.00 0
15787 0.00 0.00 0.00 0
15788 0.00 0.00 0.00 0
15789 0.00 0.00 0.00 0
15790 0.00 0.00 0.00 0
15791 0.00 0.00 0.00 0
15792 0.00 0.00 0.00 0
15806 0.00 0.00 0.00 0
15818 0.00 0.00 0.00 0
15819 0.00 0.00 0.00 0
15837 0.00 0.00 0.00 0
15838 0.00 0.00 0.00 0
16778 0.00 0.00 0.00 0
16779 0.00 0.00 0.00 0
16780 0.00 0.00 0.00 0
16796 0.00 0.00 0.00 0
16797 0.00 0.00 0.00 0
16798 0.00 0.00 0.00 0
16799 0.00 0.00 0.00 0
16800 0.00 0.00 0.00 0
16801 0.00 0.00 0.00 0
16814 0.00 0.00 0.00 0
16815 0.00 0.00 0.00 0
16816 0.00 0.00 0.00 0
16817 0.00 0.00 0.00 0
16818 0.00 0.00 0.00 0
16819 0.00 0.00 0.00 0
16820 0.00 0.00 0.00 0
16838 0.00 0.00 0.00 0
16839 0.00 0.00 0.00 0
16840 0.00 0.00 0.00 0
16841 0.00 0.00 0.00 0
16842 0.00 0.00 0.00 0
16843 0.00 0.00 0.00 0
16844 0.00 0.00 0.00 0
16845 0.00 0.00 0.00 0
16865 0.00 0.00 0.00 0
16866 0.00 0.00 0.00 0
16867 0.00 0.00 0.00 0
16868 0.00 0.00 0.00 0
16869 0.00 0.00 0.00 0
16870 0.00 0.00 0.00 0
16871 0.00 0.00 0.00 0
16887 0.00 0.00 0.00 0
16888 0.00 0.00 0.00 0
16889 0.00 0.00 0.00 0
16890 0.00 0.00 0.00 0
16891 0.00 0.00 0.00 0
16892 0.00 0.00 0.00 0
16893 0.00 0.00 0.00 0
16909 0.00 0.00 0.00 0
16910 0.00 0.00 0.00 0
16911 0.00 0.00 0.00 0
16912 0.00 0.00 0.00 0
16913 0.00 0.00 0.00 0
16914 0.00 0.00 0.00 0
16915 0.00 0.00 0.00 0
16916 0.00 0.00 0.00 0
16917 0.00 0.00 0.00 0
16932 0.00 0.00 0.00 0
16933 0.00 0.00 0.00 0
16934 0.00 0.00 0.00 0
16935 0.00 0.00 0.00 0
16936 0.00 0.00 0.00 0
16937 0.00 0.00 0.00 0
16938 0.00 0.00 0.00 0
16939 0.00 0.00 0.00 0
16954 0.00 0.00 0.00 0
16955 0.00 0.00 0.00 0
16956 0.00 0.00 0.00 0
16957 0.00 0.00 0.00 0
16970 0.00 0.00 0.00 0
16971 0.00 0.00 0.00 0
16972 0.00 0.00 0.00 0
16973 0.00 0.00 0.00 0
16987 0.00 0.00 0.00 0
16988 0.00 0.00 0.00 0
16989 0.00 0.00 0.00 0
16990 0.00 0.00 0.00 0
16991 0.00 0.00 0.00 0
16992 0.00 0.00 0.00 0
17010 0.00 0.00 0.00 0
17011 0.00 0.00 0.00 0
17012 0.00 0.00 0.00 0
17013 0.00 0.00 0.00 0
17014 0.00 0.00 0.00 0
17015 0.00 0.00 0.00 0
17016 0.00 0.00 0.00 0
17035 0.00 0.00 0.00 0
17036 0.00 0.00 0.00 0
17037 0.00 0.00 0.00 0
17038 0.00 0.00 0.00 0
17055 0.00 0.00 0.00 0
17056 0.00 0.00 0.00 0
17057 0.00 0.00 0.00 0
17058 0.00 0.00 0.00 0
17059 0.00 0.00 0.00 0
17060 0.00 0.00 0.00 0
17078 0.00 0.00 0.00 0
17079 0.00 0.00 0.00 0
17080 0.00 0.00 0.00 0
17081 0.00 0.00 0.00 0
17082 0.00 0.00 0.00 0
17083 0.00 0.00 0.00 0
17084 0.00 0.00 0.00 0
17099 0.00 0.00 0.00 0
17100 0.00 0.00 0.00 0
17101 0.00 0.00 0.00 0
17102 0.00 0.00 0.00 0
17103 0.00 0.00 0.00 0
17104 0.00 0.00 0.00 0
17105 0.00 0.00 0.00 0
17106 0.00 0.00 0.00 0
17107 0.00 0.00 0.00 0
17119 0.00 0.00 0.00 0
17120 0.00 0.00 0.00 0
17121 0.00 0.00 0.00 0
17122 0.00 0.00 0.00 0
17123 0.00 0.00 0.00 0
17124 0.00 0.00 0.00 0
17125 0.00 0.00 0.00 0
17126 0.00 0.00 0.00 0
17127 0.00 0.00 0.00 0
17140 0.00 0.00 0.00 0
17141 0.00 0.00 0.00 0
17142 0.00 0.00 0.00 0
17143 0.00 0.00 0.00 0
17144 0.00 0.00 0.00 0
17145 0.00 0.00 0.00 0
17146 0.00 0.00 0.00 0
17147 0.00 0.00 0.00 0
17162 0.00 0.00 0.00 0
17163 0.00 0.00 0.00 0
17164 0.00 0.00 0.00 0
17165 0.00 0.00 0.00 0
17166 0.00 0.00 0.00 0
17167 0.00 0.00 0.00 0
17168 0.00 0.00 0.00 0
17169 0.00 0.00 0.00 0
17184 0.00 0.00 0.00 0
17185 0.00 0.00 0.00 0
17186 0.00 0.00 0.00 0
17187 0.00 0.00 0.00 0
17205 0.00 0.00 0.00 0
17223 0.00 0.00 0.00 0
17224 0.00 0.00 0.00 0
17225 0.00 0.00 0.00 0
17236 0.00 0.00 0.00 0
17237 0.00 0.00 0.00 0
18275 0.00 0.00 0.00 0
18276 0.00 0.00 0.00 0
18277 0.00 0.00 0.00 0
18278 0.00 0.00 0.00 0
18279 0.00 0.00 0.00 0
18290 0.00 0.00 0.00 0
18291 0.00 0.00 0.00 0
18292 0.00 0.00 0.00 0
18293 0.00 0.00 0.00 0
18294 0.00 0.00 0.00 0
18295 0.00 0.00 0.00 0
18296 0.00 0.00 0.00 0
18311 0.00 0.00 0.00 0
18312 0.00 0.00 0.00 0
18313 0.00 0.00 0.00 0
18314 0.00 0.00 0.00 0
18315 0.00 0.00 0.00 0
18316 0.00 0.00 0.00 0
18331 0.00 0.00 0.00 0
18332 0.00 0.00 0.00 0
18333 0.00 0.00 0.00 0
18334 0.00 0.00 0.00 0
18335 0.00 0.00 0.00 0
18346 0.00 0.00 0.00 0
18347 0.00 0.00 0.00 0
18348 0.00 0.00 0.00 0
18349 0.00 0.00 0.00 0
18350 0.00 0.00 0.00 0
18351 0.00 0.00 0.00 0
18363 0.00 0.00 0.00 0
18364 0.00 0.00 0.00 0
18365 0.00 0.00 0.00 0
18366 0.00 0.00 0.00 0
18367 0.00 0.00 0.00 0
18368 0.00 0.00 0.00 0
18369 0.00 0.00 0.00 0
18370 0.00 0.00 0.00 0
18371 0.00 0.00 0.00 0
18385 0.00 0.00 0.00 0
18386 0.00 0.00 0.00 0
18387 0.00 0.00 0.00 0
18388 0.00 0.00 0.00 0
18389 0.00 0.00 0.00 0
18390 0.00 0.00 0.00 0
18391 0.00 0.00 0.00 0
18392 0.00 0.00 0.00 0
18405 0.00 0.00 0.00 0
18406 0.00 0.00 0.00 0
18407 0.00 0.00 0.00 0
18421 0.00 0.00 0.00 0
18422 0.00 0.00 0.00 0
18423 0.00 0.00 0.00 0
18424 0.00 0.00 0.00 0
18442 0.00 0.00 0.00 0
18443 0.00 0.00 0.00 0
18462 0.00 0.00 0.00 0
18463 0.00 0.00 0.00 0
18464 0.00 0.00 0.00 0
18465 0.00 0.00 0.00 0
18466 0.00 0.00 0.00 0
18467 0.00 0.00 0.00 0
18486 0.00 0.00 0.00 0
18487 0.00 0.00 0.00 0
18488 0.00 0.00 0.00 0
18489 0.00 0.00 0.00 0
18490 0.00 0.00 0.00 0
18491 0.00 0.00 0.00 0
18492 0.00 0.00 0.00 0
18508 0.00 0.00 0.00 0
18509 0.00 0.00 0.00 0
18510 0.00 0.00 0.00 0
18511 0.00 0.00 0.00 0
18512 0.00 0.00 0.00 0
18513 0.00 0.00 0.00 0
18514 0.00 0.00 0.00 0
18526 0.00 0.00 0.00 0
18527 0.00 0.00 0.00 0
18528 0.00 0.00 0.00 0
18529 0.00 0.00 0.00 0
18530 0.00 0.00 0.00 0
18531 0.00 0.00 0.00 0
18541 0.00 0.00 0.00 0
18542 0.00 0.00 0.00 0
18543 0.00 0.00 0.00 0
18544 0.00 0.00 0.00 0
18545 0.00 0.00 0.00 0
18559 0.00 0.00 0.00 0
18560 0.00 0.00 0.00 0
18561 0.00 0.00 0.00 0
18562 0.00 0.00 0.00 0
18583 0.00 0.00 0.00 0
18584 0.00 0.00 0.00 0
18604 0.00 0.00 0.00 0
18625 0.00 0.00 0.00 0
18626 0.00 0.00 0.00 0
18649 0.00 0.00 0.00 0
18650 0.00 0.00 0.00 0
18665 0.00 0.00 0.00 0
18666 0.00 0.00 0.00 0
19714 0.00 0.00 0.00 0
19715 0.00 0.00 0.00 0
19716 0.00 0.00 0.00 0
19717 0.00 0.00 0.00 0
19718 0.00 0.00 0.00 0
19719 0.00 0.00 0.00 0
19720 0.00 0.00 0.00 0
19731 0.00 0.00 0.00 0
19732 0.00 0.00 0.00 0
19733 0.00 0.00 0.00 0
19734 0.00 0.00 0.00 0
19735 0.00 0.00 0.00 0
19736 0.00 0.00 0.00 0
19737 0.00 0.00 0.00 0
19738 0.00 0.00 0.00 0
19739 0.00 0.00 0.00 0
19740 0.00 0.00 0.00 0
19741 0.00 0.00 0.00 0
19758 0.00 0.00 0.00 0
19759 0.00 0.00 0.00 0
19760 0.00 0.00 0.00 0
19761 0.00 0.00 0.00 0
19762 0.00 0.00 0.00 0
19770 0.00 0.00 0.00 0
19771 0.00 0.00 0.00 0
19772 0.00 0.00 0.00 0
19773 0.00 0.00 0.00 0
19780 0.00 0.00 0.00 0
19781 0.00 0.00 0.00 0
19782 0.00 0.00 0.00 0
19783 0.00 0.00 0.00 0
19784 0.00 0.00 0.00 0
19796 0.00 0.00 0.00 0
19797 0.00 0.00 0.00 0
19798 0.00 0.00 0.00 0
19799 0.00 0.00 0.00 0
19800 0.00 0.00 0.00 0
19801 0.00 0.00 0.00 0
19802 0.00 0.00 0.00 0
19803 0.00 0.00 0.00 0
19814 0.00 0.00 0.00 0
19815 0.00 0.00 0.00 0
19816 0.00 0.00 0.00 0
19817 0.00 0.00 0.00 0
19818 0.00 0.00 0.00 0
19819 0.00 0.00 0.00 0
19830 0.00 0.00 0.00 0
19831 0.00 0.00 0.00 0
19832 0.00 0.00 0.00 0
19833 0.00 0.00 0.00 0
19848 0.00 0.00 0.00 0
19849 0.00 0.00 0.00 0
19850 0.00 0.00 0.00 0
19851 0.00 0.00 0.00 0
19867 0.00 0.00 0.00 0
19883 0.00 0.00 0.00 0
19897 0.00 0.00 0.00 0
19907 0.00 0.00 0.00 0
19920 0.00 0.00 0.00 0
19921 0.00 0.00 0.00 0
19938 0.00 0.00 0.00 0
19939 0.00 0.00 0.00 0
19964 0.00 0.00 0.00 0
19965 0.00 0.00 0.00 0
19966 0.00 0.00 0.00 0
19986 0.00 0.00 0.00 0
19987 0.00 0.00 0.00 0
20002 0.00 0.00 0.00 0
20003 0.00 0.00 0.00 0
20004 0.00 0.00 0.00 0
21045 0.00 0.00 0.00 0
21046 0.00 0.00 0.00 0
21056 0.00 0.00 0.00 0
21057 0.00 0.00 0.00 0
21058 0.00 0.00 0.00 0
21059 0.00 0.00 0.00 0
21060 0.00 0.00 0.00 0
21061 0.00 0.00 0.00 0
21062 0.00 0.00 0.00 0
21063 0.00 0.00 0.00 0
21064 0.00 0.00 0.00 0
21065 0.00 0.00 0.00 0
21066 0.00 0.00 0.00 0
21083 0.00 0.00 0.00 0
21084 0.00 0.00 0.00 0
21085 0.00 0.00 0.00 0
21086 0.00 0.00 0.00 0
21087 0.00 0.00 0.00 0
21088 0.00 0.00 0.00 0
21089 0.00 0.00 0.00 0
21090 0.00 0.00 0.00 0
21091 0.00 0.00 0.00 0
21092 0.00 0.00 0.00 0
21093 0.00 0.00 0.00 0
21094 0.00 0.00 0.00 0
21109 0.00 0.00 0.00 0
21110 0.00 0.00 0.00 0
21111 0.00 0.00 0.00 0
21112 0.00 0.00 0.00 0
21113 0.00 0.00 0.00 0
21114 0.00 0.00 0.00 0
21121 0.00 0.00 0.00 0
21122 0.00 0.00 0.00 0
21123 0.00 0.00 0.00 0
21124 0.00 0.00 0.00 0
21125 0.00 0.00 0.00 0
21126 0.00 0.00 0.00 0
21127 0.00 0.00 0.00 0
21133 0.00 0.00 0.00 0
21134 0.00 0.00 0.00 0
21135 0.00 0.00 0.00 0
21136 0.00 0.00 0.00 0
21137 0.00 0.00 0.00 0
21138 0.00 0.00 0.00 0
21139 0.00 0.00 0.00 0
21140 0.00 0.00 0.00 0
21144 0.00 0.00 0.00 0
21145 0.00 0.00 0.00 0
21146 0.00 0.00 0.00 0
21147 0.00 0.00 0.00 0
21148 0.00 0.00 0.00 0
21149 0.00 0.00 0.00 0
21150 0.00 0.00 0.00 0
21154 0.00 0.00 0.00 0
21165 0.00 0.00 0.00 0
21166 0.00 0.00 0.00 0
21167 0.00 0.00 0.00 0
21168 0.00 0.00 0.00 0
21180 0.00 0.00 0.00 0
21192 0.00 0.00 0.00 0
21203 0.00 0.00 0.00 0
21215 0.00 0.00 0.00 0
21216 0.00 0.00 0.00 0
21231 0.00 0.00 0.00 0
21232 0.00 0.00 0.00 0
21246 0.00 0.00 0.00 0
21247 0.00 0.00 0.00 0
22257 0.00 0.00 0.00 0
22258 0.00 0.00 0.00 0
22259 0.00 0.00 0.00 0
22260 0.00 0.00 0.00 0
22276 0.00 0.00 0.00 0
22277 0.00 0.00 0.00 0
22278 0.00 0.00 0.00 0
22279 0.00 0.00 0.00 0
22280 0.00 0.00 0.00 0
22281 0.00 0.00 0.00 0
22282 0.00 0.00 0.00 0
22283 0.00 0.00 0.00 0
22284 0.00 0.00 0.00 0
22285 0.00 0.00 0.00 0
22286 0.00 0.00 0.00 0
22287 0.00 0.00 0.00 0
22304 0.00 0.00 0.00 0
22305 0.00 0.00 0.00 0
22306 0.00 0.00 0.00 0
22307 0.00 0.00 0.00 0
22308 0.00 0.00 0.00 0
22309 0.00 0.00 0.00 0
22310 0.00 0.00 0.00 0
22311 0.00 0.00 0.00 0
22312 0.00 0.00 0.00 0
22313 0.00 0.00 0.00 0
22314 0.00 0.00 0.00 0
22315 0.00 0.00 0.00 0
22316 0.00 0.00 0.00 0
22317 0.00 0.00 0.00 0
22318 0.00 0.00 0.00 0
22324 0.00 0.00 0.00 0
22325 0.00 0.00 0.00 0
22326 0.00 0.00 0.00 0
22327 0.00 0.00 0.00 0
22328 0.00 0.00 0.00 0
22329 0.00 0.00 0.00 0
22330 0.00 0.00 0.00 0
22331 0.00 0.00 0.00 0
22332 0.00 0.00 0.00 0
22333 0.00 0.00 0.00 0
22334 0.00 0.00 0.00 0
22335 0.00 0.00 0.00 0
22336 0.00 0.00 0.00 0
22337 0.00 0.00 0.00 0
22342 0.00 0.00 0.00 0
22343 0.00 0.00 0.00 0
22344 0.00 0.00 0.00 0
22345 0.00 0.00 0.00 0
22346 0.00 0.00 0.00 0
22347 0.00 0.00 0.00 0
22348 0.00 0.00 0.00 0
22349 0.00 0.00 0.00 0
22350 0.00 0.00 0.00 0
22351 0.00 0.00 0.00 0
22352 0.00 0.00 0.00 0
22353 0.00 0.00 0.00 0
22354 0.00 0.00 0.00 0
22355 0.00 0.00 0.00 0
22356 0.00 0.00 0.00 0
22361 0.00 0.00 0.00 0
22362 0.00 0.00 0.00 0
22363 0.00 0.00 0.00 0
22364 0.00 0.00 0.00 0
22365 0.00 0.00 0.00 0
22366 0.00 0.00 0.00 0
22367 0.00 0.00 0.00 0
22368 0.00 0.00 0.00 0
22372 0.00 0.00 0.00 0
22373 0.00 0.00 0.00 0
22383 0.00 0.00 0.00 0
22384 0.00 0.00 0.00 0
22385 0.00 0.00 0.00 0
22386 0.00 0.00 0.00 0
22398 0.00 0.00 0.00 0
22412 0.00 0.00 0.00 0
22424 0.00 0.00 0.00 0
22425 0.00 0.00 0.00 0
22435 0.00 0.00 0.00 0
22436 0.00 0.00 0.00 0
23569 0.00 0.00 0.00 0
23570 0.00 0.00 0.00 0
23571 0.00 0.00 0.00 0
23572 0.00 0.00 0.00 0
23573 0.00 0.00 0.00 0
23583 0.00 0.00 0.00 0
23584 0.00 0.00 0.00 0
23585 0.00 0.00 0.00 0
23586 0.00 0.00 0.00 0
23587 0.00 0.00 0.00 0
23588 0.00 0.00 0.00 0
23594 0.00 0.00 0.00 0
23595 0.00 0.00 0.00 0
23596 0.00 0.00 0.00 0
23597 0.00 0.00 0.00 0
23598 0.00 0.00 0.00 0
23599 0.00 0.00 0.00 0
23600 0.00 0.00 0.00 0
23601 0.00 0.00 0.00 0
23602 0.00 0.00 0.00 0
23603 0.00 0.00 0.00 0
23604 0.00 0.00 0.00 0
23605 0.00 0.00 0.00 0
23606 0.00 0.00 0.00 0
23607 0.00 0.00 0.00 0
23608 0.00 0.00 0.00 0
23614 0.00 0.00 0.00 0
23615 0.00 0.00 0.00 0
23616 0.00 0.00 0.00 0
23617 0.00 0.00 0.00 0
23618 0.00 0.00 0.00 0
23619 0.00 0.00 0.00 0
23620 0.00 0.00 0.00 0
23621 0.00 0.00 0.00 0
23622 0.00 0.00 0.00 0
23623 0.00 0.00 0.00 0
23624 0.00 0.00 0.00 0
23625 0.00 0.00 0.00 0
23626 0.00 0.00 0.00 0
23627 0.00 0.00 0.00 0
23628 0.00 0.00 0.00 0
23629 0.00 0.00 0.00 0
23633 0.00 0.00 0.00 0
23634 0.00 0.00 0.00 0
23646 0.00 0.00 0.00 0
23647 0.00 0.00 0.00 0
23648 0.00 0.00 0.00 0
23666 0.00 0.00 0.00 0
23682 0.00 0.00 0.00 0
23695 0.00 0.00 0.00 0
23696 0.00 0.00 0.00 0
24945 0.00 0.00 0.00 0
24946 0.00 0.00 0.00 0
24947 0.00 0.00 0.00 0
24948 0.00 0.00 0.00 0
24959 0.00 0.00 0.00 0
24960 0.00 0.00 0.00 0
24961 0.00 0.00 0.00 0
24962 0.00 0.00 0.00 0
24963 0.00 0.00 0.00 0
24964 0.00 0.00 0.00 0
24977 0.00 0.00 0.00 0
24978 0.00 0.00 0.00 0
24979 0.00 0.00 0.00 0
24980 0.00 0.00 0.00 0
24981 0.00 0.00 0.00 0
24982 0.00 0.00 0.00 0
24983 0.00 0.00 0.00 0
24984 0.00 0.00 0.00 0
24985 0.00 0.00 0.00 0
24986 0.00 0.00 0.00 0
24987 0.00 0.00 0.00 0
24988 0.00 0.00 0.00 0
24989 0.00 0.00 0.00 0
24990 0.00 0.00 0.00 0
24991 0.00 0.00 0.00 0
24992 0.00 0.00 0.00 0
25003 0.00 0.00 0.00 0
25004 0.00 0.00 0.00 0
25005 0.00 0.00 0.00 0
25006 0.00 0.00 0.00 0
25007 0.00 0.00 0.00 0
25008 0.00 0.00 0.00 0
25009 0.00 0.00 0.00 0
25021 0.00 0.00 0.00 0
25022 0.00 0.00 0.00 0
25023 0.00 0.00 0.00 0
25024 0.00 0.00 0.00 0
25041 0.00 0.00 0.00 0
25062 0.00 0.00 0.00 0
25063 0.00 0.00 0.00 0
25082 0.00 0.00 0.00 0
25083 0.00 0.00 0.00 0
26408 0.00 0.00 0.00 0
26409 0.00 0.00 0.00 0
26410 0.00 0.00 0.00 0
26422 0.00 0.00 0.00 0
26423 0.00 0.00 0.00 0
26424 0.00 0.00 0.00 0
26425 0.00 0.00 0.00 0
26426 0.00 0.00 0.00 0
26442 0.00 0.00 0.00 0
26443 0.00 0.00 0.00 0
26444 0.00 0.00 0.00 0
26445 0.00 0.00 0.00 0
26446 0.00 0.00 0.00 0
26447 0.00 0.00 0.00 0
26448 0.00 0.00 0.00 0
26449 0.00 0.00 0.00 0
26450 0.00 0.00 0.00 0
26451 0.00 0.00 0.00 0
26452 0.00 0.00 0.00 0
26453 0.00 0.00 0.00 0
26470 0.00 0.00 0.00 0
26471 0.00 0.00 0.00 0
26472 0.00 0.00 0.00 0
26473 0.00 0.00 0.00 0
26474 0.00 0.00 0.00 0
26475 0.00 0.00 0.00 0
26476 0.00 0.00 0.00 0
26477 0.00 0.00 0.00 0
26478 0.00 0.00 0.00 0
26479 0.00 0.00 0.00 0
26480 0.00 0.00 0.00 0
26481 0.00 0.00 0.00 0
26482 0.00 0.00 0.00 0
26483 0.00 0.00 0.00 0
26498 0.00 0.00 0.00 0
26499 0.00 0.00 0.00 0
26500 0.00 0.00 0.00 0
26501 0.00 0.00 0.00 0
26502 0.00 0.00 0.00 0
26503 0.00 0.00 0.00 0
26504 0.00 0.00 0.00 0
26505 0.00 0.00 0.00 0
26506 0.00 0.00 0.00 0
26507 0.00 0.00 0.00 0
26520 0.00 0.00 0.00 0
26521 0.00 0.00 0.00 0
26541 0.00 0.00 0.00 0
26542 0.00 0.00 0.00 0
26566 0.00 0.00 0.00 0
27745 0.00 0.00 0.00 0
27746 0.00 0.00 0.00 0
27747 0.00 0.00 0.00 0
27753 0.00 0.00 0.00 0
27754 0.00 0.00 0.00 0
27755 0.00 0.00 0.00 0
27763 0.00 0.00 0.00 0
27764 0.00 0.00 0.00 0
27765 0.00 0.00 0.00 0
27775 0.00 0.00 0.00 0
27776 0.00 0.00 0.00 0
27777 0.00 0.00 0.00 0
27778 0.00 0.00 0.00 0
27779 0.00 0.00 0.00 0
27780 0.00 0.00 0.00 0
27781 0.00 0.00 0.00 0
27782 0.00 0.00 0.00 0
27783 0.00 0.00 0.00 0
27784 0.00 0.00 0.00 0
27798 0.00 0.00 0.00 0
27799 0.00 0.00 0.00 0
27800 0.00 0.00 0.00 0
27801 0.00 0.00 0.00 0
27802 0.00 0.00 0.00 0
27803 0.00 0.00 0.00 0
27804 0.00 0.00 0.00 0
27805 0.00 0.00 0.00 0
27806 0.00 0.00 0.00 0
27807 0.00 0.00 0.00 0
27808 0.00 0.00 0.00 0
27809 0.00 0.00 0.00 0
27810 0.00 0.00 0.00 0
27821 0.00 0.00 0.00 0
27822 0.00 0.00 0.00 0
27823 0.00 0.00 0.00 0
27824 0.00 0.00 0.00 0
27825 0.00 0.00 0.00 0
27840 0.00 0.00 0.00 0
27841 0.00 0.00 0.00 0
27864 0.00 0.00 0.00 0
29099 0.00 0.00 0.00 0
29100 0.00 0.00 0.00 0
29101 0.00 0.00 0.00 0
29113 0.00 0.00 0.00 0
29114 0.00 0.00 0.00 0
29115 0.00 0.00 0.00 0
29116 0.00 0.00 0.00 0
29124 0.00 0.00 0.00 0
29125 0.00 0.00 0.00 0
29134 0.00 0.00 0.00 0
29135 0.00 0.00 0.00 0
29136 0.00 0.00 0.00 0
29137 0.00 0.00 0.00 0
29138 0.00 0.00 0.00 0
29139 0.00 0.00 0.00 0
29140 0.00 0.00 0.00 0
29152 0.00 0.00 0.00 0
29153 0.00 0.00 0.00 0
29154 0.00 0.00 0.00 0
29155 0.00 0.00 0.00 0
29156 0.00 0.00 0.00 0
29157 0.00 0.00 0.00 0
29158 0.00 0.00 0.00 0
29159 0.00 0.00 0.00 0
29160 0.00 0.00 0.00 0
29161 0.00 0.00 0.00 0
29162 0.00 0.00 0.00 0
29163 0.00 0.00 0.00 0
29177 0.00 0.00 0.00 0
29178 0.00 0.00 0.00 0
29179 0.00 0.00 0.00 0
29180 0.00 0.00 0.00 0
29181 0.00 0.00 0.00 0
29182 0.00 0.00 0.00 0
29183 0.00 0.00 0.00 0
29184 0.00 0.00 0.00 0
29185 0.00 0.00 0.00 0
29186 0.00 0.00 0.00 0
29199 0.00 0.00 0.00 0
29200 0.00 0.00 0.00 0
29221 0.00 0.00 0.00 0
29222 0.00 0.00 0.00 0
30488 0.00 0.00 0.00 0
30489 0.00 0.00 0.00 0
30490 0.00 0.00 0.00 0
30491 0.00 0.00 0.00 0
30496 0.00 0.00 0.00 0
30497 0.00 0.00 0.00 0
30498 0.00 0.00 0.00 0
30499 0.00 0.00 0.00 0
30505 0.00 0.00 0.00 0
30506 0.00 0.00 0.00 0
30507 0.00 0.00 0.00 0
30508 0.00 0.00 0.00 0
30518 0.00 0.00 0.00 0
30519 0.00 0.00 0.00 0
30520 0.00 0.00 0.00 0
30521 0.00 0.00 0.00 0
30522 0.00 0.00 0.00 0
30523 0.00 0.00 0.00 0
30524 0.00 0.00 0.00 0
30525 0.00 0.00 0.00 0
30540 0.00 0.00 0.00 0
30541 0.00 0.00 0.00 0
30542 0.00 0.00 0.00 0
30543 0.00 0.00 0.00 0
30544 0.00 0.00 0.00 0
30545 0.00 0.00 0.00 0
30546 0.00 0.00 0.00 0
30547 0.00 0.00 0.00 0
30548 0.00 0.00 0.00 0
30549 0.00 0.00 0.00 0
30550 0.00 0.00 0.00 0
30569 0.00 0.00 0.00 0
30570 0.00 0.00 0.00 0
30571 0.00 0.00 0.00 0
30572 0.00 0.00 0.00 0
30573 0.00 0.00 0.00 0
30574 0.00 0.00 0.00 0
30589 0.00 0.00 0.00 0
30590 0.00 0.00 0.00 0
30599 0.00 0.00 0.00 0
30600 0.00 0.00 0.00 0
30601 0.00 0.00 0.00 0
31865 0.00 0.00 0.00 0
31866 0.00 0.00 0.00 0
31867 0.00 0.00 0.00 0
31873 0.00 0.00 0.00 0
31874 0.00 0.00 0.00 0
31875 0.00 0.00 0.00 0
31876 0.00 0.00 0.00 0
31881 0.00 0.00 0.00 0
31882 0.00 0.00 0.00 0
31883 0.00 0.00 0.00 0
31884 0.00 0.00 0.00 0
31885 0.00 0.00 0.00 0
31886 0.00 0.00 0.00 0
31887 0.00 0.00 0.00 0
31888 0.00 0.00 0.00 0
31896 0.00 0.00 0.00 0
31897 0.00 0.00 0.00 0
31898 0.00 0.00 0.00 0
31899 0.00 0.00 0.00 0
31900 0.00 0.00 0.00 0
31901 0.00 0.00 0.00 0
31902 0.00 0.00 0.00 0
31903 0.00 0.00 0.00 0
31904 0.00 0.00 0.00 0
31905 0.00 0.00 0.00 0
31906 0.00 0.00 0.00 0
31907 0.00 0.00 0.00 0
31923 0.00 0.00 0.00 0
31924 0.00 0.00 0.00 0
31925 0.00 0.00 0.00 0
31926 0.00 0.00 0.00 0
31927 0.00 0.00 0.00 0
31928 0.00 0.00 0.00 0
31929 0.00 0.00 0.00 0
31930 0.00 0.00 0.00 0
31949 0.00 0.00 0.00 0
31950 0.00 0.00 0.00 0
31951 0.00 0.00 0.00 0
31952 0.00 0.00 0.00 0
31953 0.00 0.00 0.00 0
31954 0.00 0.00 0.00 0
31955 0.00 0.00 0.00 0
31977 0.00 0.00 0.00 0
31978 0.00 0.00 0.00 0
31998 0.00 0.00 0.00 0
31999 0.00 0.00 0.00 0
32000 0.00 0.00 0.00 0
33239 0.00 0.00 0.00 0
33240 0.00 0.00 0.00 0
33245 0.00 0.00 0.00 0
33246 0.00 0.00 0.00 0
33247 0.00 0.00 0.00 0
33248 0.00 0.00 0.00 0
33249 0.00 0.00 0.00 0
33250 0.00 0.00 0.00 0
33251 0.00 0.00 0.00 0
33252 0.00 0.00 0.00 0
33263 0.00 0.00 0.00 0
33264 0.00 0.00 0.00 0
33265 0.00 0.00 0.00 0
33266 0.00 0.00 0.00 0
33267 0.00 0.00 0.00 0
33268 0.00 0.00 0.00 0
33269 0.00 0.00 0.00 0
33270 0.00 0.00 0.00 0
33271 0.00 0.00 0.00 0
33272 0.00 0.00 0.00 0
33273 0.00 0.00 0.00 0
33294 0.00 0.00 0.00 0
33295 0.00 0.00 0.00 0
33296 0.00 0.00 0.00 0
33297 0.00 0.00 0.00 0
33298 0.00 0.00 0.00 0
33299 0.00 0.00 0.00 0
33300 0.00 0.00 0.00 0
33301 0.00 0.00 0.00 0
33302 0.00 0.00 0.00 0
33303 0.00 0.00 0.00 0
33326 0.00 0.00 0.00 0
33327 0.00 0.00 0.00 0
33329 0.00 0.00 0.00 0
33330 0.00 0.00 0.00 0
33352 0.00 0.00 0.00 0
33353 0.00 0.00 0.00 0
33354 0.00 0.00 0.00 0
33381 0.00 0.00 0.00 0
33382 0.00 0.00 0.00 0
33411 0.00 0.00 0.00 0
33412 0.00 0.00 0.00 0
34661 0.00 0.00 0.00 0
34662 0.00 0.00 0.00 0
34663 0.00 0.00 0.00 0
34664 0.00 0.00 0.00 0
34680 0.00 0.00 0.00 0
34681 0.00 0.00 0.00 0
34682 0.00 0.00 0.00 0
34683 0.00 0.00 0.00 0
34684 0.00 0.00 0.00 0
34685 0.00 0.00 0.00 0
34686 0.00 0.00 0.00 0
34687 0.00 0.00 0.00 0
34688 0.00 0.00 0.00 0
34710 0.00 0.00 0.00 0
34711 0.00 0.00 0.00 0
34712 0.00 0.00 0.00 0
34713 0.00 0.00 0.00 0
34714 0.00 0.00 0.00 0
34715 0.00 0.00 0.00 0
34716 0.00 0.00 0.00 0
34717 0.00 0.00 0.00 0
34718 0.00 0.00 0.00 0
34736 0.00 0.00 0.00 0
34737 0.00 0.00 0.00 0
34756 0.00 0.00 0.00 0
34757 0.00 0.00 0.00 0
34758 0.00 0.00 0.00 0
34759 0.00 0.00 0.00 0
34791 0.00 0.00 0.00 0
34792 0.00 0.00 0.00 0
34793 0.00 0.00 0.00 0
34794 0.00 0.00 0.00 0
36153 0.00 0.00 0.00 0
36154 0.00 0.00 0.00 0
36155 0.00 0.00 0.00 0
36156 0.00 0.00 0.00 0
36157 0.00 0.00 0.00 0
36171 0.00 0.00 0.00 0
36172 0.00 0.00 0.00 0
36173 0.00 0.00 0.00 0
36174 0.00 0.00 0.00 0
36175 0.00 0.00 0.00 0
36195 0.00 0.00 0.00 0
36196 0.00 0.00 0.00 0
36197 0.00 0.00 0.00 0
36198 0.00 0.00 0.00 0
36225 0.00 0.00 0.00 0
36226 0.00 0.00 0.00 0
155965 0.00 0.00 0.00 0
155966 0.00 0.00 0.00 0
155967 0.00 0.00 0.00 0
155968 0.00 0.00 0.00 0
155969 0.00 0.00 0.00 0
155970 0.00 0.00 0.00 0
155971 0.00 0.00 0.00 0
155972 0.00 0.00 0.00 0
155973 0.00 0.00 0.00 0
155974 0.00 0.00 0.00 0
