# entorhinal
571
101712 0.00 0.00 0.00 0
101724 0.00 0.00 0.00 0
101734 0.00 0.00 0.00 0
101735 0.00 0.00 0.00 0
101749 0.00 0.00 0.00 0
101750 0.00 0.00 0.00 0
101751 0.00 0.00 0.00 0
101763 0.00 0.00 0.00 0
101764 0.00 0.00 0.00 0
101765 0.00 0.00 0.00 0
102862 0.00 0.00 0.00 0
102873 0.00 0.00 0.00 0
102885 0.00 0.00 0.00 0
102886 0.00 0.00 0.00 0
102899 0.00 0.00 0.00 0
102900 0.00 0.00 0.00 0
102901 0.00 0.00 0.00 0
102902 0.00 0.00 0.00 0
102913 0.00 0.00 0.00 0
102914 0.00 0.00 0.00 0
102915 0.00 0.00 0.00 0
103989 0.00 0.00 0.00 0
103990 0.00 0.00 0.00 0
104013 0.00 0.00 0.00 0
104014 0.00 0.00 0.00 0
104015 0.00 0.00 0.00 0
104028 0.00 0.00 0.00 0
104029 0.00 0.00 0.00 0
104042 0.00 0.00 0.00 0
104043 0.00 0.00 0.00 0
104044 0.00 0.00 0.00 0
104045 0.00 0.00 0.00 0
104046 0.00 0.00 0.00 0
104060 0.00 0.00 0.00 0
104061 0.00 0.00 0.00 0
104062 0.00 0.00 0.00 0
104063 0.00 0.00 0.00 0
104064 0.00 0.00 0.00 0
104074 0.00 0.00 0.00 0
104075 0.00 0.00 0.00 0
104076 0.00 0.00 0.00 0
105100 0.00 0.00 0.00 0
105101 0.00 0.00 0.00 0
105112 0.00 0.00 0.00 0
105124 0.00 0.00 0.00 0
105125 0.00 0.00 0.00 0
105126 0.00 0.00 0.00 0
105127 0.00 0.00 0.00 0
105128 0.00 0.00 0.00 0
105129 0.00 0.00 0.00 0
105142 0.00 0.00 0.00 0
105143 0.00 0.00 0.00 0
105144 0.00 0.00 0.00 0
105145 0.00 0.00 0.00 0
105146 0.00 0.00 0.00 0
105147 0.00 0.00 0.00 0
105148 0.00 0.00 0.00 0
105157 0.00 0.00 0.00 0
105158 0.00 0.00 0.00 0
105159 0.00 0.00 0.00 0
106201 0.00 0.00 0.00 0
106202 0.00 0.00 0.00 0
106215 0.00 0.00 0.00 0
106216 0.00 0.00 0.00 0
106228 0.00 0.00 0.00 0
106229 0.00 0.00 0.00 0
106230 0.00 0.00 0.00 0
106231 0.00 0.00 0.00 0
106232 0.00 0.00 0.00 0
106233 0.00 0.00 0.00 0
106234 0.00 0.00 0.00 0
106243 0.00 0.00 0.00 0
106244 0.00 0.00 0.00 0
106245 0.00 0.00 0.00 0
106246 0.00 0.00 0.00 0
106247 0.00 0.00 0.00 0
106248 0.00 0.00 0.00 0
106249 0.00 0.00 0.00 0
106257 0.00 0.00 0.00 0
106258 0.00 0.00 0.00 0
106259 0.00 0.00 0.00 0
107309 0.00 0.00 0.00 0
107324 0.00 0.00 0.00 0
107339 0.00 0.00 0.00 0
107340 0.00 0.00 0.00 0
107341 0.00 0.00 0.00 0
107342 0.00 0.00 0.00 0
107343 0.00 0.00 0.00 0
107344 0.00 0.00 0.00 0
107345 0.00 0.00 0.00 0
107356 0.00 0.00 0.00 0
107357 0.00 0.00 0.00 0
107358 0.00 0.00 0.00 0
107359 0.00 0.00 0.00 0
107360 0.00 0.00 0.00 0
107361 0.00 0.00 0.00 0
107370 0.00 0.00 0.00 0
107371 0.00 0.00 0.00 0
107372 0.00 0.00 0.00 0
108422 0.00 0.00 0.00 0
108434 0.00 0.00 0.00 0
108435 0.00 0.00 0.00 0
108436 0.00 0.00 0.00 0
108437 0.00 0.00 0.00 0
108451 0.00 0.00 0.00 0
108452 0.00 0.00 0.00 0
108453 0.00 0.00 0.00 0
108454 0.00 0.00 0.00 0
108455 0.00 0.00 0.00 0
108456 0.00 0.00 0.00 0
108457 0.00 0.00 0.00 0
108458 0.00 0.00 0.00 0
108470 0.00 0.00 0.00 0
108471 0.00 0.00 0.00 0
108472 0.00 0.00 0.00 0
108473 0.00 0.00 0.00 0
108474 0.00 0.00 0.00 0
108475 0.00 0.00 0.00 0
108487 0.00 0.00 0.00 0
108488 0.00 0.00 0.00 0
108489 0.00 0.00 0.00 0
108490 0.00 0.00 0.00 0
109472 0.00 0.00 0.00 0
109473 0.00 0.00 0.00 0
109485 0.00 0.00 0.00 0
109486 0.00 0.00 0.00 0
109487 0.00 0.00 0.00 0
109488 0.00 0.00 0.00 0
109503 0.00 0.00 0.00 0
109504 0.00 0.00 0.00 0
109505 0.00 0.00 0.00 0
109506 0.00 0.00 0.00 0
109507 0.00 0.00 0.00 0
109508 0.00 0.00 0.00 0
109509 0.00 0.00 0.00 0
109524 0.00 0.00 0.00 0
109525 0.00 0.00 0.00 0
109526 0.00 0.00 0.00 0
109527 0.00 0.00 0.00 0
109535 0.00 0.00 0.00 0
109536 0.00 0.00 0.00 0
109537 0.00 0.00 0.00 0
109538 0.00 0.00 0.00 0
110478 0.00 0.00 0.00 0
110492 0.00 0.00 0.00 0
110493 0.00 0.00 0.00 0
110494 0.00 0.00 0.00 0
110507 0.00 0.00 0.00 0
110508 0.00 0.00 0.00 0
110509 0.00 0.00 0.00 0
110510 0.00 0.00 0.00 0
110511 0.00 0.00 0.00 0
110512 0.00 0.00 0.00 0
110523 0.00 0.00 0.00 0
110524 0.00 0.00 0.00 0
110525 0.00 0.00 0.00 0
110526 0.00 0.00 0.00 0
110527 0.00 0.00 0.00 0
110528 0.00 0.00 0.00 0
110529 0.00 0.00 0.00 0
110530 0.00 0.00 0.00 0
110544 0.00 0.00 0.00 0
110545 0.00 0.00 0.00 0
110546 0.00 0.00 0.00 0
110547 0.00 0.00 0.00 0
110548 0.00 0.00 0.00 0
110562 0.00 0.00 0.00 0
110563 0.00 0.00 0.00 0
110564 0.00 0.00 0.00 0
110565 0.00 0.00 0.00 0
111482 0.00 0.00 0.00 0
111483 0.00 0.00 0.00 0
111495 0.00 0.00 0.00 0
111496 0.00 0.00 0.00 0
111497 0.00 0.00 0.00 0
111511 0.00 0.00 0.00 0
111512 0.00 0.00 0.00 0
111513 0.00 0.00 0.00 0
111514 0.00 0.00 0.00 0
111515 0.00 0.00 0.00 0
111524 0.00 0.00 0.00 0
111525 0.00 0.00 0.00 0
111526 0.00 0.00 0.00 0
111527 0.00 0.00 0.00 0
111528 0.00 0.00 0.00 0
111529 0.00 0.00 0.00 0
111542 0.00 0.00 0.00 0
111543 0.00 0.00 0.00 0
111544 0.00 0.00 0.00 0
111545 0.00 0.00 0.00 0
111546 0.00 0.00 0.00 0
111561 0.00 0.00 0.00 0
111562 0.00 0.00 0.00 0
111563 0.00 0.00 0.00 0
112456 0.00 0.00 0.00 0
112457 0.00 0.00 0.00 0
112468 0.00 0.00 0.00 0
112469 0.00 0.00 0.00 0
112482 0.00 0.00 0.00 0
112483 0.00 0.00 0.00 0
112484 0.00 0.00 0.00 0
112485 0.00 0.00 0.00 0
112486 0.00 0.00 0.00 0
112487 0.00 0.00 0.00 0
112498 0.00 0.00 0.00 0
112499 0.00 0.00 0.00 0
112500 0.00 0.00 0.00 0
112501 0.00 0.00 0.00 0
112502 0.00 0.00 0.00 0
112503 0.00 0.00 0.00 0
112504 0.00 0.00 0.00 0
112505 0.00 0.00 0.00 0
112519 0.00 0.00 0.00 0
112520 0.00 0.00 0.00 0
112521 0.00 0.00 0.00 0
112522 0.00 0.00 0.00 0
112523 0.00 0.00 0.00 0
112538 0.00 0.00 0.00 0
112539 0.00 0.00 0.00 0
113479 0.00 0.00 0.00 0
113492 0.00 0.00 0.00 0
113493 0.00 0.00 0.00 0
113500 0.00 0.00 0.00 0
113501 0.00 0.00 0.00 0
113502 0.00 0.00 0.00 0
113503 0.00 0.00 0.00 0
113504 0.00 0.00 0.00 0
113505 0.00 0.00 0.00 0
113512 0.00 0.00 0.00 0
113513 0.00 0.00 0.00 0
113514 0.00 0.00 0.00 0
113515 0.00 0.00 0.00 0
113516 0.00 0.00 0.00 0
113517 0.00 0.00 0.00 0
113518 0.00 0.00 0.00 0
113530 0.00 0.00 0.00 0
113531 0.00 0.00 0.00 0
113532 0.00 0.00 0.00 0
113533 0.00 0.00 0.00 0
113534 0.00 0.00 0.00 0
113535 0.00 0.00 0.00 0
113548 0.00 0.00 0.00 0
113549 0.00 0.00 0.00 0
114588 0.00 0.00 0.00 0
114589 0.00 0.00 0.00 0
114590 0.00 0.00 0.00 0
114591 0.00 0.00 0.00 0
114592 0.00 0.00 0.00 0
114593 0.00 0.00 0.00 0
114594 0.00 0.00 0.00 0
114601 0.00 0.00 0.00 0
114602 0.00 0.00 0.00 0
114603 0.00 0.00 0.00 0
114604 0.00 0.00 0.00 0
114605 0.00 0.00 0.00 0
114606 0.00 0.00 0.00 0
114613 0.00 0.00 0.00 0
114614 0.00 0.00 0.00 0
114615 0.00 0.00 0.00 0
114616 0.00 0.00 0.00 0
114617 0.00 0.00 0.00 0
114618 0.00 0.00 0.00 0
114626 0.00 0.00 0.00 0
114627 0.00 0.00 0.00 0
114628 0.00 0.00 0.00 0
115701 0.00 0.00 0.00 0
115702 0.00 0.00 0.00 0
115703 0.00 0.00 0.00 0
115704 0.00 0.00 0.00 0
115705 0.00 0.00 0.00 0
115715 0.00 0.00 0.00 0
115716 0.00 0.00 0.00 0
115717 0.00 0.00 0.00 0
115725 0.00 0.00 0.00 0
115726 0.00 0.00 0.00 0
115727 0.00 0.00 0.00 0
115728 0.00 0.00 0.00 0
115729 0.00 0.00 0.00 0
115738 0.00 0.00 0.00 0
115739 0.00 0.00 0.00 0
115740 0.00 0.00 0.00 0
116754 0.00 0.00 0.00 0
116755 0.00 0.00 0.00 0
116756 0.00 0.00 0.00 0
116772 0.00 0.00 0.00 0
116773 0.00 0.00 0.00 0
116774 0.00 0.00 0.00 0
116775 0.00 0.00 0.00 0
116787 0.00 0.00 0.00 0
116788 0.00 0.00 0.00 0
116789 0.00 0.00 0.00 0
116798 0.00 0.00 0.00 0
116799 0.00 0.00 0.00 0
116800 0.00 0.00 0.00 0
116801 0.00 0.00 0.00 0
116802 0.00 0.00 0.00 0
116808 0.00 0.00 0.00 0
116809 0.00 0.00 0.00 0
117838 0.00 0.00 0.00 0
117839 0.00 0.00 0.00 0
117860 0.00 0.00 0.00 0
117861 0.00 0.00 0.00 0
117862 0.00 0.00 0.00 0
117883 0.00 0.00 0.00 0
117884 0.00 0.00 0.00 0
117885 0.00 0.00 0.00 0
117886 0.00 0.00 0.00 0
117887 0.00 0.00 0.00 0
117900 0.00 0.00 0.00 0
117901 0.00 0.00 0.00 0
117902 0.00 0.00 0.00 0
117903 0.00 0.00 0.00 0
117904 0.00 0.00 0.00 0
118958 0.00 0.00 0.00 0
118959 0.00 0.00 0.00 0
118968 0.00 0.00 0.00 0
118969 0.00 0.00 0.00 0
118970 0.00 0.00 0.00 0
118971 0.00 0.00 0.00 0
118987 0.00 0.00 0.00 0
118988 0.00 0.00 0.00 0
118989 0.00 0.00 0.00 0
118990 0.00 0.00 0.00 0
118991 0.00 0.00 0.00 0
118992 0.00 0.00 0.00 0
119008 0.00 0.00 0.00 0
119009 0.00 0.00 0.00 0
119010 0.00 0.00 0.00 0
119011 0.00 0.00 0.00 0
120080 0.00 0.00 0.00 0
120081 0.00 0.00 0.00 0
120082 0.00 0.00 0.00 0
120083 0.00 0.00 0.00 0
120096 0.00 0.00 0.00 0
120097 0.00 0.00 0.00 0
120098 0.00 0.00 0.00 0
120099 0.00 0.00 0.00 0
120100 0.00 0.00 0.00 0
120101 0.00 0.00 0.00 0
120118 0.00 0.00 0.00 0
120119 0.00 0.00 0.00 0
120120 0.00 0.00 0.00 0
121092 0.00 0.00 0.00 0
121093 0.00 0.00 0.00 0
121107 0.00 0.00 0.00 0
121108 0.00 0.00 0.00 0
121127 0.00 0.00 0.00 0
121128 0.00 0.00 0.00 0
121129 0.00 0.00 0.00 0
121137 0.00 0.00 0.00 0
121138 0.00 0.00 0.00 0
121139 0.00 0.00 0.00 0
121140 0.00 0.00 0.00 0
121141 0.00 0.00 0.00 0
121142 0.00 0.00 0.00 0
121158 0.00 0.00 0.00 0
121159 0.00 0.00 0.00 0
121160 0.00 0.00 0.00 0
121170 0.00 0.00 0.00 0
121171 0.00 0.00 0.00 0
121172 0.00 0.00 0.00 0
122032 0.00 0.00 0.00 0
122043 0.00 0.00 0.00 0
122047 0.00 0.00 0.00 0
122086 0.00 0.00 0.00 0
122089 0.00 0.00 0.00 0
122090 0.00 0.00 0.00 0
122093 0.00 0.00 0.00 0
122094 0.00 0.00 0.00 0
122112 0.00 0.00 0.00 0
122113 0.00 0.00 0.00 0
122114 0.00 0.00 0.00 0
122115 0.00 0.00 0.00 0
122130 0.00 0.00 0.00 0
122131 0.00 0.00 0.00 0
122132 0.00 0.00 0.00 0
122133 0.00 0.00 0.00 0
122134 0.00 0.00 0.00 0
122135 0.00 0.00 0.00 0
122150 0.00 0.00 0.00 0
122151 0.00 0.00 0.00 0
122152 0.00 0.00 0.00 0
122164 0.00 0.00 0.00 0
122165 0.00 0.00 0.00 0
122166 0.00 0.00 0.00 0
123054 0.00 0.00 0.00 0
123055 0.00 0.00 0.00 0
123084 0.00 0.00 0.00 0
123092 0.00 0.00 0.00 0
123093 0.00 0.00 0.00 0
123096 0.00 0.00 0.00 0
123097 0.00 0.00 0.00 0
123098 0.00 0.00 0.00 0
123100 0.00 0.00 0.00 0
123101 0.00 0.00 0.00 0
123102 0.00 0.00 0.00 0
123112 0.00 0.00 0.00 0
123113 0.00 0.00 0.00 0
123114 0.00 0.00 0.00 0
123115 0.00 0.00 0.00 0
123132 0.00 0.00 0.00 0
123133 0.00 0.00 0.00 0
123134 0.00 0.00 0.00 0
123135 0.00 0.00 0.00 0
123136 0.00 0.00 0.00 0
123137 0.00 0.00 0.00 0
123153 0.00 0.00 0.00 0
123154 0.00 0.00 0.00 0
123155 0.00 0.00 0.00 0
123156 0.00 0.00 0.00 0
123170 0.00 0.00 0.00 0
123171 0.00 0.00 0.00 0
123172 0.00 0.00 0.00 0
123998 0.00 0.00 0.00 0
123999 0.00 0.00 0.00 0
124016 0.00 0.00 0.00 0
124018 0.00 0.00 0.00 0
124019 0.00 0.00 0.00 0
124020 0.00 0.00 0.00 0
124028 0.00 0.00 0.00 0
124029 0.00 0.00 0.00 0
124037 0.00 0.00 0.00 0
124038 0.00 0.00 0.00 0
124039 0.00 0.00 0.00 0
124042 0.00 0.00 0.00 0
124043 0.00 0.00 0.00 0
124046 0.00 0.00 0.00 0
124047 0.00 0.00 0.00 0
124048 0.00 0.00 0.00 0
124053 0.00 0.00 0.00 0
124054 0.00 0.00 0.00 0
124055 0.00 0.00 0.00 0
124068 0.00 0.00 0.00 0
124069 0.00 0.00 0.00 0
124070 0.00 0.00 0.00 0
124071 0.00 0.00 0.00 0
124072 0.00 0.00 0.00 0
124088 0.00 0.00 0.00 0
124089 0.00 0.00 0.00 0
124090 0.00 0.00 0.00 0
124091 0.00 0.00 0.00 0
124107 0.00 0.00 0.00 0
124108 0.00 0.00 0.00 0
124109 0.00 0.00 0.00 0
124110 0.00 0.00 0.00 0
124909 0.00 0.00 0.00 0
124910 0.00 0.00 0.00 0
124912 0.00 0.00 0.00 0
124919 0.00 0.00 0.00 0
124920 0.00 0.00 0.00 0
124921 0.00 0.00 0.00 0
124922 0.00 0.00 0.00 0
124932 0.00 0.00 0.00 0
124933 0.00 0.00 0.00 0
124936 0.00 0.00 0.00 0
124939 0.00 0.00 0.00 0
124940 0.00 0.00 0.00 0
124941 0.00 0.00 0.00 0
124946 0.00 0.00 0.00 0
124947 0.00 0.00 0.00 0
124948 0.00 0.00 0.00 0
124949 0.00 0.00 0.00 0
124958 0.00 0.00 0.00 0
124959 0.00 0.00 0.00 0
124960 0.00 0.00 0.00 0
124961 0.00 0.00 0.00 0
124962 0.00 0.00 0.00 0
124963 0.00 0.00 0.00 0
124964 0.00 0.00 0.00 0
124977 0.00 0.00 0.00 0
124978 0.00 0.00 0.00 0
124979 0.00 0.00 0.00 0
124980 0.00 0.00 0.00 0
124981 0.00 0.00 0.00 0
124995 0.00 0.00 0.00 0
124996 0.00 0.00 0.00 0
124997 0.00 0.00 0.00 0
125765 0.00 0.00 0.00 0
125766 0.00 0.00 0.00 0
125780 0.00 0.00 0.00 0
125781 0.00 0.00 0.00 0
125782 0.00 0.00 0.00 0
125792 0.00 0.00 0.00 0
125793 0.00 0.00 0.00 0
125794 0.00 0.00 0.00 0
125800 0.00 0.00 0.00 0
125801 0.00 0.00 0.00 0
125805 0.00 0.00 0.00 0
125808 0.00 0.00 0.00 0
125812 0.00 0.00 0.00 0
125813 0.00 0.00 0.00 0
125814 0.00 0.00 0.00 0
125815 0.00 0.00 0.00 0
125816 0.00 0.00 0.00 0
125822 0.00 0.00 0.00 0
125823 0.00 0.00 0.00 0
125824 0.00 0.00 0.00 0
126659 0.00 0.00 0.00 0
126660 0.00 0.00 0.00 0
126670 0.00 0.00 0.00 0
126671 0.00 0.00 0.00 0
126674 0.00 0.00 0.00 0
126677 0.00 0.00 0.00 0
126681 0.00 0.00 0.00 0
126682 0.00 0.00 0.00 0
126683 0.00 0.00 0.00 0
126684 0.00 0.00 0.00 0
126685 0.00 0.00 0.00 0
126691 0.00 0.00 0.00 0
126692 0.00 0.00 0.00 0
127509 0.00 0.00 0.00 0
127510 0.00 0.00 0.00 0
127522 0.00 0.00 0.00 0
127523 0.00 0.00 0.00 0
127528 0.00 0.00 0.00 0
127529 0.00 0.00 0.00 0
127530 0.00 0.00 0.00 0
127533 0.00 0.00 0.00 0
127534 0.00 0.00 0.00 0
127538 0.00 0.00 0.00 0
127539 0.00 0.00 0.00 0
127540 0.00 0.00 0.00 0
127541 0.00 0.00 0.00 0
127542 0.00 0.00 0.00 0
127543 0.00 0.00 0.00 0
128367 0.00 0.00 0.00 0
128368 0.00 0.00 0.00 0
128382 0.00 0.00 0.00 0
128391 0.00 0.00 0.00 0
128392 0.00 0.00 0.00 0
128393 0.00 0.00 0.00 0
128396 0.00 0.00 0.00 0
128397 0.00 0.00 0.00 0
128400 0.00 0.00 0.00 0
128401 0.00 0.00 0.00 0
128402 0.00 0.00 0.00 0
128403 0.00 0.00 0.00 0
128404 0.00 0.00 0.00 0
128405 0.00 0.00 0.00 0
128411 0.00 0.00 0.00 0
128412 0.00 0.00 0.00 0
128413 0.00 0.00 0.00 0
128414 0.00 0.00 0.00 0
129251 0.00 0.00 0.00 0
129263 0.00 0.00 0.00 0
129264 0.00 0.00 0.00 0
129272 0.00 0.00 0.00 0
129273 0.00 0.00 0.00 0
129276 0.00 0.00 0.00 0
129277 0.00 0.00 0.00 0
129278 0.00 0.00 0.00 0
129281 0.00 0.00 0.00 0
129282 0.00 0.00 0.00 0
129283 0.00 0.00 0.00 0
129289 0.00 0.00 0.00 0
129290 0.00 0.00 0.00 0
129291 0.00 0.00 0.00 0
130215 0.00 0.00 0.00 0
130224 0.00 0.00 0.00 0
130230 0.00 0.00 0.00 0
130233 0.00 0.00 0.00 0
130234 0.00 0.00 0.00 0
130239 0.00 0.00 0.00 0
130240 0.00 0.00 0.00 0
131105 0.00 0.00 0.00 0
131109 0.00 0.00 0.00 0
131110 0.00 0.00 0.00 0
156691 0.00 0.00 0.00 0
156692 0.00 0.00 0.00 0
156693 0.00 0.00 0.00 0
156694 0.00 0.00 0.00 0
