# entorhinal
726
103600 0.00 0.00 0.00 0
103616 0.00 0.00 0.00 0
103630 0.00 0.00 0.00 0
103631 0.00 0.00 0.00 0
103648 0.00 0.00 0.00 0
103649 0.00 0.00 0.00 0
104701 0.00 0.00 0.00 0
104713 0.00 0.00 0.00 0
104714 0.00 0.00 0.00 0
104730 0.00 0.00 0.00 0
104731 0.00 0.00 0.00 0
104749 0.00 0.00 0.00 0
105795 0.00 0.00 0.00 0
105796 0.00 0.00 0.00 0
105808 0.00 0.00 0.00 0
105809 0.00 0.00 0.00 0
105824 0.00 0.00 0.00 0
105825 0.00 0.00 0.00 0
105845 0.00 0.00 0.00 0
106866 0.00 0.00 0.00 0
106879 0.00 0.00 0.00 0
106880 0.00 0.00 0.00 0
106886 0.00 0.00 0.00 0
106890 0.00 0.00 0.00 0
106891 0.00 0.00 0.00 0
106895 0.00 0.00 0.00 0
106896 0.00 0.00 0.00 0
106911 0.00 0.00 0.00 0
106912 0.00 0.00 0.00 0
106932 0.00 0.00 0.00 0
107901 0.00 0.00 0.00 0
107908 0.00 0.00 0.00 0
107909 0.00 0.00 0.00 0
107912 0.00 0.00 0.00 0
107916 0.00 0.00 0.00 0
107917 0.00 0.00 0.00 0
107918 0.00 0.00 0.00 0
107922 0.00 0.00 0.00 0
107923 0.00 0.00 0.00 0
107936 0.00 0.00 0.00 0
107937 0.00 0.00 0.00 0
107938 0.00 0.00 0.00 0
107940 0.00 0.00 0.00 0
107955 0.00 0.00 0.00 0
107956 0.00 0.00 0.00 0
107957 0.00 0.00 0.00 0
107958 0.00 0.00 0.00 0
107959 0.00 0.00 0.00 0
107960 0.00 0.00 0.00 0
107975 0.00 0.00 0.00 0
107976 0.00 0.00 0.00 0
107977 0.00 0.00 0.00 0
108886 0.00 0.00 0.00 0
108887 0.00 0.00 0.00 0
108893 0.00 0.00 0.00 0
108899 0.00 0.00 0.00 0
108900 0.00 0.00 0.00 0
108901 0.00 0.00 0.00 0
108902 0.00 0.00 0.00 0
108903 0.00 0.00 0.00 0
108907 0.00 0.00 0.00 0
108908 0.00 0.00 0.00 0
108909 0.00 0.00 0.00 0
108910 0.00 0.00 0.00 0
108911 0.00 0.00 0.00 0
108912 0.00 0.00 0.00 0
108913 0.00 0.00 0.00 0
108914 0.00 0.00 0.00 0
108915 0.00 0.00 0.00 0
108928 0.00 0.00 0.00 0
108929 0.00 0.00 0.00 0
108930 0.00 0.00 0.00 0
108931 0.00 0.00 0.00 0
108932 0.00 0.00 0.00 0
108933 0.00 0.00 0.00 0
108948 0.00 0.00 0.00 0
108949 0.00 0.00 0.00 0
108950 0.00 0.00 0.00 0
108951 0.00 0.00 0.00 0
108952 0.00 0.00 0.00 0
108953 0.00 0.00 0.00 0
108955 0.00 0.00 0.00 0
108969 0.00 0.00 0.00 0
108970 0.00 0.00 0.00 0
108971 0.00 0.00 0.00 0
108972 0.00 0.00 0.00 0
109910 0.00 0.00 0.00 0
109911 0.00 0.00 0.00 0
109912 0.00 0.00 0.00 0
109913 0.00 0.00 0.00 0
109914 0.00 0.00 0.00 0
109915 0.00 0.00 0.00 0
109923 0.00 0.00 0.00 0
109924 0.00 0.00 0.00 0
109929 0.00 0.00 0.00 0
109930 0.00 0.00 0.00 0
109931 0.00 0.00 0.00 0
109938 0.00 0.00 0.00 0
109939 0.00 0.00 0.00 0
109940 0.00 0.00 0.00 0
109941 0.00 0.00 0.00 0
109942 0.00 0.00 0.00 0
109946 0.00 0.00 0.00 0
109947 0.00 0.00 0.00 0
109948 0.00 0.00 0.00 0
109949 0.00 0.00 0.00 0
109950 0.00 0.00 0.00 0
109951 0.00 0.00 0.00 0
109952 0.00 0.00 0.00 0
109961 0.00 0.00 0.00 0
109962 0.00 0.00 0.00 0
109963 0.00 0.00 0.00 0
109964 0.00 0.00 0.00 0
109965 0.00 0.00 0.00 0
109966 0.00 0.00 0.00 0
109967 0.00 0.00 0.00 0
109983 0.00 0.00 0.00 0
109984 0.00 0.00 0.00 0
109985 0.00 0.00 0.00 0
109986 0.00 0.00 0.00 0
109987 0.00 0.00 0.00 0
109989 0.00 0.00 0.00 0
110003 0.00 0.00 0.00 0
110004 0.00 0.00 0.00 0
110005 0.00 0.00 0.00 0
110006 0.00 0.00 0.00 0
110970 0.00 0.00 0.00 0
110971 0.00 0.00 0.00 0
110976 0.00 0.00 0.00 0
110977 0.00 0.00 0.00 0
110978 0.00 0.00 0.00 0
110979 0.00 0.00 0.00 0
110980 0.00 0.00 0.00 0
110981 0.00 0.00 0.00 0
110987 0.00 0.00 0.00 0
110988 0.00 0.00 0.00 0
110992 0.00 0.00 0.00 0
110993 0.00 0.00 0.00 0
110994 0.00 0.00 0.00 0
111001 0.00 0.00 0.00 0
111002 0.00 0.00 0.00 0
111004 0.00 0.00 0.00 0
111005 0.00 0.00 0.00 0
111006 0.00 0.00 0.00 0
111012 0.00 0.00 0.00 0
111013 0.00 0.00 0.00 0
111014 0.00 0.00 0.00 0
111015 0.00 0.00 0.00 0
111016 0.00 0.00 0.00 0
111017 0.00 0.00 0.00 0
111018 0.00 0.00 0.00 0
111022 0.00 0.00 0.00 0
111023 0.00 0.00 0.00 0
111024 0.00 0.00 0.00 0
111025 0.00 0.00 0.00 0
111026 0.00 0.00 0.00 0
111027 0.00 0.00 0.00 0
111028 0.00 0.00 0.00 0
111040 0.00 0.00 0.00 0
111041 0.00 0.00 0.00 0
111042 0.00 0.00 0.00 0
111043 0.00 0.00 0.00 0
111044 0.00 0.00 0.00 0
111058 0.00 0.00 0.00 0
111059 0.00 0.00 0.00 0
111060 0.00 0.00 0.00 0
112008 0.00 0.00 0.00 0
112013 0.00 0.00 0.00 0
112014 0.00 0.00 0.00 0
112015 0.00 0.00 0.00 0
112016 0.00 0.00 0.00 0
112017 0.00 0.00 0.00 0
112018 0.00 0.00 0.00 0
112023 0.00 0.00 0.00 0
112029 0.00 0.00 0.00 0
112030 0.00 0.00 0.00 0
112031 0.00 0.00 0.00 0
112032 0.00 0.00 0.00 0
112038 0.00 0.00 0.00 0
112039 0.00 0.00 0.00 0
112041 0.00 0.00 0.00 0
112042 0.00 0.00 0.00 0
112043 0.00 0.00 0.00 0
112044 0.00 0.00 0.00 0
112045 0.00 0.00 0.00 0
112046 0.00 0.00 0.00 0
112047 0.00 0.00 0.00 0
112055 0.00 0.00 0.00 0
112056 0.00 0.00 0.00 0
112057 0.00 0.00 0.00 0
112058 0.00 0.00 0.00 0
112059 0.00 0.00 0.00 0
112060 0.00 0.00 0.00 0
112061 0.00 0.00 0.00 0
112062 0.00 0.00 0.00 0
112066 0.00 0.00 0.00 0
112067 0.00 0.00 0.00 0
112068 0.00 0.00 0.00 0
112069 0.00 0.00 0.00 0
112070 0.00 0.00 0.00 0
112071 0.00 0.00 0.00 0
112072 0.00 0.00 0.00 0
112083 0.00 0.00 0.00 0
112084 0.00 0.00 0.00 0
112085 0.00 0.00 0.00 0
112086 0.00 0.00 0.00 0
112087 0.00 0.00 0.00 0
113053 0.00 0.00 0.00 0
113054 0.00 0.00 0.00 0
113055 0.00 0.00 0.00 0
113056 0.00 0.00 0.00 0
113057 0.00 0.00 0.00 0
113060 0.00 0.00 0.00 0
113067 0.00 0.00 0.00 0
113068 0.00 0.00 0.00 0
113073 0.00 0.00 0.00 0
113074 0.00 0.00 0.00 0
113076 0.00 0.00 0.00 0
113077 0.00 0.00 0.00 0
113078 0.00 0.00 0.00 0
113079 0.00 0.00 0.00 0
113080 0.00 0.00 0.00 0
113081 0.00 0.00 0.00 0
113082 0.00 0.00 0.00 0
113083 0.00 0.00 0.00 0
113092 0.00 0.00 0.00 0
113093 0.00 0.00 0.00 0
113094 0.00 0.00 0.00 0
113095 0.00 0.00 0.00 0
113096 0.00 0.00 0.00 0
113097 0.00 0.00 0.00 0
113098 0.00 0.00 0.00 0
113105 0.00 0.00 0.00 0
113106 0.00 0.00 0.00 0
113107 0.00 0.00 0.00 0
113108 0.00 0.00 0.00 0
113109 0.00 0.00 0.00 0
113110 0.00 0.00 0.00 0
113111 0.00 0.00 0.00 0
113112 0.00 0.00 0.00 0
113117 0.00 0.00 0.00 0
113118 0.00 0.00 0.00 0
113119 0.00 0.00 0.00 0
113120 0.00 0.00 0.00 0
113121 0.00 0.00 0.00 0
114224 0.00 0.00 0.00 0
114225 0.00 0.00 0.00 0
114226 0.00 0.00 0.00 0
114227 0.00 0.00 0.00 0
114228 0.00 0.00 0.00 0
114231 0.00 0.00 0.00 0
114232 0.00 0.00 0.00 0
114237 0.00 0.00 0.00 0
114238 0.00 0.00 0.00 0
114239 0.00 0.00 0.00 0
114240 0.00 0.00 0.00 0
114243 0.00 0.00 0.00 0
114244 0.00 0.00 0.00 0
114246 0.00 0.00 0.00 0
114247 0.00 0.00 0.00 0
114248 0.00 0.00 0.00 0
114249 0.00 0.00 0.00 0
114250 0.00 0.00 0.00 0
114251 0.00 0.00 0.00 0
114252 0.00 0.00 0.00 0
114259 0.00 0.00 0.00 0
114260 0.00 0.00 0.00 0
114261 0.00 0.00 0.00 0
114262 0.00 0.00 0.00 0
114263 0.00 0.00 0.00 0
114264 0.00 0.00 0.00 0
114273 0.00 0.00 0.00 0
114274 0.00 0.00 0.00 0
114275 0.00 0.00 0.00 0
114276 0.00 0.00 0.00 0
114277 0.00 0.00 0.00 0
114278 0.00 0.00 0.00 0
114279 0.00 0.00 0.00 0
114284 0.00 0.00 0.00 0
114285 0.00 0.00 0.00 0
114286 0.00 0.00 0.00 0
114287 0.00 0.00 0.00 0
115319 0.00 0.00 0.00 0
115320 0.00 0.00 0.00 0
115321 0.00 0.00 0.00 0
115324 0.00 0.00 0.00 0
115328 0.00 0.00 0.00 0
115329 0.00 0.00 0.00 0
115330 0.00 0.00 0.00 0
115331 0.00 0.00 0.00 0
115332 0.00 0.00 0.00 0
115333 0.00 0.00 0.00 0
115334 0.00 0.00 0.00 0
115335 0.00 0.00 0.00 0
115336 0.00 0.00 0.00 0
115337 0.00 0.00 0.00 0
115339 0.00 0.00 0.00 0
115340 0.00 0.00 0.00 0
115341 0.00 0.00 0.00 0
115342 0.00 0.00 0.00 0
115343 0.00 0.00 0.00 0
115344 0.00 0.00 0.00 0
115345 0.00 0.00 0.00 0
115346 0.00 0.00 0.00 0
115347 0.00 0.00 0.00 0
115351 0.00 0.00 0.00 0
115352 0.00 0.00 0.00 0
115353 0.00 0.00 0.00 0
115354 0.00 0.00 0.00 0
115355 0.00 0.00 0.00 0
115356 0.00 0.00 0.00 0
115365 0.00 0.00 0.00 0
115366 0.00 0.00 0.00 0
115367 0.00 0.00 0.00 0
115368 0.00 0.00 0.00 0
115369 0.00 0.00 0.00 0
115370 0.00 0.00 0.00 0
115380 0.00 0.00 0.00 0
115384 0.00 0.00 0.00 0
116364 0.00 0.00 0.00 0
116365 0.00 0.00 0.00 0
116368 0.00 0.00 0.00 0
116369 0.00 0.00 0.00 0
116373 0.00 0.00 0.00 0
116374 0.00 0.00 0.00 0
116375 0.00 0.00 0.00 0
116376 0.00 0.00 0.00 0
116377 0.00 0.00 0.00 0
116378 0.00 0.00 0.00 0
116379 0.00 0.00 0.00 0
116380 0.00 0.00 0.00 0
116381 0.00 0.00 0.00 0
116382 0.00 0.00 0.00 0
116383 0.00 0.00 0.00 0
116386 0.00 0.00 0.00 0
116387 0.00 0.00 0.00 0
116388 0.00 0.00 0.00 0
116389 0.00 0.00 0.00 0
116390 0.00 0.00 0.00 0
116391 0.00 0.00 0.00 0
116392 0.00 0.00 0.00 0
116393 0.00 0.00 0.00 0
116394 0.00 0.00 0.00 0
116397 0.00 0.00 0.00 0
116398 0.00 0.00 0.00 0
116399 0.00 0.00 0.00 0
116400 0.00 0.00 0.00 0
116401 0.00 0.00 0.00 0
116402 0.00 0.00 0.00 0
116403 0.00 0.00 0.00 0
116404 0.00 0.00 0.00 0
116408 0.00 0.00 0.00 0
116409 0.00 0.00 0.00 0
116410 0.00 0.00 0.00 0
116411 0.00 0.00 0.00 0
116412 0.00 0.00 0.00 0
116413 0.00 0.00 0.00 0
116424 0.00 0.00 0.00 0
116435 0.00 0.00 0.00 0
117407 0.00 0.00 0.00 0
117410 0.00 0.00 0.00 0
117411 0.00 0.00 0.00 0
117412 0.00 0.00 0.00 0
117413 0.00 0.00 0.00 0
117416 0.00 0.00 0.00 0
117417 0.00 0.00 0.00 0
117418 0.00 0.00 0.00 0
117419 0.00 0.00 0.00 0
117420 0.00 0.00 0.00 0
117421 0.00 0.00 0.00 0
117422 0.00 0.00 0.00 0
117423 0.00 0.00 0.00 0
117424 0.00 0.00 0.00 0
117425 0.00 0.00 0.00 0
117426 0.00 0.00 0.00 0
117427 0.00 0.00 0.00 0
117430 0.00 0.00 0.00 0
117431 0.00 0.00 0.00 0
117432 0.00 0.00 0.00 0
117433 0.00 0.00 0.00 0
117434 0.00 0.00 0.00 0
117435 0.00 0.00 0.00 0
117436 0.00 0.00 0.00 0
117437 0.00 0.00 0.00 0
117438 0.00 0.00 0.00 0
117439 0.00 0.00 0.00 0
117440 0.00 0.00 0.00 0
117442 0.00 0.00 0.00 0
117443 0.00 0.00 0.00 0
117444 0.00 0.00 0.00 0
117445 0.00 0.00 0.00 0
117446 0.00 0.00 0.00 0
117447 0.00 0.00 0.00 0
117448 0.00 0.00 0.00 0
117451 0.00 0.00 0.00 0
117455 0.00 0.00 0.00 0
117464 0.00 0.00 0.00 0
117465 0.00 0.00 0.00 0
118345 0.00 0.00 0.00 0
118346 0.00 0.00 0.00 0
118362 0.00 0.00 0.00 0
118375 0.00 0.00 0.00 0
118376 0.00 0.00 0.00 0
118377 0.00 0.00 0.00 0
118378 0.00 0.00 0.00 0
118414 0.00 0.00 0.00 0
118415 0.00 0.00 0.00 0
118419 0.00 0.00 0.00 0
118420 0.00 0.00 0.00 0
118421 0.00 0.00 0.00 0
118422 0.00 0.00 0.00 0
118423 0.00 0.00 0.00 0
118424 0.00 0.00 0.00 0
118425 0.00 0.00 0.00 0
118426 0.00 0.00 0.00 0
118430 0.00 0.00 0.00 0
118431 0.00 0.00 0.00 0
118432 0.00 0.00 0.00 0
118433 0.00 0.00 0.00 0
118434 0.00 0.00 0.00 0
118435 0.00 0.00 0.00 0
118436 0.00 0.00 0.00 0
118437 0.00 0.00 0.00 0
118441 0.00 0.00 0.00 0
118442 0.00 0.00 0.00 0
118443 0.00 0.00 0.00 0
118444 0.00 0.00 0.00 0
118445 0.00 0.00 0.00 0
118446 0.00 0.00 0.00 0
118447 0.00 0.00 0.00 0
118448 0.00 0.00 0.00 0
118449 0.00 0.00 0.00 0
118452 0.00 0.00 0.00 0
118453 0.00 0.00 0.00 0
118454 0.00 0.00 0.00 0
118455 0.00 0.00 0.00 0
118456 0.00 0.00 0.00 0
118457 0.00 0.00 0.00 0
118459 0.00 0.00 0.00 0
118460 0.00 0.00 0.00 0
118461 0.00 0.00 0.00 0
118464 0.00 0.00 0.00 0
118465 0.00 0.00 0.00 0
118469 0.00 0.00 0.00 0
118470 0.00 0.00 0.00 0
119327 0.00 0.00 0.00 0
119328 0.00 0.00 0.00 0
119339 0.00 0.00 0.00 0
119340 0.00 0.00 0.00 0
119341 0.00 0.00 0.00 0
119342 0.00 0.00 0.00 0
119351 0.00 0.00 0.00 0
119352 0.00 0.00 0.00 0
119353 0.00 0.00 0.00 0
119364 0.00 0.00 0.00 0
119375 0.00 0.00 0.00 0
119376 0.00 0.00 0.00 0
119377 0.00 0.00 0.00 0
119378 0.00 0.00 0.00 0
119382 0.00 0.00 0.00 0
119383 0.00 0.00 0.00 0
119384 0.00 0.00 0.00 0
119385 0.00 0.00 0.00 0
119386 0.00 0.00 0.00 0
119387 0.00 0.00 0.00 0
119388 0.00 0.00 0.00 0
119389 0.00 0.00 0.00 0
119394 0.00 0.00 0.00 0
119395 0.00 0.00 0.00 0
119396 0.00 0.00 0.00 0
119397 0.00 0.00 0.00 0
119398 0.00 0.00 0.00 0
119399 0.00 0.00 0.00 0
119404 0.00 0.00 0.00 0
119405 0.00 0.00 0.00 0
119406 0.00 0.00 0.00 0
119410 0.00 0.00 0.00 0
119411 0.00 0.00 0.00 0
119412 0.00 0.00 0.00 0
119413 0.00 0.00 0.00 0
119416 0.00 0.00 0.00 0
119417 0.00 0.00 0.00 0
119418 0.00 0.00 0.00 0
119419 0.00 0.00 0.00 0
119420 0.00 0.00 0.00 0
119423 0.00 0.00 0.00 0
119424 0.00 0.00 0.00 0
119425 0.00 0.00 0.00 0
119428 0.00 0.00 0.00 0
119429 0.00 0.00 0.00 0
120282 0.00 0.00 0.00 0
120283 0.00 0.00 0.00 0
120295 0.00 0.00 0.00 0
120296 0.00 0.00 0.00 0
120297 0.00 0.00 0.00 0
120298 0.00 0.00 0.00 0
120299 0.00 0.00 0.00 0
120300 0.00 0.00 0.00 0
120308 0.00 0.00 0.00 0
120309 0.00 0.00 0.00 0
120310 0.00 0.00 0.00 0
120315 0.00 0.00 0.00 0
120316 0.00 0.00 0.00 0
120317 0.00 0.00 0.00 0
120318 0.00 0.00 0.00 0
120320 0.00 0.00 0.00 0
120321 0.00 0.00 0.00 0
120324 0.00 0.00 0.00 0
120327 0.00 0.00 0.00 0
120328 0.00 0.00 0.00 0
120329 0.00 0.00 0.00 0
120330 0.00 0.00 0.00 0
120331 0.00 0.00 0.00 0
120332 0.00 0.00 0.00 0
120335 0.00 0.00 0.00 0
120336 0.00 0.00 0.00 0
120337 0.00 0.00 0.00 0
120338 0.00 0.00 0.00 0
120339 0.00 0.00 0.00 0
120340 0.00 0.00 0.00 0
120341 0.00 0.00 0.00 0
120345 0.00 0.00 0.00 0
120346 0.00 0.00 0.00 0
120347 0.00 0.00 0.00 0
120348 0.00 0.00 0.00 0
120349 0.00 0.00 0.00 0
120359 0.00 0.00 0.00 0
120372 0.00 0.00 0.00 0
120373 0.00 0.00 0.00 0
120384 0.00 0.00 0.00 0
120385 0.00 0.00 0.00 0
120386 0.00 0.00 0.00 0
120387 0.00 0.00 0.00 0
120401 0.00 0.00 0.00 0
121213 0.00 0.00 0.00 0
121214 0.00 0.00 0.00 0
121215 0.00 0.00 0.00 0
121216 0.00 0.00 0.00 0
121217 0.00 0.00 0.00 0
121218 0.00 0.00 0.00 0
121219 0.00 0.00 0.00 0
121220 0.00 0.00 0.00 0
121225 0.00 0.00 0.00 0
121226 0.00 0.00 0.00 0
121227 0.00 0.00 0.00 0
121228 0.00 0.00 0.00 0
121229 0.00 0.00 0.00 0
121230 0.00 0.00 0.00 0
121231 0.00 0.00 0.00 0
121232 0.00 0.00 0.00 0
121233 0.00 0.00 0.00 0
121234 0.00 0.00 0.00 0
121235 0.00 0.00 0.00 0
121237 0.00 0.00 0.00 0
121238 0.00 0.00 0.00 0
121239 0.00 0.00 0.00 0
121240 0.00 0.00 0.00 0
121241 0.00 0.00 0.00 0
121242 0.00 0.00 0.00 0
121243 0.00 0.00 0.00 0
121245 0.00 0.00 0.00 0
121246 0.00 0.00 0.00 0
121247 0.00 0.00 0.00 0
121248 0.00 0.00 0.00 0
121249 0.00 0.00 0.00 0
121253 0.00 0.00 0.00 0
121258 0.00 0.00 0.00 0
121259 0.00 0.00 0.00 0
121260 0.00 0.00 0.00 0
121261 0.00 0.00 0.00 0
121262 0.00 0.00 0.00 0
121267 0.00 0.00 0.00 0
121268 0.00 0.00 0.00 0
121269 0.00 0.00 0.00 0
121270 0.00 0.00 0.00 0
121271 0.00 0.00 0.00 0
121278 0.00 0.00 0.00 0
121279 0.00 0.00 0.00 0
121280 0.00 0.00 0.00 0
121281 0.00 0.00 0.00 0
121282 0.00 0.00 0.00 0
121294 0.00 0.00 0.00 0
121308 0.00 0.00 0.00 0
121309 0.00 0.00 0.00 0
122190 0.00 0.00 0.00 0
122191 0.00 0.00 0.00 0
122192 0.00 0.00 0.00 0
122193 0.00 0.00 0.00 0
122194 0.00 0.00 0.00 0
122195 0.00 0.00 0.00 0
122198 0.00 0.00 0.00 0
122200 0.00 0.00 0.00 0
122201 0.00 0.00 0.00 0
122210 0.00 0.00 0.00 0
122211 0.00 0.00 0.00 0
122212 0.00 0.00 0.00 0
122213 0.00 0.00 0.00 0
122214 0.00 0.00 0.00 0
122218 0.00 0.00 0.00 0
122219 0.00 0.00 0.00 0
122220 0.00 0.00 0.00 0
122223 0.00 0.00 0.00 0
122224 0.00 0.00 0.00 0
122225 0.00 0.00 0.00 0
122226 0.00 0.00 0.00 0
122227 0.00 0.00 0.00 0
122228 0.00 0.00 0.00 0
122233 0.00 0.00 0.00 0
122234 0.00 0.00 0.00 0
122235 0.00 0.00 0.00 0
122236 0.00 0.00 0.00 0
122237 0.00 0.00 0.00 0
122238 0.00 0.00 0.00 0
122249 0.00 0.00 0.00 0
122250 0.00 0.00 0.00 0
122251 0.00 0.00 0.00 0
122252 0.00 0.00 0.00 0
122263 0.00 0.00 0.00 0
122273 0.00 0.00 0.00 0
122274 0.00 0.00 0.00 0
123230 0.00 0.00 0.00 0
123250 0.00 0.00 0.00 0
123251 0.00 0.00 0.00 0
123260 0.00 0.00 0.00 0
123261 0.00 0.00 0.00 0
123265 0.00 0.00 0.00 0
123266 0.00 0.00 0.00 0
123267 0.00 0.00 0.00 0
123268 0.00 0.00 0.00 0
123269 0.00 0.00 0.00 0
123270 0.00 0.00 0.00 0
123271 0.00 0.00 0.00 0
123276 0.00 0.00 0.00 0
123277 0.00 0.00 0.00 0
123278 0.00 0.00 0.00 0
123279 0.00 0.00 0.00 0
123280 0.00 0.00 0.00 0
123281 0.00 0.00 0.00 0
123282 0.00 0.00 0.00 0
123295 0.00 0.00 0.00 0
123296 0.00 0.00 0.00 0
123297 0.00 0.00 0.00 0
123298 0.00 0.00 0.00 0
123311 0.00 0.00 0.00 0
123321 0.00 0.00 0.00 0
123322 0.00 0.00 0.00 0
124268 0.00 0.00 0.00 0
124273 0.00 0.00 0.00 0
124274 0.00 0.00 0.00 0
124275 0.00 0.00 0.00 0
124276 0.00 0.00 0.00 0
124277 0.00 0.00 0.00 0
124286 0.00 0.00 0.00 0
124287 0.00 0.00 0.00 0
124288 0.00 0.00 0.00 0
124289 0.00 0.00 0.00 0
124290 0.00 0.00 0.00 0
124304 0.00 0.00 0.00 0
124305 0.00 0.00 0.00 0
124306 0.00 0.00 0.00 0
124307 0.00 0.00 0.00 0
124322 0.00 0.00 0.00 0
124331 0.00 0.00 0.00 0
125250 0.00 0.00 0.00 0
125251 0.00 0.00 0.00 0
125252 0.00 0.00 0.00 0
125253 0.00 0.00 0.00 0
125254 0.00 0.00 0.00 0
125264 0.00 0.00 0.00 0
125265 0.00 0.00 0.00 0
125266 0.00 0.00 0.00 0
125267 0.00 0.00 0.00 0
125268 0.00 0.00 0.00 0
125269 0.00 0.00 0.00 0
125281 0.00 0.00 0.00 0
125282 0.00 0.00 0.00 0
125283 0.00 0.00 0.00 0
125284 0.00 0.00 0.00 0
125301 0.00 0.00 0.00 0
125302 0.00 0.00 0.00 0
125313 0.00 0.00 0.00 0
126179 0.00 0.00 0.00 0
126180 0.00 0.00 0.00 0
126190 0.00 0.00 0.00 0
126191 0.00 0.00 0.00 0
126192 0.00 0.00 0.00 0
126193 0.00 0.00 0.00 0
126194 0.00 0.00 0.00 0
126195 0.00 0.00 0.00 0
126207 0.00 0.00 0.00 0
126208 0.00 0.00 0.00 0
126209 0.00 0.00 0.00 0
126210 0.00 0.00 0.00 0
126211 0.00 0.00 0.00 0
126224 0.00 0.00 0.00 0
126225 0.00 0.00 0.00 0
127091 0.00 0.00 0.00 0
127102 0.00 0.00 0.00 0
127103 0.00 0.00 0.00 0
127104 0.00 0.00 0.00 0
127105 0.00 0.00 0.00 0
127106 0.00 0.00 0.00 0
127120 0.00 0.00 0.00 0
127121 0.00 0.00 0.00 0
127122 0.00 0.00 0.00 0
127123 0.00 0.00 0.00 0
127124 0.00 0.00 0.00 0
127125 0.00 0.00 0.00 0
128041 0.00 0.00 0.00 0
128042 0.00 0.00 0.00 0
128043 0.00 0.00 0.00 0
128054 0.00 0.00 0.00 0
128055 0.00 0.00 0.00 0
128056 0.00 0.00 0.00 0
128997 0.00 0.00 0.00 0
128998 0.00 0.00 0.00 0
154960 0.00 0.00 0.00 0
154965 0.00 0.00 0.00 0
154966 0.00 0.00 0.00 0
154967 0.00 0.00 0.00 0
154968 0.00 0.00 0.00 0
154972 0.00 0.00 0.00 0
154975 0.00 0.00 0.00 0
154978 0.00 0.00 0.00 0
154979 0.00 0.00 0.00 0
154987 0.00 0.00 0.00 0
