# frontalpole
483
153828 0.00 0.00 0.00 0
153845 0.00 0.00 0.00 0
153858 0.00 0.00 0.00 0
153859 0.00 0.00 0.00 0
154149 0.00 0.00 0.00 0
154164 0.00 0.00 0.00 0
154165 0.00 0.00 0.00 0
154166 0.00 0.00 0.00 0
154179 0.00 0.00 0.00 0
154180 0.00 0.00 0.00 0
154181 0.00 0.00 0.00 0
154196 0.00 0.00 0.00 0
154197 0.00 0.00 0.00 0
154198 0.00 0.00 0.00 0
154199 0.00 0.00 0.00 0
154213 0.00 0.00 0.00 0
154214 0.00 0.00 0.00 0
154215 0.00 0.00 0.00 0
154216 0.00 0.00 0.00 0
154225 0.00 0.00 0.00 0
154226 0.00 0.00 0.00 0
154454 0.00 0.00 0.00 0
154455 0.00 0.00 0.00 0
154470 0.00 0.00 0.00 0
154471 0.00 0.00 0.00 0
154472 0.00 0.00 0.00 0
154488 0.00 0.00 0.00 0
154489 0.00 0.00 0.00 0
154490 0.00 0.00 0.00 0
154500 0.00 0.00 0.00 0
154501 0.00 0.00 0.00 0
154502 0.00 0.00 0.00 0
154520 0.00 0.00 0.00 0
154521 0.00 0.00 0.00 0
154522 0.00 0.00 0.00 0
154523 0.00 0.00 0.00 0
154538 0.00 0.00 0.00 0
154539 0.00 0.00 0.00 0
154540 0.00 0.00 0.00 0
154541 0.00 0.00 0.00 0
154542 0.00 0.00 0.00 0
154543 0.00 0.00 0.00 0
154550 0.00 0.00 0.00 0
154551 0.00 0.00 0.00 0
154552 0.00 0.00 0.00 0
154553 0.00 0.00 0.00 0
154554 0.00 0.00 0.00 0
154564 0.00 0.00 0.00 0
154565 0.00 0.00 0.00 0
154566 0.00 0.00 0.00 0
154567 0.00 0.00 0.00 0
154732 0.00 0.00 0.00 0
154733 0.00 0.00 0.00 0
154734 0.00 0.00 0.00 0
154746 0.00 0.00 0.00 0
154747 0.00 0.00 0.00 0
154748 0.00 0.00 0.00 0
154762 0.00 0.00 0.00 0
154763 0.00 0.00 0.00 0
154773 0.00 0.00 0.00 0
154774 0.00 0.00 0.00 0
154781 0.00 0.00 0.00 0
154786 0.00 0.00 0.00 0
154787 0.00 0.00 0.00 0
154788 0.00 0.00 0.00 0
154802 0.00 0.00 0.00 0
154803 0.00 0.00 0.00 0
154804 0.00 0.00 0.00 0
154820 0.00 0.00 0.00 0
154821 0.00 0.00 0.00 0
154822 0.00 0.00 0.00 0
154832 0.00 0.00 0.00 0
154833 0.00 0.00 0.00 0
154834 0.00 0.00 0.00 0
154851 0.00 0.00 0.00 0
154852 0.00 0.00 0.00 0
154853 0.00 0.00 0.00 0
154864 0.00 0.00 0.00 0
154865 0.00 0.00 0.00 0
154866 0.00 0.00 0.00 0
154867 0.00 0.00 0.00 0
154871 0.00 0.00 0.00 0
154872 0.00 0.00 0.00 0
154873 0.00 0.00 0.00 0
154874 0.00 0.00 0.00 0
154884 0.00 0.00 0.00 0
154885 0.00 0.00 0.00 0
154886 0.00 0.00 0.00 0
154887 0.00 0.00 0.00 0
154892 0.00 0.00 0.00 0
154893 0.00 0.00 0.00 0
154994 0.00 0.00 0.00 0
154995 0.00 0.00 0.00 0
154996 0.00 0.00 0.00 0
155006 0.00 0.00 0.00 0
155007 0.00 0.00 0.00 0
155008 0.00 0.00 0.00 0
155009 0.00 0.00 0.00 0
155010 0.00 0.00 0.00 0
155020 0.00 0.00 0.00 0
155021 0.00 0.00 0.00 0
155022 0.00 0.00 0.00 0
155023 0.00 0.00 0.00 0
155024 0.00 0.00 0.00 0
155025 0.00 0.00 0.00 0
155026 0.00 0.00 0.00 0
155037 0.00 0.00 0.00 0
155038 0.00 0.00 0.00 0
155039 0.00 0.00 0.00 0
155040 0.00 0.00 0.00 0
155052 0.00 0.00 0.00 0
155053 0.00 0.00 0.00 0
155054 0.00 0.00 0.00 0
155058 0.00 0.00 0.00 0
155059 0.00 0.00 0.00 0
155060 0.00 0.00 0.00 0
155061 0.00 0.00 0.00 0
155062 0.00 0.00 0.00 0
155063 0.00 0.00 0.00 0
155067 0.00 0.00 0.00 0
155068 0.00 0.00 0.00 0
155069 0.00 0.00 0.00 0
155070 0.00 0.00 0.00 0
155071 0.00 0.00 0.00 0
155072 0.00 0.00 0.00 0
155073 0.00 0.00 0.00 0
155080 0.00 0.00 0.00 0
155081 0.00 0.00 0.00 0
155082 0.00 0.00 0.00 0
155083 0.00 0.00 0.00 0
155092 0.00 0.00 0.00 0
155093 0.00 0.00 0.00 0
155094 0.00 0.00 0.00 0
155095 0.00 0.00 0.00 0
155106 0.00 0.00 0.00 0
155107 0.00 0.00 0.00 0
155108 0.00 0.00 0.00 0
155116 0.00 0.00 0.00 0
155117 0.00 0.00 0.00 0
155118 0.00 0.00 0.00 0
155133 0.00 0.00 0.00 0
155134 0.00 0.00 0.00 0
155135 0.00 0.00 0.00 0
155146 0.00 0.00 0.00 0
155147 0.00 0.00 0.00 0
155148 0.00 0.00 0.00 0
155149 0.00 0.00 0.00 0
155155 0.00 0.00 0.00 0
155156 0.00 0.00 0.00 0
155157 0.00 0.00 0.00 0
155158 0.00 0.00 0.00 0
155167 0.00 0.00 0.00 0
155168 0.00 0.00 0.00 0
155169 0.00 0.00 0.00 0
155170 0.00 0.00 0.00 0
155171 0.00 0.00 0.00 0
155176 0.00 0.00 0.00 0
155177 0.00 0.00 0.00 0
155178 0.00 0.00 0.00 0
155179 0.00 0.00 0.00 0
155180 0.00 0.00 0.00 0
155183 0.00 0.00 0.00 0
155184 0.00 0.00 0.00 0
155185 0.00 0.00 0.00 0
155237 0.00 0.00 0.00 0
155238 0.00 0.00 0.00 0
155242 0.00 0.00 0.00 0
155243 0.00 0.00 0.00 0
155244 0.00 0.00 0.00 0
155245 0.00 0.00 0.00 0
155248 0.00 0.00 0.00 0
155249 0.00 0.00 0.00 0
155250 0.00 0.00 0.00 0
155251 0.00 0.00 0.00 0
155252 0.00 0.00 0.00 0
155253 0.00 0.00 0.00 0
155255 0.00 0.00 0.00 0
155259 0.00 0.00 0.00 0
155260 0.00 0.00 0.00 0
155261 0.00 0.00 0.00 0
155262 0.00 0.00 0.00 0
155263 0.00 0.00 0.00 0
155264 0.00 0.00 0.00 0
155265 0.00 0.00 0.00 0
155274 0.00 0.00 0.00 0
155275 0.00 0.00 0.00 0
155276 0.00 0.00 0.00 0
155277 0.00 0.00 0.00 0
155284 0.00 0.00 0.00 0
155285 0.00 0.00 0.00 0
155286 0.00 0.00 0.00 0
155287 0.00 0.00 0.00 0
155288 0.00 0.00 0.00 0
155298 0.00 0.00 0.00 0
155299 0.00 0.00 0.00 0
155302 0.00 0.00 0.00 0
155303 0.00 0.00 0.00 0
155304 0.00 0.00 0.00 0
155305 0.00 0.00 0.00 0
155306 0.00 0.00 0.00 0
155307 0.00 0.00 0.00 0
155308 0.00 0.00 0.00 0
155309 0.00 0.00 0.00 0
155310 0.00 0.00 0.00 0
155311 0.00 0.00 0.00 0
155312 0.00 0.00 0.00 0
155313 0.00 0.00 0.00 0
155314 0.00 0.00 0.00 0
155315 0.00 0.00 0.00 0
155316 0.00 0.00 0.00 0
155321 0.00 0.00 0.00 0
155322 0.00 0.00 0.00 0
155323 0.00 0.00 0.00 0
155334 0.00 0.00 0.00 0
155335 0.00 0.00 0.00 0
155336 0.00 0.00 0.00 0
155337 0.00 0.00 0.00 0
155346 0.00 0.00 0.00 0
155347 0.00 0.00 0.00 0
155358 0.00 0.00 0.00 0
155359 0.00 0.00 0.00 0
155374 0.00 0.00 0.00 0
155375 0.00 0.00 0.00 0
155376 0.00 0.00 0.00 0
155385 0.00 0.00 0.00 0
155386 0.00 0.00 0.00 0
155387 0.00 0.00 0.00 0
155395 0.00 0.00 0.00 0
155396 0.00 0.00 0.00 0
155397 0.00 0.00 0.00 0
155398 0.00 0.00 0.00 0
155403 0.00 0.00 0.00 0
155404 0.00 0.00 0.00 0
155405 0.00 0.00 0.00 0
155406 0.00 0.00 0.00 0
155409 0.00 0.00 0.00 0
155410 0.00 0.00 0.00 0
155411 0.00 0.00 0.00 0
155412 0.00 0.00 0.00 0
155414 0.00 0.00 0.00 0
155415 0.00 0.00 0.00 0
155416 0.00 0.00 0.00 0
155418 0.00 0.00 0.00 0
155419 0.00 0.00 0.00 0
155462 0.00 0.00 0.00 0
155463 0.00 0.00 0.00 0
155464 0.00 0.00 0.00 0
155469 0.00 0.00 0.00 0
155470 0.00 0.00 0.00 0
155471 0.00 0.00 0.00 0
155472 0.00 0.00 0.00 0
155473 0.00 0.00 0.00 0
155477 0.00 0.00 0.00 0
155478 0.00 0.00 0.00 0
155479 0.00 0.00 0.00 0
155480 0.00 0.00 0.00 0
155481 0.00 0.00 0.00 0
155482 0.00 0.00 0.00 0
155490 0.00 0.00 0.00 0
155491 0.00 0.00 0.00 0
155492 0.00 0.00 0.00 0
155493 0.00 0.00 0.00 0
155499 0.00 0.00 0.00 0
155500 0.00 0.00 0.00 0
155501 0.00 0.00 0.00 0
155502 0.00 0.00 0.00 0
155507 0.00 0.00 0.00 0
155508 0.00 0.00 0.00 0
155512 0.00 0.00 0.00 0
155513 0.00 0.00 0.00 0
155514 0.00 0.00 0.00 0
155515 0.00 0.00 0.00 0
155516 0.00 0.00 0.00 0
155517 0.00 0.00 0.00 0
155518 0.00 0.00 0.00 0
155519 0.00 0.00 0.00 0
155520 0.00 0.00 0.00 0
155521 0.00 0.00 0.00 0
155522 0.00 0.00 0.00 0
155523 0.00 0.00 0.00 0
155524 0.00 0.00 0.00 0
155525 0.00 0.00 0.00 0
155526 0.00 0.00 0.00 0
155527 0.00 0.00 0.00 0
155528 0.00 0.00 0.00 0
155529 0.00 0.00 0.00 0
155530 0.00 0.00 0.00 0
155533 0.00 0.00 0.00 0
155534 0.00 0.00 0.00 0
155535 0.00 0.00 0.00 0
155536 0.00 0.00 0.00 0
155537 0.00 0.00 0.00 0
155538 0.00 0.00 0.00 0
155539 0.00 0.00 0.00 0
155548 0.00 0.00 0.00 0
155549 0.00 0.00 0.00 0
155550 0.00 0.00 0.00 0
155551 0.00 0.00 0.00 0
155552 0.00 0.00 0.00 0
155560 0.00 0.00 0.00 0
155561 0.00 0.00 0.00 0
155573 0.00 0.00 0.00 0
155574 0.00 0.00 0.00 0
155575 0.00 0.00 0.00 0
155589 0.00 0.00 0.00 0
155590 0.00 0.00 0.00 0
155591 0.00 0.00 0.00 0
155592 0.00 0.00 0.00 0
155593 0.00 0.00 0.00 0
155600 0.00 0.00 0.00 0
155601 0.00 0.00 0.00 0
155602 0.00 0.00 0.00 0
155603 0.00 0.00 0.00 0
155609 0.00 0.00 0.00 0
155610 0.00 0.00 0.00 0
155611 0.00 0.00 0.00 0
155612 0.00 0.00 0.00 0
155613 0.00 0.00 0.00 0
155617 0.00 0.00 0.00 0
155618 0.00 0.00 0.00 0
155619 0.00 0.00 0.00 0
155620 0.00 0.00 0.00 0
155623 0.00 0.00 0.00 0
155624 0.00 0.00 0.00 0
155625 0.00 0.00 0.00 0
155626 0.00 0.00 0.00 0
155628 0.00 0.00 0.00 0
155629 0.00 0.00 0.00 0
155631 0.00 0.00 0.00 0
155632 0.00 0.00 0.00 0
155677 0.00 0.00 0.00 0
155678 0.00 0.00 0.00 0
155684 0.00 0.00 0.00 0
155685 0.00 0.00 0.00 0
155686 0.00 0.00 0.00 0
155689 0.00 0.00 0.00 0
155690 0.00 0.00 0.00 0
155691 0.00 0.00 0.00 0
155692 0.00 0.00 0.00 0
155693 0.00 0.00 0.00 0
155694 0.00 0.00 0.00 0
155699 0.00 0.00 0.00 0
155700 0.00 0.00 0.00 0
155701 0.00 0.00 0.00 0
155702 0.00 0.00 0.00 0
155706 0.00 0.00 0.00 0
155707 0.00 0.00 0.00 0
155708 0.00 0.00 0.00 0
155709 0.00 0.00 0.00 0
155710 0.00 0.00 0.00 0
155711 0.00 0.00 0.00 0
155714 0.00 0.00 0.00 0
155715 0.00 0.00 0.00 0
155716 0.00 0.00 0.00 0
155720 0.00 0.00 0.00 0
155721 0.00 0.00 0.00 0
155722 0.00 0.00 0.00 0
155723 0.00 0.00 0.00 0
155724 0.00 0.00 0.00 0
155725 0.00 0.00 0.00 0
155726 0.00 0.00 0.00 0
155727 0.00 0.00 0.00 0
155728 0.00 0.00 0.00 0
155729 0.00 0.00 0.00 0
155730 0.00 0.00 0.00 0
155731 0.00 0.00 0.00 0
155732 0.00 0.00 0.00 0
155733 0.00 0.00 0.00 0
155734 0.00 0.00 0.00 0
155735 0.00 0.00 0.00 0
155736 0.00 0.00 0.00 0
155737 0.00 0.00 0.00 0
155738 0.00 0.00 0.00 0
155739 0.00 0.00 0.00 0
155740 0.00 0.00 0.00 0
155741 0.00 0.00 0.00 0
155742 0.00 0.00 0.00 0
155743 0.00 0.00 0.00 0
155744 0.00 0.00 0.00 0
155745 0.00 0.00 0.00 0
155750 0.00 0.00 0.00 0
155751 0.00 0.00 0.00 0
155752 0.00 0.00 0.00 0
155757 0.00 0.00 0.00 0
155758 0.00 0.00 0.00 0
155759 0.00 0.00 0.00 0
155764 0.00 0.00 0.00 0
155765 0.00 0.00 0.00 0
155766 0.00 0.00 0.00 0
155771 0.00 0.00 0.00 0
155772 0.00 0.00 0.00 0
155773 0.00 0.00 0.00 0
155774 0.00 0.00 0.00 0
155775 0.00 0.00 0.00 0
155777 0.00 0.00 0.00 0
155778 0.00 0.00 0.00 0
155779 0.00 0.00 0.00 0
155780 0.00 0.00 0.00 0
155782 0.00 0.00 0.00 0
155783 0.00 0.00 0.00 0
155784 0.00 0.00 0.00 0
155785 0.00 0.00 0.00 0
155786 0.00 0.00 0.00 0
155788 0.00 0.00 0.00 0
155789 0.00 0.00 0.00 0
155790 0.00 0.00 0.00 0
155792 0.00 0.00 0.00 0
155793 0.00 0.00 0.00 0
155796 0.00 0.00 0.00 0
155797 0.00 0.00 0.00 0
155798 0.00 0.00 0.00 0
155801 0.00 0.00 0.00 0
155802 0.00 0.00 0.00 0
155848 0.00 0.00 0.00 0
155849 0.00 0.00 0.00 0
155851 0.00 0.00 0.00 0
155852 0.00 0.00 0.00 0
155853 0.00 0.00 0.00 0
155854 0.00 0.00 0.00 0
155855 0.00 0.00 0.00 0
155857 0.00 0.00 0.00 0
155858 0.00 0.00 0.00 0
155859 0.00 0.00 0.00 0
155860 0.00 0.00 0.00 0
155861 0.00 0.00 0.00 0
155862 0.00 0.00 0.00 0
155866 0.00 0.00 0.00 0
155867 0.00 0.00 0.00 0
155868 0.00 0.00 0.00 0
155869 0.00 0.00 0.00 0
155870 0.00 0.00 0.00 0
155871 0.00 0.00 0.00 0
155872 0.00 0.00 0.00 0
155873 0.00 0.00 0.00 0
155874 0.00 0.00 0.00 0
155875 0.00 0.00 0.00 0
155876 0.00 0.00 0.00 0
155877 0.00 0.00 0.00 0
155878 0.00 0.00 0.00 0
155879 0.00 0.00 0.00 0
155880 0.00 0.00 0.00 0
155881 0.00 0.00 0.00 0
155882 0.00 0.00 0.00 0
155883 0.00 0.00 0.00 0
155884 0.00 0.00 0.00 0
155885 0.00 0.00 0.00 0
155886 0.00 0.00 0.00 0
155887 0.00 0.00 0.00 0
155888 0.00 0.00 0.00 0
155889 0.00 0.00 0.00 0
155890 0.00 0.00 0.00 0
155891 0.00 0.00 0.00 0
155892 0.00 0.00 0.00 0
155893 0.00 0.00 0.00 0
155894 0.00 0.00 0.00 0
155896 0.00 0.00 0.00 0
155897 0.00 0.00 0.00 0
155898 0.00 0.00 0.00 0
155899 0.00 0.00 0.00 0
155902 0.00 0.00 0.00 0
155903 0.00 0.00 0.00 0
155924 0.00 0.00 0.00 0
155925 0.00 0.00 0.00 0
155926 0.00 0.00 0.00 0
155927 0.00 0.00 0.00 0
155928 0.00 0.00 0.00 0
155929 0.00 0.00 0.00 0
155930 0.00 0.00 0.00 0
155931 0.00 0.00 0.00 0
155932 0.00 0.00 0.00 0
155933 0.00 0.00 0.00 0
155934 0.00 0.00 0.00 0
155935 0.00 0.00 0.00 0
155936 0.00 0.00 0.00 0
155937 0.00 0.00 0.00 0
155938 0.00 0.00 0.00 0
155939 0.00 0.00 0.00 0
155940 0.00 0.00 0.00 0
155941 0.00 0.00 0.00 0
155942 0.00 0.00 0.00 0
155943 0.00 0.00 0.00 0
155944 0.00 0.00 0.00 0
155945 0.00 0.00 0.00 0
