# frontalpole
350
152140 0.00 0.00 0.00 0
152548 0.00 0.00 0.00 0
152565 0.00 0.00 0.00 0
152566 0.00 0.00 0.00 0
152906 0.00 0.00 0.00 0
152907 0.00 0.00 0.00 0
152908 0.00 0.00 0.00 0
152909 0.00 0.00 0.00 0
152919 0.00 0.00 0.00 0
152920 0.00 0.00 0.00 0
152921 0.00 0.00 0.00 0
152936 0.00 0.00 0.00 0
152937 0.00 0.00 0.00 0
152938 0.00 0.00 0.00 0
152939 0.00 0.00 0.00 0
152953 0.00 0.00 0.00 0
153217 0.00 0.00 0.00 0
153218 0.00 0.00 0.00 0
153219 0.00 0.00 0.00 0
153220 0.00 0.00 0.00 0
153221 0.00 0.00 0.00 0
153231 0.00 0.00 0.00 0
153232 0.00 0.00 0.00 0
153233 0.00 0.00 0.00 0
153234 0.00 0.00 0.00 0
153235 0.00 0.00 0.00 0
153236 0.00 0.00 0.00 0
153237 0.00 0.00 0.00 0
153250 0.00 0.00 0.00 0
153251 0.00 0.00 0.00 0
153252 0.00 0.00 0.00 0
153253 0.00 0.00 0.00 0
153254 0.00 0.00 0.00 0
153255 0.00 0.00 0.00 0
153310 0.00 0.00 0.00 0
153330 0.00 0.00 0.00 0
153331 0.00 0.00 0.00 0
153345 0.00 0.00 0.00 0
153484 0.00 0.00 0.00 0
153485 0.00 0.00 0.00 0
153486 0.00 0.00 0.00 0
153487 0.00 0.00 0.00 0
153492 0.00 0.00 0.00 0
153493 0.00 0.00 0.00 0
153494 0.00 0.00 0.00 0
153495 0.00 0.00 0.00 0
153496 0.00 0.00 0.00 0
153497 0.00 0.00 0.00 0
153504 0.00 0.00 0.00 0
153505 0.00 0.00 0.00 0
153506 0.00 0.00 0.00 0
153507 0.00 0.00 0.00 0
153508 0.00 0.00 0.00 0
153514 0.00 0.00 0.00 0
153535 0.00 0.00 0.00 0
153555 0.00 0.00 0.00 0
153556 0.00 0.00 0.00 0
153557 0.00 0.00 0.00 0
153574 0.00 0.00 0.00 0
153575 0.00 0.00 0.00 0
153576 0.00 0.00 0.00 0
153577 0.00 0.00 0.00 0
153588 0.00 0.00 0.00 0
153589 0.00 0.00 0.00 0
153590 0.00 0.00 0.00 0
153591 0.00 0.00 0.00 0
153599 0.00 0.00 0.00 0
153600 0.00 0.00 0.00 0
153707 0.00 0.00 0.00 0
153708 0.00 0.00 0.00 0
153709 0.00 0.00 0.00 0
153710 0.00 0.00 0.00 0
153711 0.00 0.00 0.00 0
153717 0.00 0.00 0.00 0
153718 0.00 0.00 0.00 0
153719 0.00 0.00 0.00 0
153720 0.00 0.00 0.00 0
153721 0.00 0.00 0.00 0
153722 0.00 0.00 0.00 0
153726 0.00 0.00 0.00 0
153727 0.00 0.00 0.00 0
153728 0.00 0.00 0.00 0
153729 0.00 0.00 0.00 0
153730 0.00 0.00 0.00 0
153731 0.00 0.00 0.00 0
153732 0.00 0.00 0.00 0
153735 0.00 0.00 0.00 0
153736 0.00 0.00 0.00 0
153737 0.00 0.00 0.00 0
153738 0.00 0.00 0.00 0
153748 0.00 0.00 0.00 0
153753 0.00 0.00 0.00 0
153754 0.00 0.00 0.00 0
153755 0.00 0.00 0.00 0
153763 0.00 0.00 0.00 0
153766 0.00 0.00 0.00 0
153767 0.00 0.00 0.00 0
153768 0.00 0.00 0.00 0
153769 0.00 0.00 0.00 0
153778 0.00 0.00 0.00 0
153779 0.00 0.00 0.00 0
153780 0.00 0.00 0.00 0
153781 0.00 0.00 0.00 0
153782 0.00 0.00 0.00 0
153787 0.00 0.00 0.00 0
153788 0.00 0.00 0.00 0
153789 0.00 0.00 0.00 0
153790 0.00 0.00 0.00 0
153795 0.00 0.00 0.00 0
153796 0.00 0.00 0.00 0
153797 0.00 0.00 0.00 0
153798 0.00 0.00 0.00 0
153804 0.00 0.00 0.00 0
153805 0.00 0.00 0.00 0
153806 0.00 0.00 0.00 0
153807 0.00 0.00 0.00 0
153825 0.00 0.00 0.00 0
153826 0.00 0.00 0.00 0
153827 0.00 0.00 0.00 0
153834 0.00 0.00 0.00 0
153835 0.00 0.00 0.00 0
153836 0.00 0.00 0.00 0
153837 0.00 0.00 0.00 0
153904 0.00 0.00 0.00 0
153905 0.00 0.00 0.00 0
153906 0.00 0.00 0.00 0
153911 0.00 0.00 0.00 0
153912 0.00 0.00 0.00 0
153913 0.00 0.00 0.00 0
153914 0.00 0.00 0.00 0
153915 0.00 0.00 0.00 0
153916 0.00 0.00 0.00 0
153917 0.00 0.00 0.00 0
153918 0.00 0.00 0.00 0
153919 0.00 0.00 0.00 0
153920 0.00 0.00 0.00 0
153922 0.00 0.00 0.00 0
153923 0.00 0.00 0.00 0
153924 0.00 0.00 0.00 0
153925 0.00 0.00 0.00 0
153926 0.00 0.00 0.00 0
153929 0.00 0.00 0.00 0
153930 0.00 0.00 0.00 0
153931 0.00 0.00 0.00 0
153934 0.00 0.00 0.00 0
153940 0.00 0.00 0.00 0
153941 0.00 0.00 0.00 0
153943 0.00 0.00 0.00 0
153944 0.00 0.00 0.00 0
153945 0.00 0.00 0.00 0
153946 0.00 0.00 0.00 0
153947 0.00 0.00 0.00 0
153954 0.00 0.00 0.00 0
153955 0.00 0.00 0.00 0
153956 0.00 0.00 0.00 0
153957 0.00 0.00 0.00 0
153958 0.00 0.00 0.00 0
153959 0.00 0.00 0.00 0
153963 0.00 0.00 0.00 0
153964 0.00 0.00 0.00 0
153965 0.00 0.00 0.00 0
153966 0.00 0.00 0.00 0
153970 0.00 0.00 0.00 0
153971 0.00 0.00 0.00 0
153972 0.00 0.00 0.00 0
153977 0.00 0.00 0.00 0
153978 0.00 0.00 0.00 0
153979 0.00 0.00 0.00 0
153984 0.00 0.00 0.00 0
153985 0.00 0.00 0.00 0
153986 0.00 0.00 0.00 0
153987 0.00 0.00 0.00 0
153988 0.00 0.00 0.00 0
154004 0.00 0.00 0.00 0
154005 0.00 0.00 0.00 0
154006 0.00 0.00 0.00 0
154017 0.00 0.00 0.00 0
154018 0.00 0.00 0.00 0
154019 0.00 0.00 0.00 0
154020 0.00 0.00 0.00 0
154070 0.00 0.00 0.00 0
154071 0.00 0.00 0.00 0
154072 0.00 0.00 0.00 0
154075 0.00 0.00 0.00 0
154076 0.00 0.00 0.00 0
154077 0.00 0.00 0.00 0
154078 0.00 0.00 0.00 0
154079 0.00 0.00 0.00 0
154080 0.00 0.00 0.00 0
154081 0.00 0.00 0.00 0
154082 0.00 0.00 0.00 0
154083 0.00 0.00 0.00 0
154084 0.00 0.00 0.00 0
154085 0.00 0.00 0.00 0
154086 0.00 0.00 0.00 0
154087 0.00 0.00 0.00 0
154088 0.00 0.00 0.00 0
154089 0.00 0.00 0.00 0
154090 0.00 0.00 0.00 0
154091 0.00 0.00 0.00 0
154092 0.00 0.00 0.00 0
154093 0.00 0.00 0.00 0
154094 0.00 0.00 0.00 0
154095 0.00 0.00 0.00 0
154096 0.00 0.00 0.00 0
154097 0.00 0.00 0.00 0
154098 0.00 0.00 0.00 0
154099 0.00 0.00 0.00 0
154100 0.00 0.00 0.00 0
154104 0.00 0.00 0.00 0
154105 0.00 0.00 0.00 0
154106 0.00 0.00 0.00 0
154107 0.00 0.00 0.00 0
154108 0.00 0.00 0.00 0
154109 0.00 0.00 0.00 0
154110 0.00 0.00 0.00 0
154111 0.00 0.00 0.00 0
154115 0.00 0.00 0.00 0
154116 0.00 0.00 0.00 0
154117 0.00 0.00 0.00 0
154118 0.00 0.00 0.00 0
154119 0.00 0.00 0.00 0
154120 0.00 0.00 0.00 0
154121 0.00 0.00 0.00 0
154122 0.00 0.00 0.00 0
154126 0.00 0.00 0.00 0
154127 0.00 0.00 0.00 0
154132 0.00 0.00 0.00 0
154133 0.00 0.00 0.00 0
154134 0.00 0.00 0.00 0
154135 0.00 0.00 0.00 0
154153 0.00 0.00 0.00 0
154154 0.00 0.00 0.00 0
154155 0.00 0.00 0.00 0
154170 0.00 0.00 0.00 0
154171 0.00 0.00 0.00 0
154172 0.00 0.00 0.00 0
154210 0.00 0.00 0.00 0
154211 0.00 0.00 0.00 0
154212 0.00 0.00 0.00 0
154213 0.00 0.00 0.00 0
154214 0.00 0.00 0.00 0
154215 0.00 0.00 0.00 0
154216 0.00 0.00 0.00 0
154217 0.00 0.00 0.00 0
154218 0.00 0.00 0.00 0
154219 0.00 0.00 0.00 0
154220 0.00 0.00 0.00 0
154221 0.00 0.00 0.00 0
154222 0.00 0.00 0.00 0
154223 0.00 0.00 0.00 0
154224 0.00 0.00 0.00 0
154225 0.00 0.00 0.00 0
154226 0.00 0.00 0.00 0
154227 0.00 0.00 0.00 0
154228 0.00 0.00 0.00 0
154229 0.00 0.00 0.00 0
154230 0.00 0.00 0.00 0
154231 0.00 0.00 0.00 0
154232 0.00 0.00 0.00 0
154233 0.00 0.00 0.00 0
154234 0.00 0.00 0.00 0
154235 0.00 0.00 0.00 0
154236 0.00 0.00 0.00 0
154237 0.00 0.00 0.00 0
154238 0.00 0.00 0.00 0
154239 0.00 0.00 0.00 0
154240 0.00 0.00 0.00 0
154241 0.00 0.00 0.00 0
154242 0.00 0.00 0.00 0
154243 0.00 0.00 0.00 0
154247 0.00 0.00 0.00 0
154248 0.00 0.00 0.00 0
154249 0.00 0.00 0.00 0
154250 0.00 0.00 0.00 0
154251 0.00 0.00 0.00 0
154254 0.00 0.00 0.00 0
154255 0.00 0.00 0.00 0
154256 0.00 0.00 0.00 0
154257 0.00 0.00 0.00 0
154258 0.00 0.00 0.00 0
154259 0.00 0.00 0.00 0
154260 0.00 0.00 0.00 0
154261 0.00 0.00 0.00 0
154272 0.00 0.00 0.00 0
154273 0.00 0.00 0.00 0
154274 0.00 0.00 0.00 0
154284 0.00 0.00 0.00 0
154285 0.00 0.00 0.00 0
154286 0.00 0.00 0.00 0
154297 0.00 0.00 0.00 0
154298 0.00 0.00 0.00 0
154299 0.00 0.00 0.00 0
154300 0.00 0.00 0.00 0
154301 0.00 0.00 0.00 0
154302 0.00 0.00 0.00 0
154303 0.00 0.00 0.00 0
154304 0.00 0.00 0.00 0
154305 0.00 0.00 0.00 0
154306 0.00 0.00 0.00 0
154307 0.00 0.00 0.00 0
154308 0.00 0.00 0.00 0
154309 0.00 0.00 0.00 0
154310 0.00 0.00 0.00 0
154311 0.00 0.00 0.00 0
154312 0.00 0.00 0.00 0
154313 0.00 0.00 0.00 0
154314 0.00 0.00 0.00 0
154315 0.00 0.00 0.00 0
154316 0.00 0.00 0.00 0
154317 0.00 0.00 0.00 0
154318 0.00 0.00 0.00 0
154319 0.00 0.00 0.00 0
154320 0.00 0.00 0.00 0
154321 0.00 0.00 0.00 0
154323 0.00 0.00 0.00 0
154324 0.00 0.00 0.00 0
154325 0.00 0.00 0.00 0
154326 0.00 0.00 0.00 0
154327 0.00 0.00 0.00 0
154328 0.00 0.00 0.00 0
154329 0.00 0.00 0.00 0
154330 0.00 0.00 0.00 0
154331 0.00 0.00 0.00 0
154334 0.00 0.00 0.00 0
154335 0.00 0.00 0.00 0
154336 0.00 0.00 0.00 0
154337 0.00 0.00 0.00 0
154338 0.00 0.00 0.00 0
154360 0.00 0.00 0.00 0
154361 0.00 0.00 0.00 0
154362 0.00 0.00 0.00 0
154363 0.00 0.00 0.00 0
154364 0.00 0.00 0.00 0
154365 0.00 0.00 0.00 0
154366 0.00 0.00 0.00 0
154367 0.00 0.00 0.00 0
154368 0.00 0.00 0.00 0
154369 0.00 0.00 0.00 0
154370 0.00 0.00 0.00 0
154371 0.00 0.00 0.00 0
154372 0.00 0.00 0.00 0
154373 0.00 0.00 0.00 0
154374 0.00 0.00 0.00 0
154375 0.00 0.00 0.00 0
154376 0.00 0.00 0.00 0
154377 0.00 0.00 0.00 0
154378 0.00 0.00 0.00 0
154379 0.00 0.00 0.00 0
155404 0.00 0.00 0.00 0
