# insula
3909
64802 0.00 0.00 0.00 0
64814 0.00 0.00 0.00 0
64834 0.00 0.00 0.00 0
64835 0.00 0.00 0.00 0
66247 0.00 0.00 0.00 0
66248 0.00 0.00 0.00 0
66262 0.00 0.00 0.00 0
66263 0.00 0.00 0.00 0
66279 0.00 0.00 0.00 0
66280 0.00 0.00 0.00 0
66296 0.00 0.00 0.00 0
66297 0.00 0.00 0.00 0
66298 0.00 0.00 0.00 0
66317 0.00 0.00 0.00 0
66318 0.00 0.00 0.00 0
66319 0.00 0.00 0.00 0
66339 0.00 0.00 0.00 0
66340 0.00 0.00 0.00 0
66341 0.00 0.00 0.00 0
66342 0.00 0.00 0.00 0
67606 0.00 0.00 0.00 0
67607 0.00 0.00 0.00 0
67622 0.00 0.00 0.00 0
67623 0.00 0.00 0.00 0
67636 0.00 0.00 0.00 0
67649 0.00 0.00 0.00 0
67660 0.00 0.00 0.00 0
67676 0.00 0.00 0.00 0
67689 0.00 0.00 0.00 0
67690 0.00 0.00 0.00 0
67691 0.00 0.00 0.00 0
67696 0.00 0.00 0.00 0
67697 0.00 0.00 0.00 0
68871 0.00 0.00 0.00 0
68882 0.00 0.00 0.00 0
68883 0.00 0.00 0.00 0
68902 0.00 0.00 0.00 0
68903 0.00 0.00 0.00 0
68921 0.00 0.00 0.00 0
68934 0.00 0.00 0.00 0
68946 0.00 0.00 0.00 0
68953 0.00 0.00 0.00 0
68967 0.00 0.00 0.00 0
68981 0.00 0.00 0.00 0
68994 0.00 0.00 0.00 0
68995 0.00 0.00 0.00 0
70061 0.00 0.00 0.00 0
70076 0.00 0.00 0.00 0
70077 0.00 0.00 0.00 0
70091 0.00 0.00 0.00 0
70106 0.00 0.00 0.00 0
70122 0.00 0.00 0.00 0
70138 0.00 0.00 0.00 0
70150 0.00 0.00 0.00 0
70167 0.00 0.00 0.00 0
70182 0.00 0.00 0.00 0
70192 0.00 0.00 0.00 0
70193 0.00 0.00 0.00 0
70194 0.00 0.00 0.00 0
70204 0.00 0.00 0.00 0
71323 0.00 0.00 0.00 0
71343 0.00 0.00 0.00 0
71344 0.00 0.00 0.00 0
71345 0.00 0.00 0.00 0
71363 0.00 0.00 0.00 0
71364 0.00 0.00 0.00 0
71379 0.00 0.00 0.00 0
71394 0.00 0.00 0.00 0
71412 0.00 0.00 0.00 0
71428 0.00 0.00 0.00 0
71439 0.00 0.00 0.00 0
71450 0.00 0.00 0.00 0
71451 0.00 0.00 0.00 0
71459 0.00 0.00 0.00 0
71460 0.00 0.00 0.00 0
71467 0.00 0.00 0.00 0
71468 0.00 0.00 0.00 0
71475 0.00 0.00 0.00 0
71476 0.00 0.00 0.00 0
71477 0.00 0.00 0.00 0
72589 0.00 0.00 0.00 0
72590 0.00 0.00 0.00 0
72600 0.00 0.00 0.00 0
72601 0.00 0.00 0.00 0
72611 0.00 0.00 0.00 0
72623 0.00 0.00 0.00 0
72636 0.00 0.00 0.00 0
72652 0.00 0.00 0.00 0
72667 0.00 0.00 0.00 0
72681 0.00 0.00 0.00 0
72691 0.00 0.00 0.00 0
72692 0.00 0.00 0.00 0
72700 0.00 0.00 0.00 0
72701 0.00 0.00 0.00 0
72709 0.00 0.00 0.00 0
72715 0.00 0.00 0.00 0
72716 0.00 0.00 0.00 0
72717 0.00 0.00 0.00 0
72718 0.00 0.00 0.00 0
72724 0.00 0.00 0.00 0
72725 0.00 0.00 0.00 0
72726 0.00 0.00 0.00 0
72727 0.00 0.00 0.00 0
73817 0.00 0.00 0.00 0
73818 0.00 0.00 0.00 0
73819 0.00 0.00 0.00 0
73829 0.00 0.00 0.00 0
73830 0.00 0.00 0.00 0
73843 0.00 0.00 0.00 0
73856 0.00 0.00 0.00 0
73868 0.00 0.00 0.00 0
73880 0.00 0.00 0.00 0
73893 0.00 0.00 0.00 0
73906 0.00 0.00 0.00 0
73916 0.00 0.00 0.00 0
73922 0.00 0.00 0.00 0
73929 0.00 0.00 0.00 0
73936 0.00 0.00 0.00 0
73937 0.00 0.00 0.00 0
73943 0.00 0.00 0.00 0
73944 0.00 0.00 0.00 0
73945 0.00 0.00 0.00 0
73960 0.00 0.00 0.00 0
73961 0.00 0.00 0.00 0
73962 0.00 0.00 0.00 0
75028 0.00 0.00 0.00 0
75029 0.00 0.00 0.00 0
75030 0.00 0.00 0.00 0
75031 0.00 0.00 0.00 0
75049 0.00 0.00 0.00 0
75050 0.00 0.00 0.00 0
75051 0.00 0.00 0.00 0
75052 0.00 0.00 0.00 0
75068 0.00 0.00 0.00 0
75069 0.00 0.00 0.00 0
75082 0.00 0.00 0.00 0
75093 0.00 0.00 0.00 0
75103 0.00 0.00 0.00 0
75116 0.00 0.00 0.00 0
75129 0.00 0.00 0.00 0
75142 0.00 0.00 0.00 0
75155 0.00 0.00 0.00 0
75162 0.00 0.00 0.00 0
75169 0.00 0.00 0.00 0
75176 0.00 0.00 0.00 0
75177 0.00 0.00 0.00 0
75188 0.00 0.00 0.00 0
75189 0.00 0.00 0.00 0
75212 0.00 0.00 0.00 0
75213 0.00 0.00 0.00 0
75214 0.00 0.00 0.00 0
75236 0.00 0.00 0.00 0
75237 0.00 0.00 0.00 0
75238 0.00 0.00 0.00 0
75261 0.00 0.00 0.00 0
75262 0.00 0.00 0.00 0
75263 0.00 0.00 0.00 0
76343 0.00 0.00 0.00 0
76344 0.00 0.00 0.00 0
76345 0.00 0.00 0.00 0
76346 0.00 0.00 0.00 0
76347 0.00 0.00 0.00 0
76362 0.00 0.00 0.00 0
76363 0.00 0.00 0.00 0
76377 0.00 0.00 0.00 0
76378 0.00 0.00 0.00 0
76390 0.00 0.00 0.00 0
76391 0.00 0.00 0.00 0
76402 0.00 0.00 0.00 0
76411 0.00 0.00 0.00 0
76420 0.00 0.00 0.00 0
76428 0.00 0.00 0.00 0
76438 0.00 0.00 0.00 0
76439 0.00 0.00 0.00 0
76450 0.00 0.00 0.00 0
76451 0.00 0.00 0.00 0
76458 0.00 0.00 0.00 0
76466 0.00 0.00 0.00 0
76474 0.00 0.00 0.00 0
76475 0.00 0.00 0.00 0
76487 0.00 0.00 0.00 0
76488 0.00 0.00 0.00 0
76508 0.00 0.00 0.00 0
76509 0.00 0.00 0.00 0
76528 0.00 0.00 0.00 0
76529 0.00 0.00 0.00 0
76549 0.00 0.00 0.00 0
76550 0.00 0.00 0.00 0
76551 0.00 0.00 0.00 0
76566 0.00 0.00 0.00 0
76567 0.00 0.00 0.00 0
77518 0.00 0.00 0.00 0
77519 0.00 0.00 0.00 0
77520 0.00 0.00 0.00 0
77521 0.00 0.00 0.00 0
77522 0.00 0.00 0.00 0
77528 0.00 0.00 0.00 0
77529 0.00 0.00 0.00 0
77530 0.00 0.00 0.00 0
77531 0.00 0.00 0.00 0
77532 0.00 0.00 0.00 0
77533 0.00 0.00 0.00 0
77534 0.00 0.00 0.00 0
77545 0.00 0.00 0.00 0
77546 0.00 0.00 0.00 0
77548 0.00 0.00 0.00 0
77549 0.00 0.00 0.00 0
77565 0.00 0.00 0.00 0
77579 0.00 0.00 0.00 0
77580 0.00 0.00 0.00 0
77595 0.00 0.00 0.00 0
77596 0.00 0.00 0.00 0
77611 0.00 0.00 0.00 0
77612 0.00 0.00 0.00 0
77621 0.00 0.00 0.00 0
77622 0.00 0.00 0.00 0
77632 0.00 0.00 0.00 0
77633 0.00 0.00 0.00 0
77643 0.00 0.00 0.00 0
77644 0.00 0.00 0.00 0
77651 0.00 0.00 0.00 0
77652 0.00 0.00 0.00 0
77655 0.00 0.00 0.00 0
77656 0.00 0.00 0.00 0
77664 0.00 0.00 0.00 0
77665 0.00 0.00 0.00 0
77675 0.00 0.00 0.00 0
77676 0.00 0.00 0.00 0
77691 0.00 0.00 0.00 0
77692 0.00 0.00 0.00 0
77712 0.00 0.00 0.00 0
77713 0.00 0.00 0.00 0
77728 0.00 0.00 0.00 0
77729 0.00 0.00 0.00 0
77743 0.00 0.00 0.00 0
77744 0.00 0.00 0.00 0
77758 0.00 0.00 0.00 0
77759 0.00 0.00 0.00 0
77760 0.00 0.00 0.00 0
77761 0.00 0.00 0.00 0
77768 0.00 0.00 0.00 0
78841 0.00 0.00 0.00 0
78842 0.00 0.00 0.00 0
78848 0.00 0.00 0.00 0
78849 0.00 0.00 0.00 0
78850 0.00 0.00 0.00 0
78851 0.00 0.00 0.00 0
78852 0.00 0.00 0.00 0
78853 0.00 0.00 0.00 0
78854 0.00 0.00 0.00 0
78862 0.00 0.00 0.00 0
78863 0.00 0.00 0.00 0
78864 0.00 0.00 0.00 0
78865 0.00 0.00 0.00 0
78866 0.00 0.00 0.00 0
78874 0.00 0.00 0.00 0
78875 0.00 0.00 0.00 0
78877 0.00 0.00 0.00 0
78878 0.00 0.00 0.00 0
78895 0.00 0.00 0.00 0
78896 0.00 0.00 0.00 0
78914 0.00 0.00 0.00 0
78931 0.00 0.00 0.00 0
78932 0.00 0.00 0.00 0
78947 0.00 0.00 0.00 0
78948 0.00 0.00 0.00 0
78959 0.00 0.00 0.00 0
78968 0.00 0.00 0.00 0
78977 0.00 0.00 0.00 0
78984 0.00 0.00 0.00 0
78987 0.00 0.00 0.00 0
78992 0.00 0.00 0.00 0
78993 0.00 0.00 0.00 0
79006 0.00 0.00 0.00 0
79007 0.00 0.00 0.00 0
79025 0.00 0.00 0.00 0
79026 0.00 0.00 0.00 0
79044 0.00 0.00 0.00 0
79045 0.00 0.00 0.00 0
79059 0.00 0.00 0.00 0
79060 0.00 0.00 0.00 0
79075 0.00 0.00 0.00 0
79090 0.00 0.00 0.00 0
79091 0.00 0.00 0.00 0
79092 0.00 0.00 0.00 0
79106 0.00 0.00 0.00 0
79107 0.00 0.00 0.00 0
79108 0.00 0.00 0.00 0
79123 0.00 0.00 0.00 0
79124 0.00 0.00 0.00 0
80216 0.00 0.00 0.00 0
80217 0.00 0.00 0.00 0
80218 0.00 0.00 0.00 0
80219 0.00 0.00 0.00 0
80220 0.00 0.00 0.00 0
80227 0.00 0.00 0.00 0
80228 0.00 0.00 0.00 0
80229 0.00 0.00 0.00 0
80230 0.00 0.00 0.00 0
80231 0.00 0.00 0.00 0
80232 0.00 0.00 0.00 0
80233 0.00 0.00 0.00 0
80242 0.00 0.00 0.00 0
80243 0.00 0.00 0.00 0
80244 0.00 0.00 0.00 0
80245 0.00 0.00 0.00 0
80246 0.00 0.00 0.00 0
80256 0.00 0.00 0.00 0
80257 0.00 0.00 0.00 0
80265 0.00 0.00 0.00 0
80266 0.00 0.00 0.00 0
80280 0.00 0.00 0.00 0
80281 0.00 0.00 0.00 0
80299 0.00 0.00 0.00 0
80322 0.00 0.00 0.00 0
80343 0.00 0.00 0.00 0
80355 0.00 0.00 0.00 0
80356 0.00 0.00 0.00 0
80365 0.00 0.00 0.00 0
80366 0.00 0.00 0.00 0
80370 0.00 0.00 0.00 0
80371 0.00 0.00 0.00 0
80374 0.00 0.00 0.00 0
80375 0.00 0.00 0.00 0
80378 0.00 0.00 0.00 0
80379 0.00 0.00 0.00 0
80392 0.00 0.00 0.00 0
80393 0.00 0.00 0.00 0
80412 0.00 0.00 0.00 0
80413 0.00 0.00 0.00 0
80428 0.00 0.00 0.00 0
80446 0.00 0.00 0.00 0
80447 0.00 0.00 0.00 0
80463 0.00 0.00 0.00 0
80473 0.00 0.00 0.00 0
80474 0.00 0.00 0.00 0
80488 0.00 0.00 0.00 0
80489 0.00 0.00 0.00 0
80506 0.00 0.00 0.00 0
80507 0.00 0.00 0.00 0
80508 0.00 0.00 0.00 0
80523 0.00 0.00 0.00 0
80524 0.00 0.00 0.00 0
80525 0.00 0.00 0.00 0
81518 0.00 0.00 0.00 0
81519 0.00 0.00 0.00 0
81520 0.00 0.00 0.00 0
81521 0.00 0.00 0.00 0
81522 0.00 0.00 0.00 0
81532 0.00 0.00 0.00 0
81533 0.00 0.00 0.00 0
81534 0.00 0.00 0.00 0
81545 0.00 0.00 0.00 0
81546 0.00 0.00 0.00 0
81547 0.00 0.00 0.00 0
81548 0.00 0.00 0.00 0
81557 0.00 0.00 0.00 0
81558 0.00 0.00 0.00 0
81559 0.00 0.00 0.00 0
81576 0.00 0.00 0.00 0
81577 0.00 0.00 0.00 0
81597 0.00 0.00 0.00 0
81598 0.00 0.00 0.00 0
81599 0.00 0.00 0.00 0
81620 0.00 0.00 0.00 0
81621 0.00 0.00 0.00 0
81644 0.00 0.00 0.00 0
81645 0.00 0.00 0.00 0
81662 0.00 0.00 0.00 0
81663 0.00 0.00 0.00 0
81671 0.00 0.00 0.00 0
81672 0.00 0.00 0.00 0
81675 0.00 0.00 0.00 0
81678 0.00 0.00 0.00 0
81680 0.00 0.00 0.00 0
81682 0.00 0.00 0.00 0
81694 0.00 0.00 0.00 0
81712 0.00 0.00 0.00 0
81727 0.00 0.00 0.00 0
81728 0.00 0.00 0.00 0
81748 0.00 0.00 0.00 0
81749 0.00 0.00 0.00 0
81762 0.00 0.00 0.00 0
81773 0.00 0.00 0.00 0
81774 0.00 0.00 0.00 0
81785 0.00 0.00 0.00 0
81786 0.00 0.00 0.00 0
81798 0.00 0.00 0.00 0
81799 0.00 0.00 0.00 0
81814 0.00 0.00 0.00 0
81815 0.00 0.00 0.00 0
81816 0.00 0.00 0.00 0
81817 0.00 0.00 0.00 0
82756 0.00 0.00 0.00 0
82772 0.00 0.00 0.00 0
82773 0.00 0.00 0.00 0
82774 0.00 0.00 0.00 0
82775 0.00 0.00 0.00 0
82786 0.00 0.00 0.00 0
82797 0.00 0.00 0.00 0
82798 0.00 0.00 0.00 0
82814 0.00 0.00 0.00 0
82815 0.00 0.00 0.00 0
82816 0.00 0.00 0.00 0
82836 0.00 0.00 0.00 0
82837 0.00 0.00 0.00 0
82838 0.00 0.00 0.00 0
82854 0.00 0.00 0.00 0
82855 0.00 0.00 0.00 0
82856 0.00 0.00 0.00 0
82857 0.00 0.00 0.00 0
82870 0.00 0.00 0.00 0
82871 0.00 0.00 0.00 0
82872 0.00 0.00 0.00 0
82883 0.00 0.00 0.00 0
82890 0.00 0.00 0.00 0
82892 0.00 0.00 0.00 0
82895 0.00 0.00 0.00 0
82896 0.00 0.00 0.00 0
82899 0.00 0.00 0.00 0
82900 0.00 0.00 0.00 0
82903 0.00 0.00 0.00 0
82904 0.00 0.00 0.00 0
82907 0.00 0.00 0.00 0
82908 0.00 0.00 0.00 0
82917 0.00 0.00 0.00 0
82918 0.00 0.00 0.00 0
82936 0.00 0.00 0.00 0
82937 0.00 0.00 0.00 0
82953 0.00 0.00 0.00 0
82954 0.00 0.00 0.00 0
82974 0.00 0.00 0.00 0
82987 0.00 0.00 0.00 0
82993 0.00 0.00 0.00 0
82994 0.00 0.00 0.00 0
83002 0.00 0.00 0.00 0
83003 0.00 0.00 0.00 0
83011 0.00 0.00 0.00 0
83012 0.00 0.00 0.00 0
83013 0.00 0.00 0.00 0
83021 0.00 0.00 0.00 0
83022 0.00 0.00 0.00 0
83023 0.00 0.00 0.00 0
83024 0.00 0.00 0.00 0
83025 0.00 0.00 0.00 0
83031 0.00 0.00 0.00 0
83032 0.00 0.00 0.00 0
83033 0.00 0.00 0.00 0
83960 0.00 0.00 0.00 0
83961 0.00 0.00 0.00 0
83962 0.00 0.00 0.00 0
83973 0.00 0.00 0.00 0
83974 0.00 0.00 0.00 0
83975 0.00 0.00 0.00 0
83986 0.00 0.00 0.00 0
83997 0.00 0.00 0.00 0
84018 0.00 0.00 0.00 0
84038 0.00 0.00 0.00 0
84039 0.00 0.00 0.00 0
84058 0.00 0.00 0.00 0
84059 0.00 0.00 0.00 0
84060 0.00 0.00 0.00 0
84073 0.00 0.00 0.00 0
84074 0.00 0.00 0.00 0
84075 0.00 0.00 0.00 0
84076 0.00 0.00 0.00 0
84077 0.00 0.00 0.00 0
84085 0.00 0.00 0.00 0
84086 0.00 0.00 0.00 0
84087 0.00 0.00 0.00 0
84088 0.00 0.00 0.00 0
84095 0.00 0.00 0.00 0
84098 0.00 0.00 0.00 0
84099 0.00 0.00 0.00 0
84102 0.00 0.00 0.00 0
84103 0.00 0.00 0.00 0
84105 0.00 0.00 0.00 0
84107 0.00 0.00 0.00 0
84110 0.00 0.00 0.00 0
84119 0.00 0.00 0.00 0
84135 0.00 0.00 0.00 0
84136 0.00 0.00 0.00 0
84153 0.00 0.00 0.00 0
84154 0.00 0.00 0.00 0
84173 0.00 0.00 0.00 0
84174 0.00 0.00 0.00 0
84196 0.00 0.00 0.00 0
84197 0.00 0.00 0.00 0
84217 0.00 0.00 0.00 0
84218 0.00 0.00 0.00 0
84226 0.00 0.00 0.00 0
84227 0.00 0.00 0.00 0
84235 0.00 0.00 0.00 0
84236 0.00 0.00 0.00 0
84237 0.00 0.00 0.00 0
84248 0.00 0.00 0.00 0
84249 0.00 0.00 0.00 0
84250 0.00 0.00 0.00 0
84251 0.00 0.00 0.00 0
84262 0.00 0.00 0.00 0
84263 0.00 0.00 0.00 0
84264 0.00 0.00 0.00 0
85200 0.00 0.00 0.00 0
85201 0.00 0.00 0.00 0
85202 0.00 0.00 0.00 0
85209 0.00 0.00 0.00 0
85210 0.00 0.00 0.00 0
85211 0.00 0.00 0.00 0
85218 0.00 0.00 0.00 0
85219 0.00 0.00 0.00 0
85232 0.00 0.00 0.00 0
85233 0.00 0.00 0.00 0
85234 0.00 0.00 0.00 0
85253 0.00 0.00 0.00 0
85254 0.00 0.00 0.00 0
85255 0.00 0.00 0.00 0
85272 0.00 0.00 0.00 0
85273 0.00 0.00 0.00 0
85274 0.00 0.00 0.00 0
85275 0.00 0.00 0.00 0
85292 0.00 0.00 0.00 0
85293 0.00 0.00 0.00 0
85294 0.00 0.00 0.00 0
85306 0.00 0.00 0.00 0
85307 0.00 0.00 0.00 0
85315 0.00 0.00 0.00 0
85316 0.00 0.00 0.00 0
85317 0.00 0.00 0.00 0
85318 0.00 0.00 0.00 0
85319 0.00 0.00 0.00 0
85326 0.00 0.00 0.00 0
85327 0.00 0.00 0.00 0
85328 0.00 0.00 0.00 0
85330 0.00 0.00 0.00 0
85331 0.00 0.00 0.00 0
85334 0.00 0.00 0.00 0
85337 0.00 0.00 0.00 0
85338 0.00 0.00 0.00 0
85341 0.00 0.00 0.00 0
85342 0.00 0.00 0.00 0
85345 0.00 0.00 0.00 0
85351 0.00 0.00 0.00 0
85352 0.00 0.00 0.00 0
85361 0.00 0.00 0.00 0
85362 0.00 0.00 0.00 0
85374 0.00 0.00 0.00 0
85387 0.00 0.00 0.00 0
85402 0.00 0.00 0.00 0
85403 0.00 0.00 0.00 0
85427 0.00 0.00 0.00 0
85428 0.00 0.00 0.00 0
85435 0.00 0.00 0.00 0
85436 0.00 0.00 0.00 0
85443 0.00 0.00 0.00 0
85444 0.00 0.00 0.00 0
85454 0.00 0.00 0.00 0
85455 0.00 0.00 0.00 0
85456 0.00 0.00 0.00 0
85457 0.00 0.00 0.00 0
85472 0.00 0.00 0.00 0
85473 0.00 0.00 0.00 0
85474 0.00 0.00 0.00 0
85475 0.00 0.00 0.00 0
86384 0.00 0.00 0.00 0
86385 0.00 0.00 0.00 0
86393 0.00 0.00 0.00 0
86394 0.00 0.00 0.00 0
86410 0.00 0.00 0.00 0
86411 0.00 0.00 0.00 0
86428 0.00 0.00 0.00 0
86429 0.00 0.00 0.00 0
86443 0.00 0.00 0.00 0
86444 0.00 0.00 0.00 0
86459 0.00 0.00 0.00 0
86460 0.00 0.00 0.00 0
86461 0.00 0.00 0.00 0
86474 0.00 0.00 0.00 0
86475 0.00 0.00 0.00 0
86476 0.00 0.00 0.00 0
86477 0.00 0.00 0.00 0
86478 0.00 0.00 0.00 0
86490 0.00 0.00 0.00 0
86491 0.00 0.00 0.00 0
86492 0.00 0.00 0.00 0
86493 0.00 0.00 0.00 0
86503 0.00 0.00 0.00 0
86504 0.00 0.00 0.00 0
86505 0.00 0.00 0.00 0
86514 0.00 0.00 0.00 0
86515 0.00 0.00 0.00 0
86516 0.00 0.00 0.00 0
86517 0.00 0.00 0.00 0
86523 0.00 0.00 0.00 0
86524 0.00 0.00 0.00 0
86525 0.00 0.00 0.00 0
86526 0.00 0.00 0.00 0
86529 0.00 0.00 0.00 0
86530 0.00 0.00 0.00 0
86531 0.00 0.00 0.00 0
86533 0.00 0.00 0.00 0
86534 0.00 0.00 0.00 0
86536 0.00 0.00 0.00 0
86537 0.00 0.00 0.00 0
86540 0.00 0.00 0.00 0
86541 0.00 0.00 0.00 0
86544 0.00 0.00 0.00 0
86545 0.00 0.00 0.00 0
86554 0.00 0.00 0.00 0
86567 0.00 0.00 0.00 0
86580 0.00 0.00 0.00 0
86592 0.00 0.00 0.00 0
86593 0.00 0.00 0.00 0
86615 0.00 0.00 0.00 0
86616 0.00 0.00 0.00 0
86625 0.00 0.00 0.00 0
86626 0.00 0.00 0.00 0
86634 0.00 0.00 0.00 0
86635 0.00 0.00 0.00 0
86643 0.00 0.00 0.00 0
86644 0.00 0.00 0.00 0
86645 0.00 0.00 0.00 0
86662 0.00 0.00 0.00 0
86663 0.00 0.00 0.00 0
86664 0.00 0.00 0.00 0
86665 0.00 0.00 0.00 0
87578 0.00 0.00 0.00 0
87579 0.00 0.00 0.00 0
87590 0.00 0.00 0.00 0
87591 0.00 0.00 0.00 0
87592 0.00 0.00 0.00 0
87593 0.00 0.00 0.00 0
87611 0.00 0.00 0.00 0
87612 0.00 0.00 0.00 0
87626 0.00 0.00 0.00 0
87627 0.00 0.00 0.00 0
87635 0.00 0.00 0.00 0
87636 0.00 0.00 0.00 0
87646 0.00 0.00 0.00 0
87659 0.00 0.00 0.00 0
87660 0.00 0.00 0.00 0
87673 0.00 0.00 0.00 0
87674 0.00 0.00 0.00 0
87675 0.00 0.00 0.00 0
87676 0.00 0.00 0.00 0
87677 0.00 0.00 0.00 0
87688 0.00 0.00 0.00 0
87689 0.00 0.00 0.00 0
87690 0.00 0.00 0.00 0
87691 0.00 0.00 0.00 0
87705 0.00 0.00 0.00 0
87706 0.00 0.00 0.00 0
87707 0.00 0.00 0.00 0
87708 0.00 0.00 0.00 0
87722 0.00 0.00 0.00 0
87723 0.00 0.00 0.00 0
87724 0.00 0.00 0.00 0
87727 0.00 0.00 0.00 0
87728 0.00 0.00 0.00 0
87729 0.00 0.00 0.00 0
87730 0.00 0.00 0.00 0
87732 0.00 0.00 0.00 0
87733 0.00 0.00 0.00 0
87734 0.00 0.00 0.00 0
87737 0.00 0.00 0.00 0
87738 0.00 0.00 0.00 0
87741 0.00 0.00 0.00 0
87742 0.00 0.00 0.00 0
87744 0.00 0.00 0.00 0
87745 0.00 0.00 0.00 0
87751 0.00 0.00 0.00 0
87762 0.00 0.00 0.00 0
87777 0.00 0.00 0.00 0
87778 0.00 0.00 0.00 0
87796 0.00 0.00 0.00 0
87797 0.00 0.00 0.00 0
87816 0.00 0.00 0.00 0
87822 0.00 0.00 0.00 0
87829 0.00 0.00 0.00 0
87830 0.00 0.00 0.00 0
87840 0.00 0.00 0.00 0
87841 0.00 0.00 0.00 0
87862 0.00 0.00 0.00 0
87863 0.00 0.00 0.00 0
87864 0.00 0.00 0.00 0
88751 0.00 0.00 0.00 0
88752 0.00 0.00 0.00 0
88753 0.00 0.00 0.00 0
88767 0.00 0.00 0.00 0
88768 0.00 0.00 0.00 0
88769 0.00 0.00 0.00 0
88781 0.00 0.00 0.00 0
88782 0.00 0.00 0.00 0
88794 0.00 0.00 0.00 0
88804 0.00 0.00 0.00 0
88815 0.00 0.00 0.00 0
88823 0.00 0.00 0.00 0
88824 0.00 0.00 0.00 0
88835 0.00 0.00 0.00 0
88836 0.00 0.00 0.00 0
88837 0.00 0.00 0.00 0
88838 0.00 0.00 0.00 0
88839 0.00 0.00 0.00 0
88853 0.00 0.00 0.00 0
88854 0.00 0.00 0.00 0
88855 0.00 0.00 0.00 0
88856 0.00 0.00 0.00 0
88857 0.00 0.00 0.00 0
88872 0.00 0.00 0.00 0
88873 0.00 0.00 0.00 0
88874 0.00 0.00 0.00 0
88875 0.00 0.00 0.00 0
88886 0.00 0.00 0.00 0
88887 0.00 0.00 0.00 0
88890 0.00 0.00 0.00 0
88891 0.00 0.00 0.00 0
88892 0.00 0.00 0.00 0
88895 0.00 0.00 0.00 0
88896 0.00 0.00 0.00 0
88898 0.00 0.00 0.00 0
88899 0.00 0.00 0.00 0
88901 0.00 0.00 0.00 0
88902 0.00 0.00 0.00 0
88905 0.00 0.00 0.00 0
88906 0.00 0.00 0.00 0
88919 0.00 0.00 0.00 0
88920 0.00 0.00 0.00 0
88942 0.00 0.00 0.00 0
88943 0.00 0.00 0.00 0
88964 0.00 0.00 0.00 0
88981 0.00 0.00 0.00 0
88988 0.00 0.00 0.00 0
88996 0.00 0.00 0.00 0
88997 0.00 0.00 0.00 0
89015 0.00 0.00 0.00 0
89016 0.00 0.00 0.00 0
89040 0.00 0.00 0.00 0
89041 0.00 0.00 0.00 0
89042 0.00 0.00 0.00 0
89043 0.00 0.00 0.00 0
90013 0.00 0.00 0.00 0
90014 0.00 0.00 0.00 0
90015 0.00 0.00 0.00 0
90028 0.00 0.00 0.00 0
90029 0.00 0.00 0.00 0
90030 0.00 0.00 0.00 0
90031 0.00 0.00 0.00 0
90046 0.00 0.00 0.00 0
90057 0.00 0.00 0.00 0
90068 0.00 0.00 0.00 0
90076 0.00 0.00 0.00 0
90085 0.00 0.00 0.00 0
90086 0.00 0.00 0.00 0
90096 0.00 0.00 0.00 0
90097 0.00 0.00 0.00 0
90098 0.00 0.00 0.00 0
90112 0.00 0.00 0.00 0
90113 0.00 0.00 0.00 0
90114 0.00 0.00 0.00 0
90115 0.00 0.00 0.00 0
90116 0.00 0.00 0.00 0
90130 0.00 0.00 0.00 0
90131 0.00 0.00 0.00 0
90132 0.00 0.00 0.00 0
90133 0.00 0.00 0.00 0
90136 0.00 0.00 0.00 0
90137 0.00 0.00 0.00 0
90138 0.00 0.00 0.00 0
90139 0.00 0.00 0.00 0
90141 0.00 0.00 0.00 0
90142 0.00 0.00 0.00 0
90143 0.00 0.00 0.00 0
90144 0.00 0.00 0.00 0
90145 0.00 0.00 0.00 0
90147 0.00 0.00 0.00 0
90148 0.00 0.00 0.00 0
90149 0.00 0.00 0.00 0
90150 0.00 0.00 0.00 0
90152 0.00 0.00 0.00 0
90153 0.00 0.00 0.00 0
90159 0.00 0.00 0.00 0
90176 0.00 0.00 0.00 0
90177 0.00 0.00 0.00 0
90198 0.00 0.00 0.00 0
90199 0.00 0.00 0.00 0
90217 0.00 0.00 0.00 0
90218 0.00 0.00 0.00 0
90226 0.00 0.00 0.00 0
90231 0.00 0.00 0.00 0
90244 0.00 0.00 0.00 0
90245 0.00 0.00 0.00 0
90267 0.00 0.00 0.00 0
90268 0.00 0.00 0.00 0
90283 0.00 0.00 0.00 0
90284 0.00 0.00 0.00 0
90285 0.00 0.00 0.00 0
90286 0.00 0.00 0.00 0
90300 0.00 0.00 0.00 0
91347 0.00 0.00 0.00 0
91348 0.00 0.00 0.00 0
91349 0.00 0.00 0.00 0
91350 0.00 0.00 0.00 0
91351 0.00 0.00 0.00 0
91365 0.00 0.00 0.00 0
91366 0.00 0.00 0.00 0
91385 0.00 0.00 0.00 0
91403 0.00 0.00 0.00 0
91414 0.00 0.00 0.00 0
91427 0.00 0.00 0.00 0
91441 0.00 0.00 0.00 0
91442 0.00 0.00 0.00 0
91454 0.00 0.00 0.00 0
91455 0.00 0.00 0.00 0
91456 0.00 0.00 0.00 0
91457 0.00 0.00 0.00 0
91469 0.00 0.00 0.00 0
91470 0.00 0.00 0.00 0
91471 0.00 0.00 0.00 0
91472 0.00 0.00 0.00 0
91473 0.00 0.00 0.00 0
91474 0.00 0.00 0.00 0
91482 0.00 0.00 0.00 0
91483 0.00 0.00 0.00 0
91484 0.00 0.00 0.00 0
91485 0.00 0.00 0.00 0
91487 0.00 0.00 0.00 0
91488 0.00 0.00 0.00 0
91489 0.00 0.00 0.00 0
91491 0.00 0.00 0.00 0
91492 0.00 0.00 0.00 0
91493 0.00 0.00 0.00 0
91494 0.00 0.00 0.00 0
91496 0.00 0.00 0.00 0
91497 0.00 0.00 0.00 0
91498 0.00 0.00 0.00 0
91504 0.00 0.00 0.00 0
91505 0.00 0.00 0.00 0
91518 0.00 0.00 0.00 0
91519 0.00 0.00 0.00 0
91535 0.00 0.00 0.00 0
91550 0.00 0.00 0.00 0
91551 0.00 0.00 0.00 0
91559 0.00 0.00 0.00 0
91565 0.00 0.00 0.00 0
91585 0.00 0.00 0.00 0
91586 0.00 0.00 0.00 0
91603 0.00 0.00 0.00 0
91604 0.00 0.00 0.00 0
91612 0.00 0.00 0.00 0
91613 0.00 0.00 0.00 0
91614 0.00 0.00 0.00 0
91625 0.00 0.00 0.00 0
92549 0.00 0.00 0.00 0
92550 0.00 0.00 0.00 0
92558 0.00 0.00 0.00 0
92559 0.00 0.00 0.00 0
92560 0.00 0.00 0.00 0
92567 0.00 0.00 0.00 0
92568 0.00 0.00 0.00 0
92582 0.00 0.00 0.00 0
92601 0.00 0.00 0.00 0
92618 0.00 0.00 0.00 0
92632 0.00 0.00 0.00 0
92641 0.00 0.00 0.00 0
92650 0.00 0.00 0.00 0
92651 0.00 0.00 0.00 0
92659 0.00 0.00 0.00 0
92660 0.00 0.00 0.00 0
92661 0.00 0.00 0.00 0
92668 0.00 0.00 0.00 0
92669 0.00 0.00 0.00 0
92670 0.00 0.00 0.00 0
92671 0.00 0.00 0.00 0
92672 0.00 0.00 0.00 0
92678 0.00 0.00 0.00 0
92679 0.00 0.00 0.00 0
92681 0.00 0.00 0.00 0
92682 0.00 0.00 0.00 0
92683 0.00 0.00 0.00 0
92684 0.00 0.00 0.00 0
92686 0.00 0.00 0.00 0
92687 0.00 0.00 0.00 0
92688 0.00 0.00 0.00 0
92695 0.00 0.00 0.00 0
92696 0.00 0.00 0.00 0
92708 0.00 0.00 0.00 0
92709 0.00 0.00 0.00 0
92724 0.00 0.00 0.00 0
92725 0.00 0.00 0.00 0
92742 0.00 0.00 0.00 0
92743 0.00 0.00 0.00 0
92751 0.00 0.00 0.00 0
92752 0.00 0.00 0.00 0
92757 0.00 0.00 0.00 0
92777 0.00 0.00 0.00 0
92778 0.00 0.00 0.00 0
92787 0.00 0.00 0.00 0
92788 0.00 0.00 0.00 0
92796 0.00 0.00 0.00 0
92797 0.00 0.00 0.00 0
92798 0.00 0.00 0.00 0
92799 0.00 0.00 0.00 0
92809 0.00 0.00 0.00 0
93638 0.00 0.00 0.00 0
93639 0.00 0.00 0.00 0
93653 0.00 0.00 0.00 0
93654 0.00 0.00 0.00 0
93655 0.00 0.00 0.00 0
93675 0.00 0.00 0.00 0
93676 0.00 0.00 0.00 0
93677 0.00 0.00 0.00 0
93693 0.00 0.00 0.00 0
93694 0.00 0.00 0.00 0
93695 0.00 0.00 0.00 0
93711 0.00 0.00 0.00 0
93712 0.00 0.00 0.00 0
93728 0.00 0.00 0.00 0
93729 0.00 0.00 0.00 0
93748 0.00 0.00 0.00 0
93749 0.00 0.00 0.00 0
93769 0.00 0.00 0.00 0
93770 0.00 0.00 0.00 0
93787 0.00 0.00 0.00 0
93801 0.00 0.00 0.00 0
93813 0.00 0.00 0.00 0
93814 0.00 0.00 0.00 0
93822 0.00 0.00 0.00 0
93823 0.00 0.00 0.00 0
93831 0.00 0.00 0.00 0
93832 0.00 0.00 0.00 0
93833 0.00 0.00 0.00 0
93834 0.00 0.00 0.00 0
93835 0.00 0.00 0.00 0
93843 0.00 0.00 0.00 0
93844 0.00 0.00 0.00 0
93845 0.00 0.00 0.00 0
93846 0.00 0.00 0.00 0
93849 0.00 0.00 0.00 0
93850 0.00 0.00 0.00 0
93851 0.00 0.00 0.00 0
93854 0.00 0.00 0.00 0
93855 0.00 0.00 0.00 0
93856 0.00 0.00 0.00 0
93857 0.00 0.00 0.00 0
93864 0.00 0.00 0.00 0
93865 0.00 0.00 0.00 0
93873 0.00 0.00 0.00 0
93874 0.00 0.00 0.00 0
93888 0.00 0.00 0.00 0
93889 0.00 0.00 0.00 0
93890 0.00 0.00 0.00 0
93906 0.00 0.00 0.00 0
93907 0.00 0.00 0.00 0
93908 0.00 0.00 0.00 0
93915 0.00 0.00 0.00 0
93916 0.00 0.00 0.00 0
93922 0.00 0.00 0.00 0
93942 0.00 0.00 0.00 0
93943 0.00 0.00 0.00 0
93953 0.00 0.00 0.00 0
93954 0.00 0.00 0.00 0
93963 0.00 0.00 0.00 0
93964 0.00 0.00 0.00 0
93965 0.00 0.00 0.00 0
93966 0.00 0.00 0.00 0
93973 0.00 0.00 0.00 0
93985 0.00 0.00 0.00 0
94779 0.00 0.00 0.00 0
94780 0.00 0.00 0.00 0
94781 0.00 0.00 0.00 0
94795 0.00 0.00 0.00 0
94796 0.00 0.00 0.00 0
94797 0.00 0.00 0.00 0
94813 0.00 0.00 0.00 0
94814 0.00 0.00 0.00 0
94829 0.00 0.00 0.00 0
94830 0.00 0.00 0.00 0
94844 0.00 0.00 0.00 0
94857 0.00 0.00 0.00 0
94872 0.00 0.00 0.00 0
94890 0.00 0.00 0.00 0
94891 0.00 0.00 0.00 0
94912 0.00 0.00 0.00 0
94913 0.00 0.00 0.00 0
94929 0.00 0.00 0.00 0
94930 0.00 0.00 0.00 0
94941 0.00 0.00 0.00 0
94942 0.00 0.00 0.00 0
94949 0.00 0.00 0.00 0
94950 0.00 0.00 0.00 0
94957 0.00 0.00 0.00 0
94958 0.00 0.00 0.00 0
94964 0.00 0.00 0.00 0
94965 0.00 0.00 0.00 0
94966 0.00 0.00 0.00 0
94967 0.00 0.00 0.00 0
94968 0.00 0.00 0.00 0
94970 0.00 0.00 0.00 0
94971 0.00 0.00 0.00 0
94972 0.00 0.00 0.00 0
94973 0.00 0.00 0.00 0
94975 0.00 0.00 0.00 0
94976 0.00 0.00 0.00 0
94977 0.00 0.00 0.00 0
94984 0.00 0.00 0.00 0
94985 0.00 0.00 0.00 0
94986 0.00 0.00 0.00 0
94995 0.00 0.00 0.00 0
94996 0.00 0.00 0.00 0
94997 0.00 0.00 0.00 0
95012 0.00 0.00 0.00 0
95013 0.00 0.00 0.00 0
95014 0.00 0.00 0.00 0
95015 0.00 0.00 0.00 0
95035 0.00 0.00 0.00 0
95036 0.00 0.00 0.00 0
95037 0.00 0.00 0.00 0
95042 0.00 0.00 0.00 0
95043 0.00 0.00 0.00 0
95048 0.00 0.00 0.00 0
95049 0.00 0.00 0.00 0
95068 0.00 0.00 0.00 0
95069 0.00 0.00 0.00 0
95079 0.00 0.00 0.00 0
95080 0.00 0.00 0.00 0
95087 0.00 0.00 0.00 0
95088 0.00 0.00 0.00 0
95089 0.00 0.00 0.00 0
95090 0.00 0.00 0.00 0
95096 0.00 0.00 0.00 0
95097 0.00 0.00 0.00 0
95098 0.00 0.00 0.00 0
95099 0.00 0.00 0.00 0
95110 0.00 0.00 0.00 0
95111 0.00 0.00 0.00 0
95906 0.00 0.00 0.00 0
95907 0.00 0.00 0.00 0
95908 0.00 0.00 0.00 0
95923 0.00 0.00 0.00 0
95924 0.00 0.00 0.00 0
95925 0.00 0.00 0.00 0
95940 0.00 0.00 0.00 0
95941 0.00 0.00 0.00 0
95953 0.00 0.00 0.00 0
95954 0.00 0.00 0.00 0
95955 0.00 0.00 0.00 0
95967 0.00 0.00 0.00 0
95968 0.00 0.00 0.00 0
95980 0.00 0.00 0.00 0
95981 0.00 0.00 0.00 0
95992 0.00 0.00 0.00 0
95993 0.00 0.00 0.00 0
96006 0.00 0.00 0.00 0
96007 0.00 0.00 0.00 0
96017 0.00 0.00 0.00 0
96018 0.00 0.00 0.00 0
96034 0.00 0.00 0.00 0
96035 0.00 0.00 0.00 0
96048 0.00 0.00 0.00 0
96049 0.00 0.00 0.00 0
96060 0.00 0.00 0.00 0
96061 0.00 0.00 0.00 0
96069 0.00 0.00 0.00 0
96070 0.00 0.00 0.00 0
96076 0.00 0.00 0.00 0
96082 0.00 0.00 0.00 0
96083 0.00 0.00 0.00 0
96085 0.00 0.00 0.00 0
96086 0.00 0.00 0.00 0
96087 0.00 0.00 0.00 0
96088 0.00 0.00 0.00 0
96090 0.00 0.00 0.00 0
96091 0.00 0.00 0.00 0
96098 0.00 0.00 0.00 0
96106 0.00 0.00 0.00 0
96107 0.00 0.00 0.00 0
96108 0.00 0.00 0.00 0
96118 0.00 0.00 0.00 0
96119 0.00 0.00 0.00 0
96120 0.00 0.00 0.00 0
96121 0.00 0.00 0.00 0
96122 0.00 0.00 0.00 0
96123 0.00 0.00 0.00 0
96141 0.00 0.00 0.00 0
96142 0.00 0.00 0.00 0
96143 0.00 0.00 0.00 0
96144 0.00 0.00 0.00 0
96145 0.00 0.00 0.00 0
96146 0.00 0.00 0.00 0
96150 0.00 0.00 0.00 0
96155 0.00 0.00 0.00 0
96174 0.00 0.00 0.00 0
96175 0.00 0.00 0.00 0
96185 0.00 0.00 0.00 0
96186 0.00 0.00 0.00 0
96193 0.00 0.00 0.00 0
96194 0.00 0.00 0.00 0
96195 0.00 0.00 0.00 0
96201 0.00 0.00 0.00 0
96202 0.00 0.00 0.00 0
96203 0.00 0.00 0.00 0
96204 0.00 0.00 0.00 0
96213 0.00 0.00 0.00 0
96214 0.00 0.00 0.00 0
96215 0.00 0.00 0.00 0
96224 0.00 0.00 0.00 0
96992 0.00 0.00 0.00 0
96993 0.00 0.00 0.00 0
96994 0.00 0.00 0.00 0
97005 0.00 0.00 0.00 0
97006 0.00 0.00 0.00 0
97020 0.00 0.00 0.00 0
97033 0.00 0.00 0.00 0
97034 0.00 0.00 0.00 0
97035 0.00 0.00 0.00 0
97046 0.00 0.00 0.00 0
97047 0.00 0.00 0.00 0
97048 0.00 0.00 0.00 0
97049 0.00 0.00 0.00 0
97060 0.00 0.00 0.00 0
97061 0.00 0.00 0.00 0
97070 0.00 0.00 0.00 0
97080 0.00 0.00 0.00 0
97081 0.00 0.00 0.00 0
97088 0.00 0.00 0.00 0
97089 0.00 0.00 0.00 0
97098 0.00 0.00 0.00 0
97099 0.00 0.00 0.00 0
97113 0.00 0.00 0.00 0
97114 0.00 0.00 0.00 0
97127 0.00 0.00 0.00 0
97128 0.00 0.00 0.00 0
97138 0.00 0.00 0.00 0
97139 0.00 0.00 0.00 0
97145 0.00 0.00 0.00 0
97151 0.00 0.00 0.00 0
97153 0.00 0.00 0.00 0
97154 0.00 0.00 0.00 0
97155 0.00 0.00 0.00 0
97157 0.00 0.00 0.00 0
97158 0.00 0.00 0.00 0
97159 0.00 0.00 0.00 0
97166 0.00 0.00 0.00 0
97167 0.00 0.00 0.00 0
97175 0.00 0.00 0.00 0
97176 0.00 0.00 0.00 0
97177 0.00 0.00 0.00 0
97178 0.00 0.00 0.00 0
97185 0.00 0.00 0.00 0
97186 0.00 0.00 0.00 0
97187 0.00 0.00 0.00 0
97188 0.00 0.00 0.00 0
97189 0.00 0.00 0.00 0
97206 0.00 0.00 0.00 0
97207 0.00 0.00 0.00 0
97208 0.00 0.00 0.00 0
97209 0.00 0.00 0.00 0
97210 0.00 0.00 0.00 0
97211 0.00 0.00 0.00 0
97217 0.00 0.00 0.00 0
97218 0.00 0.00 0.00 0
97225 0.00 0.00 0.00 0
97226 0.00 0.00 0.00 0
97245 0.00 0.00 0.00 0
97246 0.00 0.00 0.00 0
97256 0.00 0.00 0.00 0
97257 0.00 0.00 0.00 0
97264 0.00 0.00 0.00 0
97271 0.00 0.00 0.00 0
97272 0.00 0.00 0.00 0
97273 0.00 0.00 0.00 0
97274 0.00 0.00 0.00 0
97283 0.00 0.00 0.00 0
97284 0.00 0.00 0.00 0
97285 0.00 0.00 0.00 0
97295 0.00 0.00 0.00 0
98049 0.00 0.00 0.00 0
98050 0.00 0.00 0.00 0
98051 0.00 0.00 0.00 0
98058 0.00 0.00 0.00 0
98059 0.00 0.00 0.00 0
98067 0.00 0.00 0.00 0
98068 0.00 0.00 0.00 0
98075 0.00 0.00 0.00 0
98076 0.00 0.00 0.00 0
98084 0.00 0.00 0.00 0
98085 0.00 0.00 0.00 0
98086 0.00 0.00 0.00 0
98093 0.00 0.00 0.00 0
98094 0.00 0.00 0.00 0
98095 0.00 0.00 0.00 0
98101 0.00 0.00 0.00 0
98102 0.00 0.00 0.00 0
98103 0.00 0.00 0.00 0
98104 0.00 0.00 0.00 0
98111 0.00 0.00 0.00 0
98112 0.00 0.00 0.00 0
98113 0.00 0.00 0.00 0
98114 0.00 0.00 0.00 0
98120 0.00 0.00 0.00 0
98121 0.00 0.00 0.00 0
98122 0.00 0.00 0.00 0
98123 0.00 0.00 0.00 0
98129 0.00 0.00 0.00 0
98130 0.00 0.00 0.00 0
98131 0.00 0.00 0.00 0
98132 0.00 0.00 0.00 0
98143 0.00 0.00 0.00 0
98144 0.00 0.00 0.00 0
98145 0.00 0.00 0.00 0
98146 0.00 0.00 0.00 0
98147 0.00 0.00 0.00 0
98160 0.00 0.00 0.00 0
98161 0.00 0.00 0.00 0
98173 0.00 0.00 0.00 0
98180 0.00 0.00 0.00 0
98187 0.00 0.00 0.00 0
98189 0.00 0.00 0.00 0
98190 0.00 0.00 0.00 0
98193 0.00 0.00 0.00 0
98194 0.00 0.00 0.00 0
98201 0.00 0.00 0.00 0
98202 0.00 0.00 0.00 0
98208 0.00 0.00 0.00 0
98209 0.00 0.00 0.00 0
98216 0.00 0.00 0.00 0
98217 0.00 0.00 0.00 0
98233 0.00 0.00 0.00 0
98234 0.00 0.00 0.00 0
98235 0.00 0.00 0.00 0
98241 0.00 0.00 0.00 0
98250 0.00 0.00 0.00 0
98251 0.00 0.00 0.00 0
98268 0.00 0.00 0.00 0
98277 0.00 0.00 0.00 0
98283 0.00 0.00 0.00 0
98292 0.00 0.00 0.00 0
98293 0.00 0.00 0.00 0
98294 0.00 0.00 0.00 0
98304 0.00 0.00 0.00 0
98305 0.00 0.00 0.00 0
98306 0.00 0.00 0.00 0
98313 0.00 0.00 0.00 0
98314 0.00 0.00 0.00 0
98315 0.00 0.00 0.00 0
99117 0.00 0.00 0.00 0
99118 0.00 0.00 0.00 0
99125 0.00 0.00 0.00 0
99126 0.00 0.00 0.00 0
99133 0.00 0.00 0.00 0
99134 0.00 0.00 0.00 0
99141 0.00 0.00 0.00 0
99142 0.00 0.00 0.00 0
99143 0.00 0.00 0.00 0
99151 0.00 0.00 0.00 0
99152 0.00 0.00 0.00 0
99153 0.00 0.00 0.00 0
99160 0.00 0.00 0.00 0
99161 0.00 0.00 0.00 0
99168 0.00 0.00 0.00 0
99169 0.00 0.00 0.00 0
99178 0.00 0.00 0.00 0
99179 0.00 0.00 0.00 0
99186 0.00 0.00 0.00 0
99187 0.00 0.00 0.00 0
99192 0.00 0.00 0.00 0
99198 0.00 0.00 0.00 0
99199 0.00 0.00 0.00 0
99200 0.00 0.00 0.00 0
99201 0.00 0.00 0.00 0
99202 0.00 0.00 0.00 0
99217 0.00 0.00 0.00 0
99218 0.00 0.00 0.00 0
99219 0.00 0.00 0.00 0
99220 0.00 0.00 0.00 0
99221 0.00 0.00 0.00 0
99222 0.00 0.00 0.00 0
99237 0.00 0.00 0.00 0
99238 0.00 0.00 0.00 0
99239 0.00 0.00 0.00 0
99240 0.00 0.00 0.00 0
99241 0.00 0.00 0.00 0
99242 0.00 0.00 0.00 0
99253 0.00 0.00 0.00 0
99254 0.00 0.00 0.00 0
99262 0.00 0.00 0.00 0
99263 0.00 0.00 0.00 0
99266 0.00 0.00 0.00 0
99267 0.00 0.00 0.00 0
99270 0.00 0.00 0.00 0
99276 0.00 0.00 0.00 0
99277 0.00 0.00 0.00 0
99284 0.00 0.00 0.00 0
99285 0.00 0.00 0.00 0
99293 0.00 0.00 0.00 0
99294 0.00 0.00 0.00 0
99307 0.00 0.00 0.00 0
99308 0.00 0.00 0.00 0
99309 0.00 0.00 0.00 0
99322 0.00 0.00 0.00 0
99337 0.00 0.00 0.00 0
99338 0.00 0.00 0.00 0
99346 0.00 0.00 0.00 0
99347 0.00 0.00 0.00 0
99354 0.00 0.00 0.00 0
99355 0.00 0.00 0.00 0
99356 0.00 0.00 0.00 0
99365 0.00 0.00 0.00 0
99366 0.00 0.00 0.00 0
99367 0.00 0.00 0.00 0
99379 0.00 0.00 0.00 0
99380 0.00 0.00 0.00 0
99391 0.00 0.00 0.00 0
99392 0.00 0.00 0.00 0
99393 0.00 0.00 0.00 0
99408 0.00 0.00 0.00 0
100162 0.00 0.00 0.00 0
100171 0.00 0.00 0.00 0
100172 0.00 0.00 0.00 0
100180 0.00 0.00 0.00 0
100181 0.00 0.00 0.00 0
100188 0.00 0.00 0.00 0
100189 0.00 0.00 0.00 0
100195 0.00 0.00 0.00 0
100196 0.00 0.00 0.00 0
100197 0.00 0.00 0.00 0
100204 0.00 0.00 0.00 0
100205 0.00 0.00 0.00 0
100206 0.00 0.00 0.00 0
100207 0.00 0.00 0.00 0
100213 0.00 0.00 0.00 0
100214 0.00 0.00 0.00 0
100215 0.00 0.00 0.00 0
100223 0.00 0.00 0.00 0
100224 0.00 0.00 0.00 0
100225 0.00 0.00 0.00 0
100226 0.00 0.00 0.00 0
100235 0.00 0.00 0.00 0
100236 0.00 0.00 0.00 0
100237 0.00 0.00 0.00 0
100238 0.00 0.00 0.00 0
100245 0.00 0.00 0.00 0
100246 0.00 0.00 0.00 0
100247 0.00 0.00 0.00 0
100256 0.00 0.00 0.00 0
100257 0.00 0.00 0.00 0
100258 0.00 0.00 0.00 0
100275 0.00 0.00 0.00 0
100276 0.00 0.00 0.00 0
100277 0.00 0.00 0.00 0
100278 0.00 0.00 0.00 0
100294 0.00 0.00 0.00 0
100295 0.00 0.00 0.00 0
100296 0.00 0.00 0.00 0
100297 0.00 0.00 0.00 0
100298 0.00 0.00 0.00 0
100299 0.00 0.00 0.00 0
100308 0.00 0.00 0.00 0
100309 0.00 0.00 0.00 0
100310 0.00 0.00 0.00 0
100311 0.00 0.00 0.00 0
100312 0.00 0.00 0.00 0
100313 0.00 0.00 0.00 0
100319 0.00 0.00 0.00 0
100320 0.00 0.00 0.00 0
100322 0.00 0.00 0.00 0
100323 0.00 0.00 0.00 0
100325 0.00 0.00 0.00 0
100327 0.00 0.00 0.00 0
100328 0.00 0.00 0.00 0
100334 0.00 0.00 0.00 0
100335 0.00 0.00 0.00 0
100342 0.00 0.00 0.00 0
100352 0.00 0.00 0.00 0
100353 0.00 0.00 0.00 0
100354 0.00 0.00 0.00 0
100359 0.00 0.00 0.00 0
100360 0.00 0.00 0.00 0
100361 0.00 0.00 0.00 0
100369 0.00 0.00 0.00 0
100370 0.00 0.00 0.00 0
100371 0.00 0.00 0.00 0
100386 0.00 0.00 0.00 0
100410 0.00 0.00 0.00 0
100411 0.00 0.00 0.00 0
100423 0.00 0.00 0.00 0
100424 0.00 0.00 0.00 0
100438 0.00 0.00 0.00 0
100439 0.00 0.00 0.00 0
100440 0.00 0.00 0.00 0
100456 0.00 0.00 0.00 0
101215 0.00 0.00 0.00 0
101227 0.00 0.00 0.00 0
101228 0.00 0.00 0.00 0
101229 0.00 0.00 0.00 0
101237 0.00 0.00 0.00 0
101238 0.00 0.00 0.00 0
101246 0.00 0.00 0.00 0
101253 0.00 0.00 0.00 0
101261 0.00 0.00 0.00 0
101262 0.00 0.00 0.00 0
101268 0.00 0.00 0.00 0
101269 0.00 0.00 0.00 0
101276 0.00 0.00 0.00 0
101277 0.00 0.00 0.00 0
101287 0.00 0.00 0.00 0
101288 0.00 0.00 0.00 0
101289 0.00 0.00 0.00 0
101297 0.00 0.00 0.00 0
101298 0.00 0.00 0.00 0
101299 0.00 0.00 0.00 0
101308 0.00 0.00 0.00 0
101309 0.00 0.00 0.00 0
101310 0.00 0.00 0.00 0
101311 0.00 0.00 0.00 0
101325 0.00 0.00 0.00 0
101326 0.00 0.00 0.00 0
101327 0.00 0.00 0.00 0
101328 0.00 0.00 0.00 0
101343 0.00 0.00 0.00 0
101344 0.00 0.00 0.00 0
101345 0.00 0.00 0.00 0
101346 0.00 0.00 0.00 0
101347 0.00 0.00 0.00 0
101354 0.00 0.00 0.00 0
101355 0.00 0.00 0.00 0
101356 0.00 0.00 0.00 0
101357 0.00 0.00 0.00 0
101358 0.00 0.00 0.00 0
101359 0.00 0.00 0.00 0
101365 0.00 0.00 0.00 0
101366 0.00 0.00 0.00 0
101367 0.00 0.00 0.00 0
101368 0.00 0.00 0.00 0
101370 0.00 0.00 0.00 0
101372 0.00 0.00 0.00 0
101374 0.00 0.00 0.00 0
101375 0.00 0.00 0.00 0
101380 0.00 0.00 0.00 0
101381 0.00 0.00 0.00 0
101389 0.00 0.00 0.00 0
101390 0.00 0.00 0.00 0
101391 0.00 0.00 0.00 0
101402 0.00 0.00 0.00 0
101403 0.00 0.00 0.00 0
101404 0.00 0.00 0.00 0
101410 0.00 0.00 0.00 0
101411 0.00 0.00 0.00 0
101412 0.00 0.00 0.00 0
101413 0.00 0.00 0.00 0
101414 0.00 0.00 0.00 0
101458 0.00 0.00 0.00 0
101471 0.00 0.00 0.00 0
101472 0.00 0.00 0.00 0
101491 0.00 0.00 0.00 0
101492 0.00 0.00 0.00 0
101516 0.00 0.00 0.00 0
102367 0.00 0.00 0.00 0
102368 0.00 0.00 0.00 0
102369 0.00 0.00 0.00 0
102385 0.00 0.00 0.00 0
102386 0.00 0.00 0.00 0
102397 0.00 0.00 0.00 0
102398 0.00 0.00 0.00 0
102407 0.00 0.00 0.00 0
102408 0.00 0.00 0.00 0
102419 0.00 0.00 0.00 0
102420 0.00 0.00 0.00 0
102430 0.00 0.00 0.00 0
102431 0.00 0.00 0.00 0
102442 0.00 0.00 0.00 0
102443 0.00 0.00 0.00 0
102454 0.00 0.00 0.00 0
102455 0.00 0.00 0.00 0
102467 0.00 0.00 0.00 0
102468 0.00 0.00 0.00 0
102479 0.00 0.00 0.00 0
102480 0.00 0.00 0.00 0
102481 0.00 0.00 0.00 0
102495 0.00 0.00 0.00 0
102496 0.00 0.00 0.00 0
102497 0.00 0.00 0.00 0
102509 0.00 0.00 0.00 0
102510 0.00 0.00 0.00 0
102511 0.00 0.00 0.00 0
102517 0.00 0.00 0.00 0
102518 0.00 0.00 0.00 0
102519 0.00 0.00 0.00 0
102520 0.00 0.00 0.00 0
102521 0.00 0.00 0.00 0
102523 0.00 0.00 0.00 0
102524 0.00 0.00 0.00 0
102525 0.00 0.00 0.00 0
102526 0.00 0.00 0.00 0
102527 0.00 0.00 0.00 0
102528 0.00 0.00 0.00 0
102530 0.00 0.00 0.00 0
102532 0.00 0.00 0.00 0
102534 0.00 0.00 0.00 0
102535 0.00 0.00 0.00 0
102540 0.00 0.00 0.00 0
102541 0.00 0.00 0.00 0
102548 0.00 0.00 0.00 0
102549 0.00 0.00 0.00 0
102550 0.00 0.00 0.00 0
102551 0.00 0.00 0.00 0
102552 0.00 0.00 0.00 0
102553 0.00 0.00 0.00 0
102564 0.00 0.00 0.00 0
102565 0.00 0.00 0.00 0
102566 0.00 0.00 0.00 0
102567 0.00 0.00 0.00 0
102568 0.00 0.00 0.00 0
102577 0.00 0.00 0.00 0
102578 0.00 0.00 0.00 0
102579 0.00 0.00 0.00 0
102580 0.00 0.00 0.00 0
102607 0.00 0.00 0.00 0
102613 0.00 0.00 0.00 0
102626 0.00 0.00 0.00 0
102649 0.00 0.00 0.00 0
102650 0.00 0.00 0.00 0
102678 0.00 0.00 0.00 0
102679 0.00 0.00 0.00 0
102701 0.00 0.00 0.00 0
103506 0.00 0.00 0.00 0
103507 0.00 0.00 0.00 0
103521 0.00 0.00 0.00 0
103522 0.00 0.00 0.00 0
103523 0.00 0.00 0.00 0
103537 0.00 0.00 0.00 0
103543 0.00 0.00 0.00 0
103550 0.00 0.00 0.00 0
103551 0.00 0.00 0.00 0
103556 0.00 0.00 0.00 0
103557 0.00 0.00 0.00 0
103565 0.00 0.00 0.00 0
103566 0.00 0.00 0.00 0
103575 0.00 0.00 0.00 0
103576 0.00 0.00 0.00 0
103591 0.00 0.00 0.00 0
103592 0.00 0.00 0.00 0
103607 0.00 0.00 0.00 0
103608 0.00 0.00 0.00 0
103623 0.00 0.00 0.00 0
103624 0.00 0.00 0.00 0
103625 0.00 0.00 0.00 0
103637 0.00 0.00 0.00 0
103638 0.00 0.00 0.00 0
103639 0.00 0.00 0.00 0
103640 0.00 0.00 0.00 0
103646 0.00 0.00 0.00 0
103647 0.00 0.00 0.00 0
103649 0.00 0.00 0.00 0
103650 0.00 0.00 0.00 0
103651 0.00 0.00 0.00 0
103652 0.00 0.00 0.00 0
103653 0.00 0.00 0.00 0
103654 0.00 0.00 0.00 0
103656 0.00 0.00 0.00 0
103657 0.00 0.00 0.00 0
103658 0.00 0.00 0.00 0
103659 0.00 0.00 0.00 0
103661 0.00 0.00 0.00 0
103665 0.00 0.00 0.00 0
103670 0.00 0.00 0.00 0
103675 0.00 0.00 0.00 0
103676 0.00 0.00 0.00 0
103677 0.00 0.00 0.00 0
103689 0.00 0.00 0.00 0
103690 0.00 0.00 0.00 0
103691 0.00 0.00 0.00 0
103703 0.00 0.00 0.00 0
103704 0.00 0.00 0.00 0
103705 0.00 0.00 0.00 0
103711 0.00 0.00 0.00 0
103737 0.00 0.00 0.00 0
103747 0.00 0.00 0.00 0
103761 0.00 0.00 0.00 0
103781 0.00 0.00 0.00 0
103782 0.00 0.00 0.00 0
103800 0.00 0.00 0.00 0
103801 0.00 0.00 0.00 0
103802 0.00 0.00 0.00 0
103829 0.00 0.00 0.00 0
104622 0.00 0.00 0.00 0
104630 0.00 0.00 0.00 0
104631 0.00 0.00 0.00 0
104632 0.00 0.00 0.00 0
104648 0.00 0.00 0.00 0
104663 0.00 0.00 0.00 0
104672 0.00 0.00 0.00 0
104673 0.00 0.00 0.00 0
104681 0.00 0.00 0.00 0
104682 0.00 0.00 0.00 0
104692 0.00 0.00 0.00 0
104693 0.00 0.00 0.00 0
104702 0.00 0.00 0.00 0
104711 0.00 0.00 0.00 0
104712 0.00 0.00 0.00 0
104722 0.00 0.00 0.00 0
104723 0.00 0.00 0.00 0
104733 0.00 0.00 0.00 0
104734 0.00 0.00 0.00 0
104740 0.00 0.00 0.00 0
104741 0.00 0.00 0.00 0
104742 0.00 0.00 0.00 0
104746 0.00 0.00 0.00 0
104747 0.00 0.00 0.00 0
104749 0.00 0.00 0.00 0
104750 0.00 0.00 0.00 0
104751 0.00 0.00 0.00 0
104754 0.00 0.00 0.00 0
104755 0.00 0.00 0.00 0
104756 0.00 0.00 0.00 0
104757 0.00 0.00 0.00 0
104758 0.00 0.00 0.00 0
104763 0.00 0.00 0.00 0
104764 0.00 0.00 0.00 0
104770 0.00 0.00 0.00 0
104776 0.00 0.00 0.00 0
104777 0.00 0.00 0.00 0
104783 0.00 0.00 0.00 0
104784 0.00 0.00 0.00 0
104800 0.00 0.00 0.00 0
104801 0.00 0.00 0.00 0
104802 0.00 0.00 0.00 0
104815 0.00 0.00 0.00 0
104816 0.00 0.00 0.00 0
104820 0.00 0.00 0.00 0
104821 0.00 0.00 0.00 0
104853 0.00 0.00 0.00 0
104869 0.00 0.00 0.00 0
104870 0.00 0.00 0.00 0
104890 0.00 0.00 0.00 0
104891 0.00 0.00 0.00 0
104915 0.00 0.00 0.00 0
104916 0.00 0.00 0.00 0
104938 0.00 0.00 0.00 0
104939 0.00 0.00 0.00 0
104940 0.00 0.00 0.00 0
104966 0.00 0.00 0.00 0
105738 0.00 0.00 0.00 0
105739 0.00 0.00 0.00 0
105740 0.00 0.00 0.00 0
105756 0.00 0.00 0.00 0
105772 0.00 0.00 0.00 0
105789 0.00 0.00 0.00 0
105790 0.00 0.00 0.00 0
105802 0.00 0.00 0.00 0
105803 0.00 0.00 0.00 0
105811 0.00 0.00 0.00 0
105812 0.00 0.00 0.00 0
105819 0.00 0.00 0.00 0
105828 0.00 0.00 0.00 0
105829 0.00 0.00 0.00 0
105838 0.00 0.00 0.00 0
105839 0.00 0.00 0.00 0
105847 0.00 0.00 0.00 0
105848 0.00 0.00 0.00 0
105849 0.00 0.00 0.00 0
105856 0.00 0.00 0.00 0
105857 0.00 0.00 0.00 0
105858 0.00 0.00 0.00 0
105859 0.00 0.00 0.00 0
105864 0.00 0.00 0.00 0
105865 0.00 0.00 0.00 0
105866 0.00 0.00 0.00 0
105869 0.00 0.00 0.00 0
105870 0.00 0.00 0.00 0
105873 0.00 0.00 0.00 0
105874 0.00 0.00 0.00 0
105875 0.00 0.00 0.00 0
105876 0.00 0.00 0.00 0
105877 0.00 0.00 0.00 0
105881 0.00 0.00 0.00 0
105882 0.00 0.00 0.00 0
105888 0.00 0.00 0.00 0
105893 0.00 0.00 0.00 0
105894 0.00 0.00 0.00 0
105902 0.00 0.00 0.00 0
105903 0.00 0.00 0.00 0
105915 0.00 0.00 0.00 0
105916 0.00 0.00 0.00 0
105924 0.00 0.00 0.00 0
105933 0.00 0.00 0.00 0
105963 0.00 0.00 0.00 0
105964 0.00 0.00 0.00 0
105977 0.00 0.00 0.00 0
105978 0.00 0.00 0.00 0
105996 0.00 0.00 0.00 0
106019 0.00 0.00 0.00 0
106041 0.00 0.00 0.00 0
106042 0.00 0.00 0.00 0
106063 0.00 0.00 0.00 0
106064 0.00 0.00 0.00 0
106837 0.00 0.00 0.00 0
106838 0.00 0.00 0.00 0
106839 0.00 0.00 0.00 0
106853 0.00 0.00 0.00 0
106854 0.00 0.00 0.00 0
106855 0.00 0.00 0.00 0
106868 0.00 0.00 0.00 0
106869 0.00 0.00 0.00 0
106884 0.00 0.00 0.00 0
106885 0.00 0.00 0.00 0
106898 0.00 0.00 0.00 0
106914 0.00 0.00 0.00 0
106915 0.00 0.00 0.00 0
106928 0.00 0.00 0.00 0
106929 0.00 0.00 0.00 0
106942 0.00 0.00 0.00 0
106943 0.00 0.00 0.00 0
106951 0.00 0.00 0.00 0
106952 0.00 0.00 0.00 0
106957 0.00 0.00 0.00 0
106958 0.00 0.00 0.00 0
106962 0.00 0.00 0.00 0
106963 0.00 0.00 0.00 0
106966 0.00 0.00 0.00 0
106967 0.00 0.00 0.00 0
106968 0.00 0.00 0.00 0
106973 0.00 0.00 0.00 0
106974 0.00 0.00 0.00 0
106975 0.00 0.00 0.00 0
106976 0.00 0.00 0.00 0
106979 0.00 0.00 0.00 0
106982 0.00 0.00 0.00 0
106983 0.00 0.00 0.00 0
106984 0.00 0.00 0.00 0
106985 0.00 0.00 0.00 0
106986 0.00 0.00 0.00 0
106989 0.00 0.00 0.00 0
106990 0.00 0.00 0.00 0
106996 0.00 0.00 0.00 0
106997 0.00 0.00 0.00 0
107004 0.00 0.00 0.00 0
107005 0.00 0.00 0.00 0
107015 0.00 0.00 0.00 0
107016 0.00 0.00 0.00 0
107026 0.00 0.00 0.00 0
107034 0.00 0.00 0.00 0
107044 0.00 0.00 0.00 0
107045 0.00 0.00 0.00 0
107055 0.00 0.00 0.00 0
107056 0.00 0.00 0.00 0
107073 0.00 0.00 0.00 0
107074 0.00 0.00 0.00 0
107075 0.00 0.00 0.00 0
107091 0.00 0.00 0.00 0
107092 0.00 0.00 0.00 0
107109 0.00 0.00 0.00 0
107131 0.00 0.00 0.00 0
107151 0.00 0.00 0.00 0
107152 0.00 0.00 0.00 0
107164 0.00 0.00 0.00 0
107165 0.00 0.00 0.00 0
107172 0.00 0.00 0.00 0
107959 0.00 0.00 0.00 0
107960 0.00 0.00 0.00 0
107961 0.00 0.00 0.00 0
107975 0.00 0.00 0.00 0
107976 0.00 0.00 0.00 0
107987 0.00 0.00 0.00 0
107988 0.00 0.00 0.00 0
108003 0.00 0.00 0.00 0
108004 0.00 0.00 0.00 0
108020 0.00 0.00 0.00 0
108034 0.00 0.00 0.00 0
108035 0.00 0.00 0.00 0
108051 0.00 0.00 0.00 0
108064 0.00 0.00 0.00 0
108065 0.00 0.00 0.00 0
108078 0.00 0.00 0.00 0
108079 0.00 0.00 0.00 0
108085 0.00 0.00 0.00 0
108086 0.00 0.00 0.00 0
108088 0.00 0.00 0.00 0
108089 0.00 0.00 0.00 0
108092 0.00 0.00 0.00 0
108093 0.00 0.00 0.00 0
108097 0.00 0.00 0.00 0
108098 0.00 0.00 0.00 0
108099 0.00 0.00 0.00 0
108100 0.00 0.00 0.00 0
108101 0.00 0.00 0.00 0
108104 0.00 0.00 0.00 0
108105 0.00 0.00 0.00 0
108108 0.00 0.00 0.00 0
108109 0.00 0.00 0.00 0
108110 0.00 0.00 0.00 0
108111 0.00 0.00 0.00 0
108112 0.00 0.00 0.00 0
108115 0.00 0.00 0.00 0
108121 0.00 0.00 0.00 0
108131 0.00 0.00 0.00 0
108143 0.00 0.00 0.00 0
108144 0.00 0.00 0.00 0
108152 0.00 0.00 0.00 0
108153 0.00 0.00 0.00 0
108166 0.00 0.00 0.00 0
108167 0.00 0.00 0.00 0
108180 0.00 0.00 0.00 0
108181 0.00 0.00 0.00 0
108192 0.00 0.00 0.00 0
108193 0.00 0.00 0.00 0
108194 0.00 0.00 0.00 0
108208 0.00 0.00 0.00 0
108209 0.00 0.00 0.00 0
108210 0.00 0.00 0.00 0
108226 0.00 0.00 0.00 0
108236 0.00 0.00 0.00 0
108257 0.00 0.00 0.00 0
108277 0.00 0.00 0.00 0
108278 0.00 0.00 0.00 0
108288 0.00 0.00 0.00 0
108289 0.00 0.00 0.00 0
108290 0.00 0.00 0.00 0
108298 0.00 0.00 0.00 0
109037 0.00 0.00 0.00 0
109038 0.00 0.00 0.00 0
109039 0.00 0.00 0.00 0
109048 0.00 0.00 0.00 0
109049 0.00 0.00 0.00 0
109050 0.00 0.00 0.00 0
109061 0.00 0.00 0.00 0
109062 0.00 0.00 0.00 0
109072 0.00 0.00 0.00 0
109073 0.00 0.00 0.00 0
109084 0.00 0.00 0.00 0
109085 0.00 0.00 0.00 0
109101 0.00 0.00 0.00 0
109111 0.00 0.00 0.00 0
109112 0.00 0.00 0.00 0
109126 0.00 0.00 0.00 0
109143 0.00 0.00 0.00 0
109159 0.00 0.00 0.00 0
109160 0.00 0.00 0.00 0
109173 0.00 0.00 0.00 0
109174 0.00 0.00 0.00 0
109179 0.00 0.00 0.00 0
109180 0.00 0.00 0.00 0
109181 0.00 0.00 0.00 0
109184 0.00 0.00 0.00 0
109185 0.00 0.00 0.00 0
109188 0.00 0.00 0.00 0
109189 0.00 0.00 0.00 0
109190 0.00 0.00 0.00 0
109191 0.00 0.00 0.00 0
109194 0.00 0.00 0.00 0
109195 0.00 0.00 0.00 0
109198 0.00 0.00 0.00 0
109199 0.00 0.00 0.00 0
109200 0.00 0.00 0.00 0
109201 0.00 0.00 0.00 0
109202 0.00 0.00 0.00 0
109204 0.00 0.00 0.00 0
109213 0.00 0.00 0.00 0
109225 0.00 0.00 0.00 0
109232 0.00 0.00 0.00 0
109240 0.00 0.00 0.00 0
109253 0.00 0.00 0.00 0
109264 0.00 0.00 0.00 0
109265 0.00 0.00 0.00 0
109275 0.00 0.00 0.00 0
109276 0.00 0.00 0.00 0
109286 0.00 0.00 0.00 0
109300 0.00 0.00 0.00 0
109305 0.00 0.00 0.00 0
109324 0.00 0.00 0.00 0
109345 0.00 0.00 0.00 0
109357 0.00 0.00 0.00 0
109358 0.00 0.00 0.00 0
109359 0.00 0.00 0.00 0
110059 0.00 0.00 0.00 0
110068 0.00 0.00 0.00 0
110069 0.00 0.00 0.00 0
110070 0.00 0.00 0.00 0
110077 0.00 0.00 0.00 0
110085 0.00 0.00 0.00 0
110086 0.00 0.00 0.00 0
110092 0.00 0.00 0.00 0
110093 0.00 0.00 0.00 0
110099 0.00 0.00 0.00 0
110100 0.00 0.00 0.00 0
110111 0.00 0.00 0.00 0
110112 0.00 0.00 0.00 0
110125 0.00 0.00 0.00 0
110126 0.00 0.00 0.00 0
110138 0.00 0.00 0.00 0
110152 0.00 0.00 0.00 0
110167 0.00 0.00 0.00 0
110168 0.00 0.00 0.00 0
110183 0.00 0.00 0.00 0
110194 0.00 0.00 0.00 0
110195 0.00 0.00 0.00 0
110203 0.00 0.00 0.00 0
110204 0.00 0.00 0.00 0
110206 0.00 0.00 0.00 0
110207 0.00 0.00 0.00 0
110208 0.00 0.00 0.00 0
110209 0.00 0.00 0.00 0
110211 0.00 0.00 0.00 0
110212 0.00 0.00 0.00 0
110214 0.00 0.00 0.00 0
110215 0.00 0.00 0.00 0
110216 0.00 0.00 0.00 0
110217 0.00 0.00 0.00 0
110218 0.00 0.00 0.00 0
110220 0.00 0.00 0.00 0
110230 0.00 0.00 0.00 0
110238 0.00 0.00 0.00 0
110245 0.00 0.00 0.00 0
110256 0.00 0.00 0.00 0
110269 0.00 0.00 0.00 0
110280 0.00 0.00 0.00 0
110281 0.00 0.00 0.00 0
110290 0.00 0.00 0.00 0
110299 0.00 0.00 0.00 0
110313 0.00 0.00 0.00 0
110324 0.00 0.00 0.00 0
110348 0.00 0.00 0.00 0
110374 0.00 0.00 0.00 0
110389 0.00 0.00 0.00 0
110390 0.00 0.00 0.00 0
110407 0.00 0.00 0.00 0
111038 0.00 0.00 0.00 0
111039 0.00 0.00 0.00 0
111040 0.00 0.00 0.00 0
111048 0.00 0.00 0.00 0
111049 0.00 0.00 0.00 0
111050 0.00 0.00 0.00 0
111058 0.00 0.00 0.00 0
111067 0.00 0.00 0.00 0
111074 0.00 0.00 0.00 0
111082 0.00 0.00 0.00 0
111083 0.00 0.00 0.00 0
111090 0.00 0.00 0.00 0
111091 0.00 0.00 0.00 0
111102 0.00 0.00 0.00 0
111116 0.00 0.00 0.00 0
111117 0.00 0.00 0.00 0
111129 0.00 0.00 0.00 0
111130 0.00 0.00 0.00 0
111141 0.00 0.00 0.00 0
111142 0.00 0.00 0.00 0
111158 0.00 0.00 0.00 0
111159 0.00 0.00 0.00 0
111174 0.00 0.00 0.00 0
111175 0.00 0.00 0.00 0
111176 0.00 0.00 0.00 0
111185 0.00 0.00 0.00 0
111186 0.00 0.00 0.00 0
111187 0.00 0.00 0.00 0
111189 0.00 0.00 0.00 0
111190 0.00 0.00 0.00 0
111191 0.00 0.00 0.00 0
111192 0.00 0.00 0.00 0
111196 0.00 0.00 0.00 0
111197 0.00 0.00 0.00 0
111201 0.00 0.00 0.00 0
111202 0.00 0.00 0.00 0
111203 0.00 0.00 0.00 0
111204 0.00 0.00 0.00 0
111205 0.00 0.00 0.00 0
111209 0.00 0.00 0.00 0
111222 0.00 0.00 0.00 0
111223 0.00 0.00 0.00 0
111230 0.00 0.00 0.00 0
111231 0.00 0.00 0.00 0
111238 0.00 0.00 0.00 0
111250 0.00 0.00 0.00 0
111261 0.00 0.00 0.00 0
111271 0.00 0.00 0.00 0
111272 0.00 0.00 0.00 0
111279 0.00 0.00 0.00 0
111280 0.00 0.00 0.00 0
111281 0.00 0.00 0.00 0
111282 0.00 0.00 0.00 0
111288 0.00 0.00 0.00 0
111289 0.00 0.00 0.00 0
111305 0.00 0.00 0.00 0
111318 0.00 0.00 0.00 0
111342 0.00 0.00 0.00 0
111367 0.00 0.00 0.00 0
111376 0.00 0.00 0.00 0
111392 0.00 0.00 0.00 0
111994 0.00 0.00 0.00 0
111995 0.00 0.00 0.00 0
111996 0.00 0.00 0.00 0
112008 0.00 0.00 0.00 0
112019 0.00 0.00 0.00 0
112027 0.00 0.00 0.00 0
112033 0.00 0.00 0.00 0
112034 0.00 0.00 0.00 0
112041 0.00 0.00 0.00 0
112042 0.00 0.00 0.00 0
112048 0.00 0.00 0.00 0
112049 0.00 0.00 0.00 0
112056 0.00 0.00 0.00 0
112057 0.00 0.00 0.00 0
112066 0.00 0.00 0.00 0
112067 0.00 0.00 0.00 0
112078 0.00 0.00 0.00 0
112079 0.00 0.00 0.00 0
112091 0.00 0.00 0.00 0
112092 0.00 0.00 0.00 0
112109 0.00 0.00 0.00 0
112110 0.00 0.00 0.00 0
112128 0.00 0.00 0.00 0
112129 0.00 0.00 0.00 0
112135 0.00 0.00 0.00 0
112136 0.00 0.00 0.00 0
112137 0.00 0.00 0.00 0
112142 0.00 0.00 0.00 0
112143 0.00 0.00 0.00 0
112144 0.00 0.00 0.00 0
112145 0.00 0.00 0.00 0
112151 0.00 0.00 0.00 0
112152 0.00 0.00 0.00 0
112154 0.00 0.00 0.00 0
112155 0.00 0.00 0.00 0
112156 0.00 0.00 0.00 0
112157 0.00 0.00 0.00 0
112158 0.00 0.00 0.00 0
112162 0.00 0.00 0.00 0
112174 0.00 0.00 0.00 0
112175 0.00 0.00 0.00 0
112183 0.00 0.00 0.00 0
112184 0.00 0.00 0.00 0
112189 0.00 0.00 0.00 0
112202 0.00 0.00 0.00 0
112211 0.00 0.00 0.00 0
112212 0.00 0.00 0.00 0
112220 0.00 0.00 0.00 0
112221 0.00 0.00 0.00 0
112225 0.00 0.00 0.00 0
112226 0.00 0.00 0.00 0
112227 0.00 0.00 0.00 0
112228 0.00 0.00 0.00 0
112229 0.00 0.00 0.00 0
112230 0.00 0.00 0.00 0
112231 0.00 0.00 0.00 0
112238 0.00 0.00 0.00 0
112239 0.00 0.00 0.00 0
112240 0.00 0.00 0.00 0
112241 0.00 0.00 0.00 0
112242 0.00 0.00 0.00 0
112243 0.00 0.00 0.00 0
112244 0.00 0.00 0.00 0
112245 0.00 0.00 0.00 0
112246 0.00 0.00 0.00 0
112247 0.00 0.00 0.00 0
112248 0.00 0.00 0.00 0
112249 0.00 0.00 0.00 0
112250 0.00 0.00 0.00 0
112258 0.00 0.00 0.00 0
112269 0.00 0.00 0.00 0
112292 0.00 0.00 0.00 0
112318 0.00 0.00 0.00 0
112330 0.00 0.00 0.00 0
112345 0.00 0.00 0.00 0
112995 0.00 0.00 0.00 0
112996 0.00 0.00 0.00 0
113006 0.00 0.00 0.00 0
113007 0.00 0.00 0.00 0
113008 0.00 0.00 0.00 0
113020 0.00 0.00 0.00 0
113028 0.00 0.00 0.00 0
113035 0.00 0.00 0.00 0
113041 0.00 0.00 0.00 0
113042 0.00 0.00 0.00 0
113050 0.00 0.00 0.00 0
113057 0.00 0.00 0.00 0
113058 0.00 0.00 0.00 0
113066 0.00 0.00 0.00 0
113067 0.00 0.00 0.00 0
113075 0.00 0.00 0.00 0
113089 0.00 0.00 0.00 0
113090 0.00 0.00 0.00 0
113106 0.00 0.00 0.00 0
113117 0.00 0.00 0.00 0
113118 0.00 0.00 0.00 0
113133 0.00 0.00 0.00 0
113134 0.00 0.00 0.00 0
113135 0.00 0.00 0.00 0
113141 0.00 0.00 0.00 0
113142 0.00 0.00 0.00 0
113143 0.00 0.00 0.00 0
113148 0.00 0.00 0.00 0
113149 0.00 0.00 0.00 0
113150 0.00 0.00 0.00 0
113157 0.00 0.00 0.00 0
113164 0.00 0.00 0.00 0
113165 0.00 0.00 0.00 0
113166 0.00 0.00 0.00 0
113167 0.00 0.00 0.00 0
113168 0.00 0.00 0.00 0
113175 0.00 0.00 0.00 0
113176 0.00 0.00 0.00 0
113187 0.00 0.00 0.00 0
113188 0.00 0.00 0.00 0
113196 0.00 0.00 0.00 0
113197 0.00 0.00 0.00 0
113207 0.00 0.00 0.00 0
113220 0.00 0.00 0.00 0
113227 0.00 0.00 0.00 0
113228 0.00 0.00 0.00 0
113234 0.00 0.00 0.00 0
113235 0.00 0.00 0.00 0
113236 0.00 0.00 0.00 0
113237 0.00 0.00 0.00 0
113238 0.00 0.00 0.00 0
113239 0.00 0.00 0.00 0
113240 0.00 0.00 0.00 0
113241 0.00 0.00 0.00 0
113242 0.00 0.00 0.00 0
113243 0.00 0.00 0.00 0
113247 0.00 0.00 0.00 0
113248 0.00 0.00 0.00 0
113249 0.00 0.00 0.00 0
113250 0.00 0.00 0.00 0
113251 0.00 0.00 0.00 0
113252 0.00 0.00 0.00 0
113253 0.00 0.00 0.00 0
113254 0.00 0.00 0.00 0
113255 0.00 0.00 0.00 0
113256 0.00 0.00 0.00 0
113257 0.00 0.00 0.00 0
113258 0.00 0.00 0.00 0
113259 0.00 0.00 0.00 0
113260 0.00 0.00 0.00 0
113261 0.00 0.00 0.00 0
113262 0.00 0.00 0.00 0
113263 0.00 0.00 0.00 0
113264 0.00 0.00 0.00 0
113265 0.00 0.00 0.00 0
113266 0.00 0.00 0.00 0
113270 0.00 0.00 0.00 0
113271 0.00 0.00 0.00 0
113272 0.00 0.00 0.00 0
113273 0.00 0.00 0.00 0
113274 0.00 0.00 0.00 0
113275 0.00 0.00 0.00 0
113276 0.00 0.00 0.00 0
113277 0.00 0.00 0.00 0
113278 0.00 0.00 0.00 0
113279 0.00 0.00 0.00 0
113280 0.00 0.00 0.00 0
113281 0.00 0.00 0.00 0
113282 0.00 0.00 0.00 0
113290 0.00 0.00 0.00 0
113298 0.00 0.00 0.00 0
113319 0.00 0.00 0.00 0
113342 0.00 0.00 0.00 0
113360 0.00 0.00 0.00 0
113373 0.00 0.00 0.00 0
114084 0.00 0.00 0.00 0
114098 0.00 0.00 0.00 0
114099 0.00 0.00 0.00 0
114100 0.00 0.00 0.00 0
114112 0.00 0.00 0.00 0
114113 0.00 0.00 0.00 0
114121 0.00 0.00 0.00 0
114122 0.00 0.00 0.00 0
114129 0.00 0.00 0.00 0
114130 0.00 0.00 0.00 0
114137 0.00 0.00 0.00 0
114138 0.00 0.00 0.00 0
114144 0.00 0.00 0.00 0
114145 0.00 0.00 0.00 0
114153 0.00 0.00 0.00 0
114154 0.00 0.00 0.00 0
114163 0.00 0.00 0.00 0
114164 0.00 0.00 0.00 0
114165 0.00 0.00 0.00 0
114175 0.00 0.00 0.00 0
114176 0.00 0.00 0.00 0
114187 0.00 0.00 0.00 0
114188 0.00 0.00 0.00 0
114189 0.00 0.00 0.00 0
114203 0.00 0.00 0.00 0
114204 0.00 0.00 0.00 0
114216 0.00 0.00 0.00 0
114217 0.00 0.00 0.00 0
114230 0.00 0.00 0.00 0
114231 0.00 0.00 0.00 0
114232 0.00 0.00 0.00 0
114240 0.00 0.00 0.00 0
114241 0.00 0.00 0.00 0
114242 0.00 0.00 0.00 0
114245 0.00 0.00 0.00 0
114246 0.00 0.00 0.00 0
114247 0.00 0.00 0.00 0
114250 0.00 0.00 0.00 0
114251 0.00 0.00 0.00 0
114258 0.00 0.00 0.00 0
114259 0.00 0.00 0.00 0
114260 0.00 0.00 0.00 0
114261 0.00 0.00 0.00 0
114272 0.00 0.00 0.00 0
114273 0.00 0.00 0.00 0
114283 0.00 0.00 0.00 0
114291 0.00 0.00 0.00 0
114303 0.00 0.00 0.00 0
114314 0.00 0.00 0.00 0
114320 0.00 0.00 0.00 0
114321 0.00 0.00 0.00 0
114322 0.00 0.00 0.00 0
114323 0.00 0.00 0.00 0
114324 0.00 0.00 0.00 0
114325 0.00 0.00 0.00 0
114326 0.00 0.00 0.00 0
114332 0.00 0.00 0.00 0
114333 0.00 0.00 0.00 0
114334 0.00 0.00 0.00 0
114335 0.00 0.00 0.00 0
114336 0.00 0.00 0.00 0
114337 0.00 0.00 0.00 0
114338 0.00 0.00 0.00 0
114339 0.00 0.00 0.00 0
114340 0.00 0.00 0.00 0
114341 0.00 0.00 0.00 0
114342 0.00 0.00 0.00 0
114343 0.00 0.00 0.00 0
114344 0.00 0.00 0.00 0
114345 0.00 0.00 0.00 0
114351 0.00 0.00 0.00 0
114352 0.00 0.00 0.00 0
114353 0.00 0.00 0.00 0
114354 0.00 0.00 0.00 0
114355 0.00 0.00 0.00 0
114356 0.00 0.00 0.00 0
114357 0.00 0.00 0.00 0
114358 0.00 0.00 0.00 0
114359 0.00 0.00 0.00 0
114360 0.00 0.00 0.00 0
114361 0.00 0.00 0.00 0
114362 0.00 0.00 0.00 0
114363 0.00 0.00 0.00 0
114364 0.00 0.00 0.00 0
114365 0.00 0.00 0.00 0
114372 0.00 0.00 0.00 0
114373 0.00 0.00 0.00 0
114374 0.00 0.00 0.00 0
114375 0.00 0.00 0.00 0
114376 0.00 0.00 0.00 0
114377 0.00 0.00 0.00 0
114378 0.00 0.00 0.00 0
114379 0.00 0.00 0.00 0
114380 0.00 0.00 0.00 0
114381 0.00 0.00 0.00 0
114392 0.00 0.00 0.00 0
114393 0.00 0.00 0.00 0
114394 0.00 0.00 0.00 0
114395 0.00 0.00 0.00 0
114396 0.00 0.00 0.00 0
114397 0.00 0.00 0.00 0
114408 0.00 0.00 0.00 0
114409 0.00 0.00 0.00 0
114423 0.00 0.00 0.00 0
114424 0.00 0.00 0.00 0
114443 0.00 0.00 0.00 0
114444 0.00 0.00 0.00 0
114445 0.00 0.00 0.00 0
114466 0.00 0.00 0.00 0
114467 0.00 0.00 0.00 0
114479 0.00 0.00 0.00 0
114480 0.00 0.00 0.00 0
114481 0.00 0.00 0.00 0
114497 0.00 0.00 0.00 0
114498 0.00 0.00 0.00 0
115197 0.00 0.00 0.00 0
115198 0.00 0.00 0.00 0
115213 0.00 0.00 0.00 0
115214 0.00 0.00 0.00 0
115215 0.00 0.00 0.00 0
115225 0.00 0.00 0.00 0
115226 0.00 0.00 0.00 0
115236 0.00 0.00 0.00 0
115237 0.00 0.00 0.00 0
115245 0.00 0.00 0.00 0
115246 0.00 0.00 0.00 0
115247 0.00 0.00 0.00 0
115259 0.00 0.00 0.00 0
115260 0.00 0.00 0.00 0
115272 0.00 0.00 0.00 0
115273 0.00 0.00 0.00 0
115286 0.00 0.00 0.00 0
115287 0.00 0.00 0.00 0
115298 0.00 0.00 0.00 0
115299 0.00 0.00 0.00 0
115308 0.00 0.00 0.00 0
115309 0.00 0.00 0.00 0
115319 0.00 0.00 0.00 0
115320 0.00 0.00 0.00 0
115321 0.00 0.00 0.00 0
115332 0.00 0.00 0.00 0
115333 0.00 0.00 0.00 0
115334 0.00 0.00 0.00 0
115347 0.00 0.00 0.00 0
115348 0.00 0.00 0.00 0
115360 0.00 0.00 0.00 0
115361 0.00 0.00 0.00 0
115369 0.00 0.00 0.00 0
115370 0.00 0.00 0.00 0
115371 0.00 0.00 0.00 0
115375 0.00 0.00 0.00 0
115376 0.00 0.00 0.00 0
115377 0.00 0.00 0.00 0
115378 0.00 0.00 0.00 0
115382 0.00 0.00 0.00 0
115383 0.00 0.00 0.00 0
115384 0.00 0.00 0.00 0
115388 0.00 0.00 0.00 0
115389 0.00 0.00 0.00 0
115390 0.00 0.00 0.00 0
115391 0.00 0.00 0.00 0
115400 0.00 0.00 0.00 0
115401 0.00 0.00 0.00 0
115402 0.00 0.00 0.00 0
115403 0.00 0.00 0.00 0
115410 0.00 0.00 0.00 0
115411 0.00 0.00 0.00 0
115419 0.00 0.00 0.00 0
115420 0.00 0.00 0.00 0
115432 0.00 0.00 0.00 0
115433 0.00 0.00 0.00 0
115440 0.00 0.00 0.00 0
115441 0.00 0.00 0.00 0
115442 0.00 0.00 0.00 0
115443 0.00 0.00 0.00 0
115444 0.00 0.00 0.00 0
115451 0.00 0.00 0.00 0
115452 0.00 0.00 0.00 0
115453 0.00 0.00 0.00 0
115454 0.00 0.00 0.00 0
115455 0.00 0.00 0.00 0
115456 0.00 0.00 0.00 0
115457 0.00 0.00 0.00 0
115464 0.00 0.00 0.00 0
115465 0.00 0.00 0.00 0
115466 0.00 0.00 0.00 0
115467 0.00 0.00 0.00 0
115468 0.00 0.00 0.00 0
115469 0.00 0.00 0.00 0
115470 0.00 0.00 0.00 0
115471 0.00 0.00 0.00 0
115472 0.00 0.00 0.00 0
115473 0.00 0.00 0.00 0
115474 0.00 0.00 0.00 0
115475 0.00 0.00 0.00 0
115476 0.00 0.00 0.00 0
115477 0.00 0.00 0.00 0
115487 0.00 0.00 0.00 0
115488 0.00 0.00 0.00 0
115489 0.00 0.00 0.00 0
115490 0.00 0.00 0.00 0
115491 0.00 0.00 0.00 0
115492 0.00 0.00 0.00 0
115493 0.00 0.00 0.00 0
115494 0.00 0.00 0.00 0
115495 0.00 0.00 0.00 0
115496 0.00 0.00 0.00 0
115497 0.00 0.00 0.00 0
115498 0.00 0.00 0.00 0
115499 0.00 0.00 0.00 0
115500 0.00 0.00 0.00 0
115501 0.00 0.00 0.00 0
115502 0.00 0.00 0.00 0
115503 0.00 0.00 0.00 0
115504 0.00 0.00 0.00 0
115512 0.00 0.00 0.00 0
115513 0.00 0.00 0.00 0
115514 0.00 0.00 0.00 0
115515 0.00 0.00 0.00 0
115516 0.00 0.00 0.00 0
115517 0.00 0.00 0.00 0
115518 0.00 0.00 0.00 0
115519 0.00 0.00 0.00 0
115520 0.00 0.00 0.00 0
115529 0.00 0.00 0.00 0
115530 0.00 0.00 0.00 0
115531 0.00 0.00 0.00 0
115542 0.00 0.00 0.00 0
115543 0.00 0.00 0.00 0
115552 0.00 0.00 0.00 0
115553 0.00 0.00 0.00 0
115554 0.00 0.00 0.00 0
115555 0.00 0.00 0.00 0
115556 0.00 0.00 0.00 0
115571 0.00 0.00 0.00 0
115572 0.00 0.00 0.00 0
115573 0.00 0.00 0.00 0
115574 0.00 0.00 0.00 0
115575 0.00 0.00 0.00 0
115592 0.00 0.00 0.00 0
115601 0.00 0.00 0.00 0
115602 0.00 0.00 0.00 0
115603 0.00 0.00 0.00 0
115615 0.00 0.00 0.00 0
115616 0.00 0.00 0.00 0
115630 0.00 0.00 0.00 0
116290 0.00 0.00 0.00 0
116299 0.00 0.00 0.00 0
116300 0.00 0.00 0.00 0
116308 0.00 0.00 0.00 0
116309 0.00 0.00 0.00 0
116317 0.00 0.00 0.00 0
116329 0.00 0.00 0.00 0
116330 0.00 0.00 0.00 0
116345 0.00 0.00 0.00 0
116346 0.00 0.00 0.00 0
116360 0.00 0.00 0.00 0
116361 0.00 0.00 0.00 0
116373 0.00 0.00 0.00 0
116374 0.00 0.00 0.00 0
116385 0.00 0.00 0.00 0
116386 0.00 0.00 0.00 0
116395 0.00 0.00 0.00 0
116396 0.00 0.00 0.00 0
116404 0.00 0.00 0.00 0
116405 0.00 0.00 0.00 0
116415 0.00 0.00 0.00 0
116416 0.00 0.00 0.00 0
116417 0.00 0.00 0.00 0
116429 0.00 0.00 0.00 0
116430 0.00 0.00 0.00 0
116431 0.00 0.00 0.00 0
116440 0.00 0.00 0.00 0
116441 0.00 0.00 0.00 0
116442 0.00 0.00 0.00 0
116451 0.00 0.00 0.00 0
116452 0.00 0.00 0.00 0
116453 0.00 0.00 0.00 0
116456 0.00 0.00 0.00 0
116457 0.00 0.00 0.00 0
116458 0.00 0.00 0.00 0
116459 0.00 0.00 0.00 0
116462 0.00 0.00 0.00 0
116463 0.00 0.00 0.00 0
116464 0.00 0.00 0.00 0
116465 0.00 0.00 0.00 0
116466 0.00 0.00 0.00 0
116469 0.00 0.00 0.00 0
116470 0.00 0.00 0.00 0
116471 0.00 0.00 0.00 0
116481 0.00 0.00 0.00 0
116482 0.00 0.00 0.00 0
116483 0.00 0.00 0.00 0
116492 0.00 0.00 0.00 0
116493 0.00 0.00 0.00 0
116501 0.00 0.00 0.00 0
116502 0.00 0.00 0.00 0
116514 0.00 0.00 0.00 0
116515 0.00 0.00 0.00 0
116516 0.00 0.00 0.00 0
116524 0.00 0.00 0.00 0
116525 0.00 0.00 0.00 0
116526 0.00 0.00 0.00 0
116527 0.00 0.00 0.00 0
116528 0.00 0.00 0.00 0
116534 0.00 0.00 0.00 0
116535 0.00 0.00 0.00 0
116536 0.00 0.00 0.00 0
116537 0.00 0.00 0.00 0
116538 0.00 0.00 0.00 0
116539 0.00 0.00 0.00 0
116540 0.00 0.00 0.00 0
116541 0.00 0.00 0.00 0
116542 0.00 0.00 0.00 0
116546 0.00 0.00 0.00 0
116547 0.00 0.00 0.00 0
116548 0.00 0.00 0.00 0
116549 0.00 0.00 0.00 0
116550 0.00 0.00 0.00 0
116551 0.00 0.00 0.00 0
116552 0.00 0.00 0.00 0
116553 0.00 0.00 0.00 0
116554 0.00 0.00 0.00 0
116555 0.00 0.00 0.00 0
116556 0.00 0.00 0.00 0
116557 0.00 0.00 0.00 0
116558 0.00 0.00 0.00 0
116559 0.00 0.00 0.00 0
116560 0.00 0.00 0.00 0
116561 0.00 0.00 0.00 0
116562 0.00 0.00 0.00 0
116563 0.00 0.00 0.00 0
116568 0.00 0.00 0.00 0
116569 0.00 0.00 0.00 0
116570 0.00 0.00 0.00 0
116571 0.00 0.00 0.00 0
116572 0.00 0.00 0.00 0
116573 0.00 0.00 0.00 0
116574 0.00 0.00 0.00 0
116575 0.00 0.00 0.00 0
116576 0.00 0.00 0.00 0
116577 0.00 0.00 0.00 0
116578 0.00 0.00 0.00 0
116579 0.00 0.00 0.00 0
116580 0.00 0.00 0.00 0
116581 0.00 0.00 0.00 0
116582 0.00 0.00 0.00 0
116583 0.00 0.00 0.00 0
116584 0.00 0.00 0.00 0
116585 0.00 0.00 0.00 0
116586 0.00 0.00 0.00 0
116587 0.00 0.00 0.00 0
116591 0.00 0.00 0.00 0
116592 0.00 0.00 0.00 0
116593 0.00 0.00 0.00 0
116594 0.00 0.00 0.00 0
116602 0.00 0.00 0.00 0
116603 0.00 0.00 0.00 0
116604 0.00 0.00 0.00 0
116616 0.00 0.00 0.00 0
116617 0.00 0.00 0.00 0
116618 0.00 0.00 0.00 0
116619 0.00 0.00 0.00 0
116628 0.00 0.00 0.00 0
116629 0.00 0.00 0.00 0
116630 0.00 0.00 0.00 0
116631 0.00 0.00 0.00 0
116632 0.00 0.00 0.00 0
116648 0.00 0.00 0.00 0
116649 0.00 0.00 0.00 0
116664 0.00 0.00 0.00 0
116672 0.00 0.00 0.00 0
116673 0.00 0.00 0.00 0
116684 0.00 0.00 0.00 0
116685 0.00 0.00 0.00 0
116699 0.00 0.00 0.00 0
116709 0.00 0.00 0.00 0
116710 0.00 0.00 0.00 0
116714 0.00 0.00 0.00 0
117325 0.00 0.00 0.00 0
117326 0.00 0.00 0.00 0
117338 0.00 0.00 0.00 0
117339 0.00 0.00 0.00 0
117354 0.00 0.00 0.00 0
117355 0.00 0.00 0.00 0
117372 0.00 0.00 0.00 0
117373 0.00 0.00 0.00 0
117390 0.00 0.00 0.00 0
117391 0.00 0.00 0.00 0
117405 0.00 0.00 0.00 0
117418 0.00 0.00 0.00 0
117419 0.00 0.00 0.00 0
117430 0.00 0.00 0.00 0
117431 0.00 0.00 0.00 0
117443 0.00 0.00 0.00 0
117444 0.00 0.00 0.00 0
117455 0.00 0.00 0.00 0
117456 0.00 0.00 0.00 0
117466 0.00 0.00 0.00 0
117467 0.00 0.00 0.00 0
117477 0.00 0.00 0.00 0
117478 0.00 0.00 0.00 0
117489 0.00 0.00 0.00 0
117490 0.00 0.00 0.00 0
117491 0.00 0.00 0.00 0
117500 0.00 0.00 0.00 0
117501 0.00 0.00 0.00 0
117509 0.00 0.00 0.00 0
117510 0.00 0.00 0.00 0
117511 0.00 0.00 0.00 0
117515 0.00 0.00 0.00 0
117516 0.00 0.00 0.00 0
117518 0.00 0.00 0.00 0
117519 0.00 0.00 0.00 0
117520 0.00 0.00 0.00 0
117521 0.00 0.00 0.00 0
117523 0.00 0.00 0.00 0
117524 0.00 0.00 0.00 0
117525 0.00 0.00 0.00 0
117526 0.00 0.00 0.00 0
117527 0.00 0.00 0.00 0
117534 0.00 0.00 0.00 0
117535 0.00 0.00 0.00 0
117536 0.00 0.00 0.00 0
117537 0.00 0.00 0.00 0
117547 0.00 0.00 0.00 0
117548 0.00 0.00 0.00 0
117555 0.00 0.00 0.00 0
117556 0.00 0.00 0.00 0
117567 0.00 0.00 0.00 0
117568 0.00 0.00 0.00 0
117569 0.00 0.00 0.00 0
117570 0.00 0.00 0.00 0
117571 0.00 0.00 0.00 0
117581 0.00 0.00 0.00 0
117582 0.00 0.00 0.00 0
117583 0.00 0.00 0.00 0
117584 0.00 0.00 0.00 0
117585 0.00 0.00 0.00 0
117586 0.00 0.00 0.00 0
117593 0.00 0.00 0.00 0
117594 0.00 0.00 0.00 0
117595 0.00 0.00 0.00 0
117596 0.00 0.00 0.00 0
117597 0.00 0.00 0.00 0
117598 0.00 0.00 0.00 0
117599 0.00 0.00 0.00 0
117600 0.00 0.00 0.00 0
117601 0.00 0.00 0.00 0
117602 0.00 0.00 0.00 0
117608 0.00 0.00 0.00 0
117609 0.00 0.00 0.00 0
117610 0.00 0.00 0.00 0
117611 0.00 0.00 0.00 0
117612 0.00 0.00 0.00 0
117613 0.00 0.00 0.00 0
117614 0.00 0.00 0.00 0
117615 0.00 0.00 0.00 0
117616 0.00 0.00 0.00 0
117617 0.00 0.00 0.00 0
117618 0.00 0.00 0.00 0
117619 0.00 0.00 0.00 0
117620 0.00 0.00 0.00 0
117625 0.00 0.00 0.00 0
117626 0.00 0.00 0.00 0
117627 0.00 0.00 0.00 0
117628 0.00 0.00 0.00 0
117629 0.00 0.00 0.00 0
117630 0.00 0.00 0.00 0
117631 0.00 0.00 0.00 0
117632 0.00 0.00 0.00 0
117633 0.00 0.00 0.00 0
117634 0.00 0.00 0.00 0
117635 0.00 0.00 0.00 0
117636 0.00 0.00 0.00 0
117637 0.00 0.00 0.00 0
117638 0.00 0.00 0.00 0
117639 0.00 0.00 0.00 0
117640 0.00 0.00 0.00 0
117641 0.00 0.00 0.00 0
117642 0.00 0.00 0.00 0
117646 0.00 0.00 0.00 0
117647 0.00 0.00 0.00 0
117648 0.00 0.00 0.00 0
117649 0.00 0.00 0.00 0
117653 0.00 0.00 0.00 0
117654 0.00 0.00 0.00 0
117655 0.00 0.00 0.00 0
117665 0.00 0.00 0.00 0
117666 0.00 0.00 0.00 0
117667 0.00 0.00 0.00 0
117678 0.00 0.00 0.00 0
117679 0.00 0.00 0.00 0
117680 0.00 0.00 0.00 0
117681 0.00 0.00 0.00 0
117696 0.00 0.00 0.00 0
117697 0.00 0.00 0.00 0
117698 0.00 0.00 0.00 0
117699 0.00 0.00 0.00 0
117706 0.00 0.00 0.00 0
117714 0.00 0.00 0.00 0
117724 0.00 0.00 0.00 0
117725 0.00 0.00 0.00 0
117738 0.00 0.00 0.00 0
117739 0.00 0.00 0.00 0
117740 0.00 0.00 0.00 0
117741 0.00 0.00 0.00 0
117750 0.00 0.00 0.00 0
117751 0.00 0.00 0.00 0
117752 0.00 0.00 0.00 0
117753 0.00 0.00 0.00 0
117754 0.00 0.00 0.00 0
117755 0.00 0.00 0.00 0
117761 0.00 0.00 0.00 0
117762 0.00 0.00 0.00 0
118468 0.00 0.00 0.00 0
118469 0.00 0.00 0.00 0
118477 0.00 0.00 0.00 0
118478 0.00 0.00 0.00 0
118485 0.00 0.00 0.00 0
118486 0.00 0.00 0.00 0
118493 0.00 0.00 0.00 0
118500 0.00 0.00 0.00 0
118501 0.00 0.00 0.00 0
118510 0.00 0.00 0.00 0
118511 0.00 0.00 0.00 0
118522 0.00 0.00 0.00 0
118531 0.00 0.00 0.00 0
118542 0.00 0.00 0.00 0
118543 0.00 0.00 0.00 0
118552 0.00 0.00 0.00 0
118553 0.00 0.00 0.00 0
118561 0.00 0.00 0.00 0
118562 0.00 0.00 0.00 0
118572 0.00 0.00 0.00 0
118573 0.00 0.00 0.00 0
118583 0.00 0.00 0.00 0
118584 0.00 0.00 0.00 0
118595 0.00 0.00 0.00 0
118596 0.00 0.00 0.00 0
118601 0.00 0.00 0.00 0
118602 0.00 0.00 0.00 0
118607 0.00 0.00 0.00 0
118608 0.00 0.00 0.00 0
118611 0.00 0.00 0.00 0
118612 0.00 0.00 0.00 0
118615 0.00 0.00 0.00 0
118616 0.00 0.00 0.00 0
118621 0.00 0.00 0.00 0
118622 0.00 0.00 0.00 0
118632 0.00 0.00 0.00 0
118633 0.00 0.00 0.00 0
118640 0.00 0.00 0.00 0
118641 0.00 0.00 0.00 0
118649 0.00 0.00 0.00 0
118650 0.00 0.00 0.00 0
118651 0.00 0.00 0.00 0
118652 0.00 0.00 0.00 0
118661 0.00 0.00 0.00 0
118662 0.00 0.00 0.00 0
118663 0.00 0.00 0.00 0
118664 0.00 0.00 0.00 0
118665 0.00 0.00 0.00 0
118671 0.00 0.00 0.00 0
118672 0.00 0.00 0.00 0
118673 0.00 0.00 0.00 0
118674 0.00 0.00 0.00 0
118675 0.00 0.00 0.00 0
118676 0.00 0.00 0.00 0
118677 0.00 0.00 0.00 0
118678 0.00 0.00 0.00 0
118679 0.00 0.00 0.00 0
118680 0.00 0.00 0.00 0
118685 0.00 0.00 0.00 0
118686 0.00 0.00 0.00 0
118687 0.00 0.00 0.00 0
118688 0.00 0.00 0.00 0
118689 0.00 0.00 0.00 0
118690 0.00 0.00 0.00 0
118691 0.00 0.00 0.00 0
118692 0.00 0.00 0.00 0
118693 0.00 0.00 0.00 0
118694 0.00 0.00 0.00 0
118695 0.00 0.00 0.00 0
118696 0.00 0.00 0.00 0
118697 0.00 0.00 0.00 0
118698 0.00 0.00 0.00 0
118699 0.00 0.00 0.00 0
118700 0.00 0.00 0.00 0
118706 0.00 0.00 0.00 0
118707 0.00 0.00 0.00 0
118708 0.00 0.00 0.00 0
118709 0.00 0.00 0.00 0
118710 0.00 0.00 0.00 0
118711 0.00 0.00 0.00 0
118712 0.00 0.00 0.00 0
118713 0.00 0.00 0.00 0
118715 0.00 0.00 0.00 0
118716 0.00 0.00 0.00 0
118717 0.00 0.00 0.00 0
118718 0.00 0.00 0.00 0
118719 0.00 0.00 0.00 0
118720 0.00 0.00 0.00 0
118721 0.00 0.00 0.00 0
118722 0.00 0.00 0.00 0
118723 0.00 0.00 0.00 0
118724 0.00 0.00 0.00 0
118729 0.00 0.00 0.00 0
118730 0.00 0.00 0.00 0
118731 0.00 0.00 0.00 0
118732 0.00 0.00 0.00 0
118733 0.00 0.00 0.00 0
118737 0.00 0.00 0.00 0
118738 0.00 0.00 0.00 0
118739 0.00 0.00 0.00 0
118740 0.00 0.00 0.00 0
118741 0.00 0.00 0.00 0
118749 0.00 0.00 0.00 0
118750 0.00 0.00 0.00 0
118751 0.00 0.00 0.00 0
118761 0.00 0.00 0.00 0
118762 0.00 0.00 0.00 0
118763 0.00 0.00 0.00 0
118778 0.00 0.00 0.00 0
118779 0.00 0.00 0.00 0
118780 0.00 0.00 0.00 0
118781 0.00 0.00 0.00 0
118795 0.00 0.00 0.00 0
118796 0.00 0.00 0.00 0
118797 0.00 0.00 0.00 0
118798 0.00 0.00 0.00 0
118807 0.00 0.00 0.00 0
118808 0.00 0.00 0.00 0
118809 0.00 0.00 0.00 0
118818 0.00 0.00 0.00 0
118819 0.00 0.00 0.00 0
118820 0.00 0.00 0.00 0
118821 0.00 0.00 0.00 0
118833 0.00 0.00 0.00 0
118834 0.00 0.00 0.00 0
118835 0.00 0.00 0.00 0
118836 0.00 0.00 0.00 0
118844 0.00 0.00 0.00 0
118845 0.00 0.00 0.00 0
118846 0.00 0.00 0.00 0
118847 0.00 0.00 0.00 0
118848 0.00 0.00 0.00 0
118855 0.00 0.00 0.00 0
118856 0.00 0.00 0.00 0
118857 0.00 0.00 0.00 0
119576 0.00 0.00 0.00 0
119577 0.00 0.00 0.00 0
119586 0.00 0.00 0.00 0
119587 0.00 0.00 0.00 0
119588 0.00 0.00 0.00 0
119595 0.00 0.00 0.00 0
119596 0.00 0.00 0.00 0
119603 0.00 0.00 0.00 0
119614 0.00 0.00 0.00 0
119626 0.00 0.00 0.00 0
119639 0.00 0.00 0.00 0
119640 0.00 0.00 0.00 0
119653 0.00 0.00 0.00 0
119654 0.00 0.00 0.00 0
119665 0.00 0.00 0.00 0
119666 0.00 0.00 0.00 0
119680 0.00 0.00 0.00 0
119692 0.00 0.00 0.00 0
119693 0.00 0.00 0.00 0
119703 0.00 0.00 0.00 0
119704 0.00 0.00 0.00 0
119713 0.00 0.00 0.00 0
119714 0.00 0.00 0.00 0
119721 0.00 0.00 0.00 0
119722 0.00 0.00 0.00 0
119728 0.00 0.00 0.00 0
119729 0.00 0.00 0.00 0
119732 0.00 0.00 0.00 0
119736 0.00 0.00 0.00 0
119737 0.00 0.00 0.00 0
119741 0.00 0.00 0.00 0
119742 0.00 0.00 0.00 0
119745 0.00 0.00 0.00 0
119746 0.00 0.00 0.00 0
119747 0.00 0.00 0.00 0
119750 0.00 0.00 0.00 0
119751 0.00 0.00 0.00 0
119752 0.00 0.00 0.00 0
119759 0.00 0.00 0.00 0
119760 0.00 0.00 0.00 0
119768 0.00 0.00 0.00 0
119775 0.00 0.00 0.00 0
119776 0.00 0.00 0.00 0
119777 0.00 0.00 0.00 0
119784 0.00 0.00 0.00 0
119785 0.00 0.00 0.00 0
119786 0.00 0.00 0.00 0
119787 0.00 0.00 0.00 0
119796 0.00 0.00 0.00 0
119797 0.00 0.00 0.00 0
119798 0.00 0.00 0.00 0
119799 0.00 0.00 0.00 0
119800 0.00 0.00 0.00 0
119801 0.00 0.00 0.00 0
119802 0.00 0.00 0.00 0
119806 0.00 0.00 0.00 0
119807 0.00 0.00 0.00 0
119808 0.00 0.00 0.00 0
119809 0.00 0.00 0.00 0
119810 0.00 0.00 0.00 0
119811 0.00 0.00 0.00 0
119812 0.00 0.00 0.00 0
119813 0.00 0.00 0.00 0
119815 0.00 0.00 0.00 0
119816 0.00 0.00 0.00 0
119817 0.00 0.00 0.00 0
119818 0.00 0.00 0.00 0
119819 0.00 0.00 0.00 0
119825 0.00 0.00 0.00 0
119826 0.00 0.00 0.00 0
119827 0.00 0.00 0.00 0
119828 0.00 0.00 0.00 0
119829 0.00 0.00 0.00 0
119831 0.00 0.00 0.00 0
119833 0.00 0.00 0.00 0
119834 0.00 0.00 0.00 0
119836 0.00 0.00 0.00 0
119837 0.00 0.00 0.00 0
119838 0.00 0.00 0.00 0
119839 0.00 0.00 0.00 0
119840 0.00 0.00 0.00 0
119845 0.00 0.00 0.00 0
119846 0.00 0.00 0.00 0
119847 0.00 0.00 0.00 0
119848 0.00 0.00 0.00 0
119849 0.00 0.00 0.00 0
119850 0.00 0.00 0.00 0
119851 0.00 0.00 0.00 0
119852 0.00 0.00 0.00 0
119858 0.00 0.00 0.00 0
119859 0.00 0.00 0.00 0
119860 0.00 0.00 0.00 0
119861 0.00 0.00 0.00 0
119862 0.00 0.00 0.00 0
119863 0.00 0.00 0.00 0
119872 0.00 0.00 0.00 0
119873 0.00 0.00 0.00 0
119874 0.00 0.00 0.00 0
119875 0.00 0.00 0.00 0
119886 0.00 0.00 0.00 0
119887 0.00 0.00 0.00 0
119888 0.00 0.00 0.00 0
119889 0.00 0.00 0.00 0
119898 0.00 0.00 0.00 0
119899 0.00 0.00 0.00 0
119900 0.00 0.00 0.00 0
119901 0.00 0.00 0.00 0
119916 0.00 0.00 0.00 0
119917 0.00 0.00 0.00 0
119918 0.00 0.00 0.00 0
119927 0.00 0.00 0.00 0
119928 0.00 0.00 0.00 0
119929 0.00 0.00 0.00 0
119930 0.00 0.00 0.00 0
119939 0.00 0.00 0.00 0
119940 0.00 0.00 0.00 0
119941 0.00 0.00 0.00 0
119942 0.00 0.00 0.00 0
119943 0.00 0.00 0.00 0
119944 0.00 0.00 0.00 0
119955 0.00 0.00 0.00 0
119956 0.00 0.00 0.00 0
119957 0.00 0.00 0.00 0
119958 0.00 0.00 0.00 0
119959 0.00 0.00 0.00 0
119960 0.00 0.00 0.00 0
119969 0.00 0.00 0.00 0
119970 0.00 0.00 0.00 0
119971 0.00 0.00 0.00 0
119972 0.00 0.00 0.00 0
119973 0.00 0.00 0.00 0
119974 0.00 0.00 0.00 0
119975 0.00 0.00 0.00 0
119976 0.00 0.00 0.00 0
120613 0.00 0.00 0.00 0
120623 0.00 0.00 0.00 0
120624 0.00 0.00 0.00 0
120632 0.00 0.00 0.00 0
120643 0.00 0.00 0.00 0
120658 0.00 0.00 0.00 0
120673 0.00 0.00 0.00 0
120686 0.00 0.00 0.00 0
120698 0.00 0.00 0.00 0
120711 0.00 0.00 0.00 0
120712 0.00 0.00 0.00 0
120726 0.00 0.00 0.00 0
120727 0.00 0.00 0.00 0
120737 0.00 0.00 0.00 0
120748 0.00 0.00 0.00 0
120749 0.00 0.00 0.00 0
120759 0.00 0.00 0.00 0
120760 0.00 0.00 0.00 0
120770 0.00 0.00 0.00 0
120771 0.00 0.00 0.00 0
120778 0.00 0.00 0.00 0
120779 0.00 0.00 0.00 0
120782 0.00 0.00 0.00 0
120783 0.00 0.00 0.00 0
120786 0.00 0.00 0.00 0
120787 0.00 0.00 0.00 0
120790 0.00 0.00 0.00 0
120791 0.00 0.00 0.00 0
120793 0.00 0.00 0.00 0
120794 0.00 0.00 0.00 0
120797 0.00 0.00 0.00 0
120798 0.00 0.00 0.00 0
120803 0.00 0.00 0.00 0
120810 0.00 0.00 0.00 0
120817 0.00 0.00 0.00 0
120824 0.00 0.00 0.00 0
120833 0.00 0.00 0.00 0
120834 0.00 0.00 0.00 0
120844 0.00 0.00 0.00 0
120845 0.00 0.00 0.00 0
120846 0.00 0.00 0.00 0
120847 0.00 0.00 0.00 0
120848 0.00 0.00 0.00 0
120849 0.00 0.00 0.00 0
120850 0.00 0.00 0.00 0
120853 0.00 0.00 0.00 0
120857 0.00 0.00 0.00 0
120858 0.00 0.00 0.00 0
120859 0.00 0.00 0.00 0
120860 0.00 0.00 0.00 0
120868 0.00 0.00 0.00 0
120869 0.00 0.00 0.00 0
120870 0.00 0.00 0.00 0
120871 0.00 0.00 0.00 0
120872 0.00 0.00 0.00 0
120873 0.00 0.00 0.00 0
120874 0.00 0.00 0.00 0
120876 0.00 0.00 0.00 0
120879 0.00 0.00 0.00 0
120880 0.00 0.00 0.00 0
120881 0.00 0.00 0.00 0
120882 0.00 0.00 0.00 0
120883 0.00 0.00 0.00 0
120884 0.00 0.00 0.00 0
120889 0.00 0.00 0.00 0
120890 0.00 0.00 0.00 0
120891 0.00 0.00 0.00 0
120892 0.00 0.00 0.00 0
120895 0.00 0.00 0.00 0
120896 0.00 0.00 0.00 0
120897 0.00 0.00 0.00 0
120898 0.00 0.00 0.00 0
120899 0.00 0.00 0.00 0
120900 0.00 0.00 0.00 0
120904 0.00 0.00 0.00 0
120905 0.00 0.00 0.00 0
120906 0.00 0.00 0.00 0
120907 0.00 0.00 0.00 0
120915 0.00 0.00 0.00 0
120916 0.00 0.00 0.00 0
120917 0.00 0.00 0.00 0
120930 0.00 0.00 0.00 0
120931 0.00 0.00 0.00 0
120932 0.00 0.00 0.00 0
120941 0.00 0.00 0.00 0
120942 0.00 0.00 0.00 0
120943 0.00 0.00 0.00 0
120959 0.00 0.00 0.00 0
120960 0.00 0.00 0.00 0
120961 0.00 0.00 0.00 0
120969 0.00 0.00 0.00 0
120970 0.00 0.00 0.00 0
120971 0.00 0.00 0.00 0
120980 0.00 0.00 0.00 0
120981 0.00 0.00 0.00 0
120982 0.00 0.00 0.00 0
120983 0.00 0.00 0.00 0
120984 0.00 0.00 0.00 0
120985 0.00 0.00 0.00 0
120986 0.00 0.00 0.00 0
120998 0.00 0.00 0.00 0
120999 0.00 0.00 0.00 0
121000 0.00 0.00 0.00 0
121001 0.00 0.00 0.00 0
121002 0.00 0.00 0.00 0
121003 0.00 0.00 0.00 0
121004 0.00 0.00 0.00 0
121005 0.00 0.00 0.00 0
121006 0.00 0.00 0.00 0
121007 0.00 0.00 0.00 0
121019 0.00 0.00 0.00 0
121020 0.00 0.00 0.00 0
121021 0.00 0.00 0.00 0
121022 0.00 0.00 0.00 0
121023 0.00 0.00 0.00 0
121024 0.00 0.00 0.00 0
121025 0.00 0.00 0.00 0
121026 0.00 0.00 0.00 0
121027 0.00 0.00 0.00 0
121662 0.00 0.00 0.00 0
121670 0.00 0.00 0.00 0
121671 0.00 0.00 0.00 0
121684 0.00 0.00 0.00 0
121703 0.00 0.00 0.00 0
121719 0.00 0.00 0.00 0
121730 0.00 0.00 0.00 0
121736 0.00 0.00 0.00 0
121743 0.00 0.00 0.00 0
121752 0.00 0.00 0.00 0
121753 0.00 0.00 0.00 0
121760 0.00 0.00 0.00 0
121761 0.00 0.00 0.00 0
121764 0.00 0.00 0.00 0
121765 0.00 0.00 0.00 0
121769 0.00 0.00 0.00 0
121770 0.00 0.00 0.00 0
121773 0.00 0.00 0.00 0
121774 0.00 0.00 0.00 0
121775 0.00 0.00 0.00 0
121778 0.00 0.00 0.00 0
121779 0.00 0.00 0.00 0
121780 0.00 0.00 0.00 0
121782 0.00 0.00 0.00 0
121783 0.00 0.00 0.00 0
121784 0.00 0.00 0.00 0
121786 0.00 0.00 0.00 0
121787 0.00 0.00 0.00 0
121788 0.00 0.00 0.00 0
121791 0.00 0.00 0.00 0
121792 0.00 0.00 0.00 0
121794 0.00 0.00 0.00 0
121795 0.00 0.00 0.00 0
121797 0.00 0.00 0.00 0
121799 0.00 0.00 0.00 0
121800 0.00 0.00 0.00 0
121802 0.00 0.00 0.00 0
121803 0.00 0.00 0.00 0
121808 0.00 0.00 0.00 0
121809 0.00 0.00 0.00 0
121815 0.00 0.00 0.00 0
121816 0.00 0.00 0.00 0
121822 0.00 0.00 0.00 0
121823 0.00 0.00 0.00 0
121829 0.00 0.00 0.00 0
121830 0.00 0.00 0.00 0
121836 0.00 0.00 0.00 0
121837 0.00 0.00 0.00 0
121838 0.00 0.00 0.00 0
121839 0.00 0.00 0.00 0
121840 0.00 0.00 0.00 0
121841 0.00 0.00 0.00 0
121842 0.00 0.00 0.00 0
121843 0.00 0.00 0.00 0
121844 0.00 0.00 0.00 0
121845 0.00 0.00 0.00 0
121848 0.00 0.00 0.00 0
121852 0.00 0.00 0.00 0
121853 0.00 0.00 0.00 0
121860 0.00 0.00 0.00 0
121861 0.00 0.00 0.00 0
121862 0.00 0.00 0.00 0
121863 0.00 0.00 0.00 0
121864 0.00 0.00 0.00 0
121865 0.00 0.00 0.00 0
121866 0.00 0.00 0.00 0
121871 0.00 0.00 0.00 0
121872 0.00 0.00 0.00 0
121873 0.00 0.00 0.00 0
121878 0.00 0.00 0.00 0
121879 0.00 0.00 0.00 0
121880 0.00 0.00 0.00 0
121881 0.00 0.00 0.00 0
121882 0.00 0.00 0.00 0
121889 0.00 0.00 0.00 0
121890 0.00 0.00 0.00 0
121891 0.00 0.00 0.00 0
121892 0.00 0.00 0.00 0
121893 0.00 0.00 0.00 0
121898 0.00 0.00 0.00 0
121899 0.00 0.00 0.00 0
121900 0.00 0.00 0.00 0
121901 0.00 0.00 0.00 0
121902 0.00 0.00 0.00 0
121913 0.00 0.00 0.00 0
121914 0.00 0.00 0.00 0
121915 0.00 0.00 0.00 0
121916 0.00 0.00 0.00 0
121932 0.00 0.00 0.00 0
121933 0.00 0.00 0.00 0
121934 0.00 0.00 0.00 0
121935 0.00 0.00 0.00 0
121936 0.00 0.00 0.00 0
121945 0.00 0.00 0.00 0
121946 0.00 0.00 0.00 0
121947 0.00 0.00 0.00 0
121948 0.00 0.00 0.00 0
121949 0.00 0.00 0.00 0
121966 0.00 0.00 0.00 0
121967 0.00 0.00 0.00 0
121968 0.00 0.00 0.00 0
121969 0.00 0.00 0.00 0
121970 0.00 0.00 0.00 0
121971 0.00 0.00 0.00 0
121983 0.00 0.00 0.00 0
121984 0.00 0.00 0.00 0
121985 0.00 0.00 0.00 0
121986 0.00 0.00 0.00 0
121987 0.00 0.00 0.00 0
121988 0.00 0.00 0.00 0
121997 0.00 0.00 0.00 0
121998 0.00 0.00 0.00 0
121999 0.00 0.00 0.00 0
122000 0.00 0.00 0.00 0
122001 0.00 0.00 0.00 0
122011 0.00 0.00 0.00 0
122012 0.00 0.00 0.00 0
122013 0.00 0.00 0.00 0
122014 0.00 0.00 0.00 0
122015 0.00 0.00 0.00 0
122016 0.00 0.00 0.00 0
122027 0.00 0.00 0.00 0
122028 0.00 0.00 0.00 0
122029 0.00 0.00 0.00 0
122030 0.00 0.00 0.00 0
122031 0.00 0.00 0.00 0
122041 0.00 0.00 0.00 0
122042 0.00 0.00 0.00 0
122685 0.00 0.00 0.00 0
122691 0.00 0.00 0.00 0
122692 0.00 0.00 0.00 0
122705 0.00 0.00 0.00 0
122725 0.00 0.00 0.00 0
122737 0.00 0.00 0.00 0
122744 0.00 0.00 0.00 0
122751 0.00 0.00 0.00 0
122760 0.00 0.00 0.00 0
122761 0.00 0.00 0.00 0
122770 0.00 0.00 0.00 0
122771 0.00 0.00 0.00 0
122779 0.00 0.00 0.00 0
122780 0.00 0.00 0.00 0
122784 0.00 0.00 0.00 0
122785 0.00 0.00 0.00 0
122786 0.00 0.00 0.00 0
122789 0.00 0.00 0.00 0
122790 0.00 0.00 0.00 0
122791 0.00 0.00 0.00 0
122792 0.00 0.00 0.00 0
122794 0.00 0.00 0.00 0
122795 0.00 0.00 0.00 0
122796 0.00 0.00 0.00 0
122797 0.00 0.00 0.00 0
122798 0.00 0.00 0.00 0
122801 0.00 0.00 0.00 0
122802 0.00 0.00 0.00 0
122803 0.00 0.00 0.00 0
122804 0.00 0.00 0.00 0
122807 0.00 0.00 0.00 0
122808 0.00 0.00 0.00 0
122809 0.00 0.00 0.00 0
122810 0.00 0.00 0.00 0
122813 0.00 0.00 0.00 0
122814 0.00 0.00 0.00 0
122815 0.00 0.00 0.00 0
122818 0.00 0.00 0.00 0
122819 0.00 0.00 0.00 0
122821 0.00 0.00 0.00 0
122823 0.00 0.00 0.00 0
122825 0.00 0.00 0.00 0
122827 0.00 0.00 0.00 0
122828 0.00 0.00 0.00 0
122830 0.00 0.00 0.00 0
122831 0.00 0.00 0.00 0
122836 0.00 0.00 0.00 0
122837 0.00 0.00 0.00 0
122841 0.00 0.00 0.00 0
122842 0.00 0.00 0.00 0
122847 0.00 0.00 0.00 0
122848 0.00 0.00 0.00 0
122849 0.00 0.00 0.00 0
122855 0.00 0.00 0.00 0
122856 0.00 0.00 0.00 0
122857 0.00 0.00 0.00 0
122858 0.00 0.00 0.00 0
122859 0.00 0.00 0.00 0
122860 0.00 0.00 0.00 0
122861 0.00 0.00 0.00 0
122862 0.00 0.00 0.00 0
122863 0.00 0.00 0.00 0
122864 0.00 0.00 0.00 0
122865 0.00 0.00 0.00 0
122872 0.00 0.00 0.00 0
122873 0.00 0.00 0.00 0
122881 0.00 0.00 0.00 0
122882 0.00 0.00 0.00 0
122883 0.00 0.00 0.00 0
122884 0.00 0.00 0.00 0
122893 0.00 0.00 0.00 0
122894 0.00 0.00 0.00 0
122895 0.00 0.00 0.00 0
122900 0.00 0.00 0.00 0
122901 0.00 0.00 0.00 0
122902 0.00 0.00 0.00 0
122907 0.00 0.00 0.00 0
122908 0.00 0.00 0.00 0
122909 0.00 0.00 0.00 0
122910 0.00 0.00 0.00 0
122915 0.00 0.00 0.00 0
122916 0.00 0.00 0.00 0
122968 0.00 0.00 0.00 0
122969 0.00 0.00 0.00 0
122970 0.00 0.00 0.00 0
122983 0.00 0.00 0.00 0
122984 0.00 0.00 0.00 0
122985 0.00 0.00 0.00 0
122986 0.00 0.00 0.00 0
122987 0.00 0.00 0.00 0
122995 0.00 0.00 0.00 0
122996 0.00 0.00 0.00 0
122997 0.00 0.00 0.00 0
122998 0.00 0.00 0.00 0
122999 0.00 0.00 0.00 0
123000 0.00 0.00 0.00 0
123001 0.00 0.00 0.00 0
123014 0.00 0.00 0.00 0
123015 0.00 0.00 0.00 0
123016 0.00 0.00 0.00 0
123017 0.00 0.00 0.00 0
123018 0.00 0.00 0.00 0
123030 0.00 0.00 0.00 0
123031 0.00 0.00 0.00 0
123032 0.00 0.00 0.00 0
123033 0.00 0.00 0.00 0
123034 0.00 0.00 0.00 0
123041 0.00 0.00 0.00 0
123042 0.00 0.00 0.00 0
123043 0.00 0.00 0.00 0
123044 0.00 0.00 0.00 0
123045 0.00 0.00 0.00 0
123666 0.00 0.00 0.00 0
123667 0.00 0.00 0.00 0
123680 0.00 0.00 0.00 0
123697 0.00 0.00 0.00 0
123707 0.00 0.00 0.00 0
123713 0.00 0.00 0.00 0
123714 0.00 0.00 0.00 0
123721 0.00 0.00 0.00 0
123722 0.00 0.00 0.00 0
123730 0.00 0.00 0.00 0
123731 0.00 0.00 0.00 0
123732 0.00 0.00 0.00 0
123739 0.00 0.00 0.00 0
123740 0.00 0.00 0.00 0
123741 0.00 0.00 0.00 0
123747 0.00 0.00 0.00 0
123748 0.00 0.00 0.00 0
123749 0.00 0.00 0.00 0
123750 0.00 0.00 0.00 0
123754 0.00 0.00 0.00 0
123755 0.00 0.00 0.00 0
123756 0.00 0.00 0.00 0
123757 0.00 0.00 0.00 0
123760 0.00 0.00 0.00 0
123761 0.00 0.00 0.00 0
123762 0.00 0.00 0.00 0
123763 0.00 0.00 0.00 0
123766 0.00 0.00 0.00 0
123767 0.00 0.00 0.00 0
123769 0.00 0.00 0.00 0
123771 0.00 0.00 0.00 0
123772 0.00 0.00 0.00 0
123774 0.00 0.00 0.00 0
123776 0.00 0.00 0.00 0
123777 0.00 0.00 0.00 0
123779 0.00 0.00 0.00 0
123780 0.00 0.00 0.00 0
123782 0.00 0.00 0.00 0
123784 0.00 0.00 0.00 0
123785 0.00 0.00 0.00 0
123787 0.00 0.00 0.00 0
123788 0.00 0.00 0.00 0
123791 0.00 0.00 0.00 0
123792 0.00 0.00 0.00 0
123795 0.00 0.00 0.00 0
123796 0.00 0.00 0.00 0
123800 0.00 0.00 0.00 0
123801 0.00 0.00 0.00 0
123806 0.00 0.00 0.00 0
123807 0.00 0.00 0.00 0
123808 0.00 0.00 0.00 0
123809 0.00 0.00 0.00 0
123810 0.00 0.00 0.00 0
123811 0.00 0.00 0.00 0
123812 0.00 0.00 0.00 0
123813 0.00 0.00 0.00 0
123825 0.00 0.00 0.00 0
123826 0.00 0.00 0.00 0
123827 0.00 0.00 0.00 0
123828 0.00 0.00 0.00 0
123829 0.00 0.00 0.00 0
123830 0.00 0.00 0.00 0
123831 0.00 0.00 0.00 0
123832 0.00 0.00 0.00 0
123833 0.00 0.00 0.00 0
123846 0.00 0.00 0.00 0
123847 0.00 0.00 0.00 0
123863 0.00 0.00 0.00 0
123864 0.00 0.00 0.00 0
123865 0.00 0.00 0.00 0
123873 0.00 0.00 0.00 0
123874 0.00 0.00 0.00 0
123932 0.00 0.00 0.00 0
123933 0.00 0.00 0.00 0
123934 0.00 0.00 0.00 0
123935 0.00 0.00 0.00 0
123936 0.00 0.00 0.00 0
123950 0.00 0.00 0.00 0
123951 0.00 0.00 0.00 0
123952 0.00 0.00 0.00 0
123953 0.00 0.00 0.00 0
123967 0.00 0.00 0.00 0
123968 0.00 0.00 0.00 0
123969 0.00 0.00 0.00 0
123970 0.00 0.00 0.00 0
123971 0.00 0.00 0.00 0
123978 0.00 0.00 0.00 0
123979 0.00 0.00 0.00 0
123981 0.00 0.00 0.00 0
124561 0.00 0.00 0.00 0
124577 0.00 0.00 0.00 0
124578 0.00 0.00 0.00 0
124597 0.00 0.00 0.00 0
124614 0.00 0.00 0.00 0
124627 0.00 0.00 0.00 0
124633 0.00 0.00 0.00 0
124634 0.00 0.00 0.00 0
124639 0.00 0.00 0.00 0
124640 0.00 0.00 0.00 0
124644 0.00 0.00 0.00 0
124645 0.00 0.00 0.00 0
124646 0.00 0.00 0.00 0
124647 0.00 0.00 0.00 0
124651 0.00 0.00 0.00 0
124652 0.00 0.00 0.00 0
124653 0.00 0.00 0.00 0
124655 0.00 0.00 0.00 0
124656 0.00 0.00 0.00 0
124659 0.00 0.00 0.00 0
124660 0.00 0.00 0.00 0
124663 0.00 0.00 0.00 0
124664 0.00 0.00 0.00 0
124665 0.00 0.00 0.00 0
124666 0.00 0.00 0.00 0
124669 0.00 0.00 0.00 0
124670 0.00 0.00 0.00 0
124671 0.00 0.00 0.00 0
124672 0.00 0.00 0.00 0
124674 0.00 0.00 0.00 0
124675 0.00 0.00 0.00 0
124676 0.00 0.00 0.00 0
124677 0.00 0.00 0.00 0
124679 0.00 0.00 0.00 0
124680 0.00 0.00 0.00 0
124681 0.00 0.00 0.00 0
124682 0.00 0.00 0.00 0
124683 0.00 0.00 0.00 0
124685 0.00 0.00 0.00 0
124686 0.00 0.00 0.00 0
124687 0.00 0.00 0.00 0
124689 0.00 0.00 0.00 0
124690 0.00 0.00 0.00 0
124692 0.00 0.00 0.00 0
124693 0.00 0.00 0.00 0
124695 0.00 0.00 0.00 0
124696 0.00 0.00 0.00 0
124697 0.00 0.00 0.00 0
124698 0.00 0.00 0.00 0
124700 0.00 0.00 0.00 0
124701 0.00 0.00 0.00 0
124702 0.00 0.00 0.00 0
124703 0.00 0.00 0.00 0
124705 0.00 0.00 0.00 0
124706 0.00 0.00 0.00 0
124707 0.00 0.00 0.00 0
124710 0.00 0.00 0.00 0
124711 0.00 0.00 0.00 0
124712 0.00 0.00 0.00 0
124715 0.00 0.00 0.00 0
124716 0.00 0.00 0.00 0
124719 0.00 0.00 0.00 0
124720 0.00 0.00 0.00 0
124721 0.00 0.00 0.00 0
124722 0.00 0.00 0.00 0
124723 0.00 0.00 0.00 0
124736 0.00 0.00 0.00 0
124737 0.00 0.00 0.00 0
124738 0.00 0.00 0.00 0
124739 0.00 0.00 0.00 0
124740 0.00 0.00 0.00 0
124741 0.00 0.00 0.00 0
124742 0.00 0.00 0.00 0
124759 0.00 0.00 0.00 0
124760 0.00 0.00 0.00 0
124761 0.00 0.00 0.00 0
124768 0.00 0.00 0.00 0
124769 0.00 0.00 0.00 0
124775 0.00 0.00 0.00 0
124776 0.00 0.00 0.00 0
124783 0.00 0.00 0.00 0
125463 0.00 0.00 0.00 0
125464 0.00 0.00 0.00 0
125477 0.00 0.00 0.00 0
125487 0.00 0.00 0.00 0
125498 0.00 0.00 0.00 0
125499 0.00 0.00 0.00 0
125505 0.00 0.00 0.00 0
125506 0.00 0.00 0.00 0
125507 0.00 0.00 0.00 0
125512 0.00 0.00 0.00 0
125513 0.00 0.00 0.00 0
125514 0.00 0.00 0.00 0
125516 0.00 0.00 0.00 0
125517 0.00 0.00 0.00 0
125518 0.00 0.00 0.00 0
125522 0.00 0.00 0.00 0
125523 0.00 0.00 0.00 0
125528 0.00 0.00 0.00 0
125529 0.00 0.00 0.00 0
125530 0.00 0.00 0.00 0
125534 0.00 0.00 0.00 0
125535 0.00 0.00 0.00 0
125536 0.00 0.00 0.00 0
125537 0.00 0.00 0.00 0
125540 0.00 0.00 0.00 0
125541 0.00 0.00 0.00 0
125542 0.00 0.00 0.00 0
125543 0.00 0.00 0.00 0
125546 0.00 0.00 0.00 0
125547 0.00 0.00 0.00 0
125550 0.00 0.00 0.00 0
125551 0.00 0.00 0.00 0
125554 0.00 0.00 0.00 0
125555 0.00 0.00 0.00 0
125556 0.00 0.00 0.00 0
125558 0.00 0.00 0.00 0
125559 0.00 0.00 0.00 0
125560 0.00 0.00 0.00 0
125562 0.00 0.00 0.00 0
125563 0.00 0.00 0.00 0
125566 0.00 0.00 0.00 0
125567 0.00 0.00 0.00 0
125568 0.00 0.00 0.00 0
125569 0.00 0.00 0.00 0
125570 0.00 0.00 0.00 0
125571 0.00 0.00 0.00 0
125574 0.00 0.00 0.00 0
125575 0.00 0.00 0.00 0
125576 0.00 0.00 0.00 0
125577 0.00 0.00 0.00 0
125578 0.00 0.00 0.00 0
125579 0.00 0.00 0.00 0
125582 0.00 0.00 0.00 0
125583 0.00 0.00 0.00 0
125584 0.00 0.00 0.00 0
125585 0.00 0.00 0.00 0
125586 0.00 0.00 0.00 0
125589 0.00 0.00 0.00 0
125590 0.00 0.00 0.00 0
125591 0.00 0.00 0.00 0
125594 0.00 0.00 0.00 0
125595 0.00 0.00 0.00 0
125596 0.00 0.00 0.00 0
125599 0.00 0.00 0.00 0
125600 0.00 0.00 0.00 0
125613 0.00 0.00 0.00 0
125614 0.00 0.00 0.00 0
125615 0.00 0.00 0.00 0
125616 0.00 0.00 0.00 0
125617 0.00 0.00 0.00 0
125632 0.00 0.00 0.00 0
125633 0.00 0.00 0.00 0
125634 0.00 0.00 0.00 0
125635 0.00 0.00 0.00 0
125650 0.00 0.00 0.00 0
125651 0.00 0.00 0.00 0
125660 0.00 0.00 0.00 0
125661 0.00 0.00 0.00 0
125662 0.00 0.00 0.00 0
125673 0.00 0.00 0.00 0
126311 0.00 0.00 0.00 0
126312 0.00 0.00 0.00 0
126319 0.00 0.00 0.00 0
126325 0.00 0.00 0.00 0
126335 0.00 0.00 0.00 0
126336 0.00 0.00 0.00 0
126345 0.00 0.00 0.00 0
126346 0.00 0.00 0.00 0
126355 0.00 0.00 0.00 0
126356 0.00 0.00 0.00 0
126365 0.00 0.00 0.00 0
126377 0.00 0.00 0.00 0
126405 0.00 0.00 0.00 0
126406 0.00 0.00 0.00 0
126416 0.00 0.00 0.00 0
126417 0.00 0.00 0.00 0
126425 0.00 0.00 0.00 0
126426 0.00 0.00 0.00 0
126429 0.00 0.00 0.00 0
126430 0.00 0.00 0.00 0
126433 0.00 0.00 0.00 0
126434 0.00 0.00 0.00 0
126435 0.00 0.00 0.00 0
126438 0.00 0.00 0.00 0
126439 0.00 0.00 0.00 0
126440 0.00 0.00 0.00 0
126441 0.00 0.00 0.00 0
126442 0.00 0.00 0.00 0
126443 0.00 0.00 0.00 0
126447 0.00 0.00 0.00 0
126448 0.00 0.00 0.00 0
126449 0.00 0.00 0.00 0
126450 0.00 0.00 0.00 0
126451 0.00 0.00 0.00 0
126452 0.00 0.00 0.00 0
126455 0.00 0.00 0.00 0
126456 0.00 0.00 0.00 0
126457 0.00 0.00 0.00 0
126458 0.00 0.00 0.00 0
126461 0.00 0.00 0.00 0
126462 0.00 0.00 0.00 0
126466 0.00 0.00 0.00 0
126467 0.00 0.00 0.00 0
126468 0.00 0.00 0.00 0
126476 0.00 0.00 0.00 0
126477 0.00 0.00 0.00 0
126478 0.00 0.00 0.00 0
126488 0.00 0.00 0.00 0
126489 0.00 0.00 0.00 0
126490 0.00 0.00 0.00 0
126503 0.00 0.00 0.00 0
126504 0.00 0.00 0.00 0
126505 0.00 0.00 0.00 0
126506 0.00 0.00 0.00 0
126507 0.00 0.00 0.00 0
126515 0.00 0.00 0.00 0
126516 0.00 0.00 0.00 0
126517 0.00 0.00 0.00 0
126518 0.00 0.00 0.00 0
126526 0.00 0.00 0.00 0
126527 0.00 0.00 0.00 0
126528 0.00 0.00 0.00 0
126540 0.00 0.00 0.00 0
126541 0.00 0.00 0.00 0
126542 0.00 0.00 0.00 0
126543 0.00 0.00 0.00 0
126554 0.00 0.00 0.00 0
126555 0.00 0.00 0.00 0
127139 0.00 0.00 0.00 0
127146 0.00 0.00 0.00 0
127153 0.00 0.00 0.00 0
127154 0.00 0.00 0.00 0
127164 0.00 0.00 0.00 0
127165 0.00 0.00 0.00 0
127175 0.00 0.00 0.00 0
127176 0.00 0.00 0.00 0
127183 0.00 0.00 0.00 0
127184 0.00 0.00 0.00 0
127185 0.00 0.00 0.00 0
127194 0.00 0.00 0.00 0
127195 0.00 0.00 0.00 0
127253 0.00 0.00 0.00 0
127254 0.00 0.00 0.00 0
127263 0.00 0.00 0.00 0
127264 0.00 0.00 0.00 0
127266 0.00 0.00 0.00 0
127267 0.00 0.00 0.00 0
127270 0.00 0.00 0.00 0
127271 0.00 0.00 0.00 0
127272 0.00 0.00 0.00 0
127273 0.00 0.00 0.00 0
127274 0.00 0.00 0.00 0
127275 0.00 0.00 0.00 0
127276 0.00 0.00 0.00 0
127280 0.00 0.00 0.00 0
127281 0.00 0.00 0.00 0
127282 0.00 0.00 0.00 0
127283 0.00 0.00 0.00 0
127284 0.00 0.00 0.00 0
127285 0.00 0.00 0.00 0
127286 0.00 0.00 0.00 0
127289 0.00 0.00 0.00 0
127290 0.00 0.00 0.00 0
127293 0.00 0.00 0.00 0
127294 0.00 0.00 0.00 0
127297 0.00 0.00 0.00 0
127298 0.00 0.00 0.00 0
127306 0.00 0.00 0.00 0
127307 0.00 0.00 0.00 0
127308 0.00 0.00 0.00 0
127319 0.00 0.00 0.00 0
127320 0.00 0.00 0.00 0
127321 0.00 0.00 0.00 0
127322 0.00 0.00 0.00 0
127333 0.00 0.00 0.00 0
127334 0.00 0.00 0.00 0
127335 0.00 0.00 0.00 0
127341 0.00 0.00 0.00 0
127342 0.00 0.00 0.00 0
127343 0.00 0.00 0.00 0
127344 0.00 0.00 0.00 0
127345 0.00 0.00 0.00 0
127351 0.00 0.00 0.00 0
127352 0.00 0.00 0.00 0
127353 0.00 0.00 0.00 0
127354 0.00 0.00 0.00 0
127355 0.00 0.00 0.00 0
127362 0.00 0.00 0.00 0
127363 0.00 0.00 0.00 0
127364 0.00 0.00 0.00 0
127365 0.00 0.00 0.00 0
127375 0.00 0.00 0.00 0
127376 0.00 0.00 0.00 0
127377 0.00 0.00 0.00 0
127392 0.00 0.00 0.00 0
127986 0.00 0.00 0.00 0
127992 0.00 0.00 0.00 0
127993 0.00 0.00 0.00 0
128002 0.00 0.00 0.00 0
128010 0.00 0.00 0.00 0
128016 0.00 0.00 0.00 0
128094 0.00 0.00 0.00 0
128104 0.00 0.00 0.00 0
128105 0.00 0.00 0.00 0
128108 0.00 0.00 0.00 0
128109 0.00 0.00 0.00 0
128110 0.00 0.00 0.00 0
128111 0.00 0.00 0.00 0
128112 0.00 0.00 0.00 0
128117 0.00 0.00 0.00 0
128118 0.00 0.00 0.00 0
128119 0.00 0.00 0.00 0
128120 0.00 0.00 0.00 0
128121 0.00 0.00 0.00 0
128122 0.00 0.00 0.00 0
128123 0.00 0.00 0.00 0
128129 0.00 0.00 0.00 0
128130 0.00 0.00 0.00 0
128131 0.00 0.00 0.00 0
128132 0.00 0.00 0.00 0
128133 0.00 0.00 0.00 0
128134 0.00 0.00 0.00 0
128138 0.00 0.00 0.00 0
128139 0.00 0.00 0.00 0
128142 0.00 0.00 0.00 0
128143 0.00 0.00 0.00 0
128145 0.00 0.00 0.00 0
128146 0.00 0.00 0.00 0
128147 0.00 0.00 0.00 0
128156 0.00 0.00 0.00 0
128157 0.00 0.00 0.00 0
128158 0.00 0.00 0.00 0
128168 0.00 0.00 0.00 0
128169 0.00 0.00 0.00 0
128170 0.00 0.00 0.00 0
128171 0.00 0.00 0.00 0
128180 0.00 0.00 0.00 0
128181 0.00 0.00 0.00 0
128182 0.00 0.00 0.00 0
128183 0.00 0.00 0.00 0
128184 0.00 0.00 0.00 0
128185 0.00 0.00 0.00 0
128191 0.00 0.00 0.00 0
128192 0.00 0.00 0.00 0
128193 0.00 0.00 0.00 0
128194 0.00 0.00 0.00 0
128195 0.00 0.00 0.00 0
128196 0.00 0.00 0.00 0
128197 0.00 0.00 0.00 0
128204 0.00 0.00 0.00 0
128205 0.00 0.00 0.00 0
128206 0.00 0.00 0.00 0
128207 0.00 0.00 0.00 0
128214 0.00 0.00 0.00 0
128215 0.00 0.00 0.00 0
128237 0.00 0.00 0.00 0
128986 0.00 0.00 0.00 0
128996 0.00 0.00 0.00 0
129006 0.00 0.00 0.00 0
129007 0.00 0.00 0.00 0
129008 0.00 0.00 0.00 0
129009 0.00 0.00 0.00 0
129018 0.00 0.00 0.00 0
129019 0.00 0.00 0.00 0
129020 0.00 0.00 0.00 0
129021 0.00 0.00 0.00 0
129022 0.00 0.00 0.00 0
129028 0.00 0.00 0.00 0
129029 0.00 0.00 0.00 0
129037 0.00 0.00 0.00 0
129044 0.00 0.00 0.00 0
129045 0.00 0.00 0.00 0
129055 0.00 0.00 0.00 0
129056 0.00 0.00 0.00 0
129065 0.00 0.00 0.00 0
129066 0.00 0.00 0.00 0
129067 0.00 0.00 0.00 0
129074 0.00 0.00 0.00 0
129075 0.00 0.00 0.00 0
129076 0.00 0.00 0.00 0
129077 0.00 0.00 0.00 0
129078 0.00 0.00 0.00 0
129079 0.00 0.00 0.00 0
129080 0.00 0.00 0.00 0
129086 0.00 0.00 0.00 0
129087 0.00 0.00 0.00 0
129088 0.00 0.00 0.00 0
129089 0.00 0.00 0.00 0
129090 0.00 0.00 0.00 0
130011 0.00 0.00 0.00 0
156189 0.00 0.00 0.00 0
156190 0.00 0.00 0.00 0
156191 0.00 0.00 0.00 0
156192 0.00 0.00 0.00 0
156193 0.00 0.00 0.00 0
156194 0.00 0.00 0.00 0
156195 0.00 0.00 0.00 0
156196 0.00 0.00 0.00 0
156197 0.00 0.00 0.00 0
156198 0.00 0.00 0.00 0
156199 0.00 0.00 0.00 0
156200 0.00 0.00 0.00 0
156201 0.00 0.00 0.00 0
156202 0.00 0.00 0.00 0
156203 0.00 0.00 0.00 0
156204 0.00 0.00 0.00 0
156205 0.00 0.00 0.00 0
156206 0.00 0.00 0.00 0
156207 0.00 0.00 0.00 0
156208 0.00 0.00 0.00 0
156209 0.00 0.00 0.00 0
156210 0.00 0.00 0.00 0
156211 0.00 0.00 0.00 0
156212 0.00 0.00 0.00 0
156213 0.00 0.00 0.00 0
156214 0.00 0.00 0.00 0
156215 0.00 0.00 0.00 0
156216 0.00 0.00 0.00 0
156217 0.00 0.00 0.00 0
156218 0.00 0.00 0.00 0
156219 0.00 0.00 0.00 0
156220 0.00 0.00 0.00 0
156221 0.00 0.00 0.00 0
156222 0.00 0.00 0.00 0
156223 0.00 0.00 0.00 0
156224 0.00 0.00 0.00 0
156225 0.00 0.00 0.00 0
156226 0.00 0.00 0.00 0
156227 0.00 0.00 0.00 0
156228 0.00 0.00 0.00 0
156229 0.00 0.00 0.00 0
156230 0.00 0.00 0.00 0
156231 0.00 0.00 0.00 0
156232 0.00 0.00 0.00 0
156233 0.00 0.00 0.00 0
156234 0.00 0.00 0.00 0
156235 0.00 0.00 0.00 0
156236 0.00 0.00 0.00 0
156237 0.00 0.00 0.00 0
156238 0.00 0.00 0.00 0
156239 0.00 0.00 0.00 0
156240 0.00 0.00 0.00 0
156241 0.00 0.00 0.00 0
156242 0.00 0.00 0.00 0
156243 0.00 0.00 0.00 0
156244 0.00 0.00 0.00 0
156245 0.00 0.00 0.00 0
156246 0.00 0.00 0.00 0
156247 0.00 0.00 0.00 0
156248 0.00 0.00 0.00 0
156249 0.00 0.00 0.00 0
156250 0.00 0.00 0.00 0
156251 0.00 0.00 0.00 0
156461 0.00 0.00 0.00 0
156463 0.00 0.00 0.00 0
156472 0.00 0.00 0.00 0
156474 0.00 0.00 0.00 0
156483 0.00 0.00 0.00 0
156495 0.00 0.00 0.00 0
156496 0.00 0.00 0.00 0
156497 0.00 0.00 0.00 0
156519 0.00 0.00 0.00 0
156520 0.00 0.00 0.00 0
156521 0.00 0.00 0.00 0
156524 0.00 0.00 0.00 0
156530 0.00 0.00 0.00 0
156536 0.00 0.00 0.00 0
156545 0.00 0.00 0.00 0
156547 0.00 0.00 0.00 0
156548 0.00 0.00 0.00 0
156550 0.00 0.00 0.00 0
156554 0.00 0.00 0.00 0
156557 0.00 0.00 0.00 0
156559 0.00 0.00 0.00 0
156560 0.00 0.00 0.00 0
156564 0.00 0.00 0.00 0
156565 0.00 0.00 0.00 0
156566 0.00 0.00 0.00 0
156567 0.00 0.00 0.00 0
156568 0.00 0.00 0.00 0
156575 0.00 0.00 0.00 0
156576 0.00 0.00 0.00 0
156578 0.00 0.00 0.00 0
156579 0.00 0.00 0.00 0
156580 0.00 0.00 0.00 0
156582 0.00 0.00 0.00 0
156585 0.00 0.00 0.00 0
156586 0.00 0.00 0.00 0
156590 0.00 0.00 0.00 0
156591 0.00 0.00 0.00 0
156594 0.00 0.00 0.00 0
156596 0.00 0.00 0.00 0
156597 0.00 0.00 0.00 0
156601 0.00 0.00 0.00 0
156602 0.00 0.00 0.00 0
156603 0.00 0.00 0.00 0
156604 0.00 0.00 0.00 0
156605 0.00 0.00 0.00 0
156606 0.00 0.00 0.00 0
156607 0.00 0.00 0.00 0
156608 0.00 0.00 0.00 0
156609 0.00 0.00 0.00 0
156610 0.00 0.00 0.00 0
156611 0.00 0.00 0.00 0
156612 0.00 0.00 0.00 0
156613 0.00 0.00 0.00 0
156614 0.00 0.00 0.00 0
156615 0.00 0.00 0.00 0
156616 0.00 0.00 0.00 0
156617 0.00 0.00 0.00 0
156618 0.00 0.00 0.00 0
156619 0.00 0.00 0.00 0
156620 0.00 0.00 0.00 0
156621 0.00 0.00 0.00 0
156622 0.00 0.00 0.00 0
156623 0.00 0.00 0.00 0
156624 0.00 0.00 0.00 0
156625 0.00 0.00 0.00 0
156626 0.00 0.00 0.00 0
156627 0.00 0.00 0.00 0
