# insula
3471
61565 0.00 0.00 0.00 0
61576 0.00 0.00 0.00 0
61588 0.00 0.00 0.00 0
62822 0.00 0.00 0.00 0
62823 0.00 0.00 0.00 0
62843 0.00 0.00 0.00 0
62844 0.00 0.00 0.00 0
62845 0.00 0.00 0.00 0
62858 0.00 0.00 0.00 0
62859 0.00 0.00 0.00 0
62866 0.00 0.00 0.00 0
62867 0.00 0.00 0.00 0
64043 0.00 0.00 0.00 0
64044 0.00 0.00 0.00 0
64045 0.00 0.00 0.00 0
64046 0.00 0.00 0.00 0
64071 0.00 0.00 0.00 0
64072 0.00 0.00 0.00 0
64073 0.00 0.00 0.00 0
64074 0.00 0.00 0.00 0
64075 0.00 0.00 0.00 0
64094 0.00 0.00 0.00 0
64095 0.00 0.00 0.00 0
64096 0.00 0.00 0.00 0
64108 0.00 0.00 0.00 0
64109 0.00 0.00 0.00 0
64117 0.00 0.00 0.00 0
65394 0.00 0.00 0.00 0
65395 0.00 0.00 0.00 0
65396 0.00 0.00 0.00 0
65405 0.00 0.00 0.00 0
65406 0.00 0.00 0.00 0
65407 0.00 0.00 0.00 0
65408 0.00 0.00 0.00 0
65409 0.00 0.00 0.00 0
65417 0.00 0.00 0.00 0
65418 0.00 0.00 0.00 0
65419 0.00 0.00 0.00 0
65420 0.00 0.00 0.00 0
65421 0.00 0.00 0.00 0
65440 0.00 0.00 0.00 0
65441 0.00 0.00 0.00 0
65457 0.00 0.00 0.00 0
65458 0.00 0.00 0.00 0
65470 0.00 0.00 0.00 0
65471 0.00 0.00 0.00 0
65472 0.00 0.00 0.00 0
65479 0.00 0.00 0.00 0
65480 0.00 0.00 0.00 0
66679 0.00 0.00 0.00 0
66680 0.00 0.00 0.00 0
66681 0.00 0.00 0.00 0
66682 0.00 0.00 0.00 0
66683 0.00 0.00 0.00 0
66691 0.00 0.00 0.00 0
66692 0.00 0.00 0.00 0
66693 0.00 0.00 0.00 0
66694 0.00 0.00 0.00 0
66701 0.00 0.00 0.00 0
66702 0.00 0.00 0.00 0
66718 0.00 0.00 0.00 0
66719 0.00 0.00 0.00 0
66736 0.00 0.00 0.00 0
66755 0.00 0.00 0.00 0
66756 0.00 0.00 0.00 0
66769 0.00 0.00 0.00 0
66770 0.00 0.00 0.00 0
67955 0.00 0.00 0.00 0
67956 0.00 0.00 0.00 0
67957 0.00 0.00 0.00 0
67958 0.00 0.00 0.00 0
67974 0.00 0.00 0.00 0
67975 0.00 0.00 0.00 0
67976 0.00 0.00 0.00 0
67990 0.00 0.00 0.00 0
67991 0.00 0.00 0.00 0
68006 0.00 0.00 0.00 0
68024 0.00 0.00 0.00 0
68025 0.00 0.00 0.00 0
68045 0.00 0.00 0.00 0
68046 0.00 0.00 0.00 0
68064 0.00 0.00 0.00 0
68065 0.00 0.00 0.00 0
68066 0.00 0.00 0.00 0
68086 0.00 0.00 0.00 0
68087 0.00 0.00 0.00 0
69236 0.00 0.00 0.00 0
69237 0.00 0.00 0.00 0
69238 0.00 0.00 0.00 0
69249 0.00 0.00 0.00 0
69250 0.00 0.00 0.00 0
69251 0.00 0.00 0.00 0
69261 0.00 0.00 0.00 0
69262 0.00 0.00 0.00 0
69280 0.00 0.00 0.00 0
69301 0.00 0.00 0.00 0
69302 0.00 0.00 0.00 0
69319 0.00 0.00 0.00 0
69320 0.00 0.00 0.00 0
69327 0.00 0.00 0.00 0
69339 0.00 0.00 0.00 0
69340 0.00 0.00 0.00 0
69363 0.00 0.00 0.00 0
69364 0.00 0.00 0.00 0
69377 0.00 0.00 0.00 0
69378 0.00 0.00 0.00 0
70567 0.00 0.00 0.00 0
70568 0.00 0.00 0.00 0
70569 0.00 0.00 0.00 0
70577 0.00 0.00 0.00 0
70578 0.00 0.00 0.00 0
70579 0.00 0.00 0.00 0
70580 0.00 0.00 0.00 0
70587 0.00 0.00 0.00 0
70588 0.00 0.00 0.00 0
70605 0.00 0.00 0.00 0
70622 0.00 0.00 0.00 0
70636 0.00 0.00 0.00 0
70637 0.00 0.00 0.00 0
70649 0.00 0.00 0.00 0
70650 0.00 0.00 0.00 0
70661 0.00 0.00 0.00 0
70679 0.00 0.00 0.00 0
70680 0.00 0.00 0.00 0
70695 0.00 0.00 0.00 0
70696 0.00 0.00 0.00 0
70711 0.00 0.00 0.00 0
70712 0.00 0.00 0.00 0
71862 0.00 0.00 0.00 0
71863 0.00 0.00 0.00 0
71873 0.00 0.00 0.00 0
71874 0.00 0.00 0.00 0
71875 0.00 0.00 0.00 0
71876 0.00 0.00 0.00 0
71877 0.00 0.00 0.00 0
71878 0.00 0.00 0.00 0
71885 0.00 0.00 0.00 0
71886 0.00 0.00 0.00 0
71902 0.00 0.00 0.00 0
71915 0.00 0.00 0.00 0
71923 0.00 0.00 0.00 0
71932 0.00 0.00 0.00 0
71933 0.00 0.00 0.00 0
71944 0.00 0.00 0.00 0
71945 0.00 0.00 0.00 0
71958 0.00 0.00 0.00 0
71972 0.00 0.00 0.00 0
71973 0.00 0.00 0.00 0
71988 0.00 0.00 0.00 0
71997 0.00 0.00 0.00 0
71998 0.00 0.00 0.00 0
73002 0.00 0.00 0.00 0
73003 0.00 0.00 0.00 0
73016 0.00 0.00 0.00 0
73017 0.00 0.00 0.00 0
73018 0.00 0.00 0.00 0
73019 0.00 0.00 0.00 0
73020 0.00 0.00 0.00 0
73021 0.00 0.00 0.00 0
73029 0.00 0.00 0.00 0
73030 0.00 0.00 0.00 0
73031 0.00 0.00 0.00 0
73047 0.00 0.00 0.00 0
73058 0.00 0.00 0.00 0
73066 0.00 0.00 0.00 0
73075 0.00 0.00 0.00 0
73083 0.00 0.00 0.00 0
73084 0.00 0.00 0.00 0
73092 0.00 0.00 0.00 0
73100 0.00 0.00 0.00 0
73101 0.00 0.00 0.00 0
73115 0.00 0.00 0.00 0
73116 0.00 0.00 0.00 0
73126 0.00 0.00 0.00 0
73127 0.00 0.00 0.00 0
73135 0.00 0.00 0.00 0
73136 0.00 0.00 0.00 0
74109 0.00 0.00 0.00 0
74110 0.00 0.00 0.00 0
74124 0.00 0.00 0.00 0
74125 0.00 0.00 0.00 0
74126 0.00 0.00 0.00 0
74127 0.00 0.00 0.00 0
74128 0.00 0.00 0.00 0
74140 0.00 0.00 0.00 0
74141 0.00 0.00 0.00 0
74142 0.00 0.00 0.00 0
74143 0.00 0.00 0.00 0
74158 0.00 0.00 0.00 0
74159 0.00 0.00 0.00 0
74176 0.00 0.00 0.00 0
74184 0.00 0.00 0.00 0
74192 0.00 0.00 0.00 0
74200 0.00 0.00 0.00 0
74201 0.00 0.00 0.00 0
74211 0.00 0.00 0.00 0
74212 0.00 0.00 0.00 0
74221 0.00 0.00 0.00 0
74222 0.00 0.00 0.00 0
74233 0.00 0.00 0.00 0
74234 0.00 0.00 0.00 0
74248 0.00 0.00 0.00 0
74258 0.00 0.00 0.00 0
74259 0.00 0.00 0.00 0
74270 0.00 0.00 0.00 0
75282 0.00 0.00 0.00 0
75283 0.00 0.00 0.00 0
75284 0.00 0.00 0.00 0
75299 0.00 0.00 0.00 0
75300 0.00 0.00 0.00 0
75301 0.00 0.00 0.00 0
75302 0.00 0.00 0.00 0
75303 0.00 0.00 0.00 0
75315 0.00 0.00 0.00 0
75316 0.00 0.00 0.00 0
75317 0.00 0.00 0.00 0
75318 0.00 0.00 0.00 0
75328 0.00 0.00 0.00 0
75329 0.00 0.00 0.00 0
75330 0.00 0.00 0.00 0
75345 0.00 0.00 0.00 0
75346 0.00 0.00 0.00 0
75355 0.00 0.00 0.00 0
75356 0.00 0.00 0.00 0
75364 0.00 0.00 0.00 0
75365 0.00 0.00 0.00 0
75375 0.00 0.00 0.00 0
75376 0.00 0.00 0.00 0
75385 0.00 0.00 0.00 0
75386 0.00 0.00 0.00 0
75394 0.00 0.00 0.00 0
75395 0.00 0.00 0.00 0
75404 0.00 0.00 0.00 0
75405 0.00 0.00 0.00 0
75419 0.00 0.00 0.00 0
75431 0.00 0.00 0.00 0
75432 0.00 0.00 0.00 0
75439 0.00 0.00 0.00 0
75440 0.00 0.00 0.00 0
75450 0.00 0.00 0.00 0
75451 0.00 0.00 0.00 0
76546 0.00 0.00 0.00 0
76547 0.00 0.00 0.00 0
76548 0.00 0.00 0.00 0
76560 0.00 0.00 0.00 0
76561 0.00 0.00 0.00 0
76562 0.00 0.00 0.00 0
76563 0.00 0.00 0.00 0
76578 0.00 0.00 0.00 0
76579 0.00 0.00 0.00 0
76595 0.00 0.00 0.00 0
76596 0.00 0.00 0.00 0
76612 0.00 0.00 0.00 0
76626 0.00 0.00 0.00 0
76634 0.00 0.00 0.00 0
76643 0.00 0.00 0.00 0
76650 0.00 0.00 0.00 0
76651 0.00 0.00 0.00 0
76658 0.00 0.00 0.00 0
76659 0.00 0.00 0.00 0
76668 0.00 0.00 0.00 0
76678 0.00 0.00 0.00 0
76693 0.00 0.00 0.00 0
76694 0.00 0.00 0.00 0
76703 0.00 0.00 0.00 0
76712 0.00 0.00 0.00 0
76713 0.00 0.00 0.00 0
76714 0.00 0.00 0.00 0
76725 0.00 0.00 0.00 0
76726 0.00 0.00 0.00 0
76743 0.00 0.00 0.00 0
77712 0.00 0.00 0.00 0
77713 0.00 0.00 0.00 0
77714 0.00 0.00 0.00 0
77715 0.00 0.00 0.00 0
77716 0.00 0.00 0.00 0
77736 0.00 0.00 0.00 0
77737 0.00 0.00 0.00 0
77738 0.00 0.00 0.00 0
77739 0.00 0.00 0.00 0
77740 0.00 0.00 0.00 0
77759 0.00 0.00 0.00 0
77760 0.00 0.00 0.00 0
77761 0.00 0.00 0.00 0
77778 0.00 0.00 0.00 0
77779 0.00 0.00 0.00 0
77795 0.00 0.00 0.00 0
77813 0.00 0.00 0.00 0
77814 0.00 0.00 0.00 0
77827 0.00 0.00 0.00 0
77828 0.00 0.00 0.00 0
77835 0.00 0.00 0.00 0
77836 0.00 0.00 0.00 0
77841 0.00 0.00 0.00 0
77842 0.00 0.00 0.00 0
77845 0.00 0.00 0.00 0
77846 0.00 0.00 0.00 0
77856 0.00 0.00 0.00 0
77857 0.00 0.00 0.00 0
77867 0.00 0.00 0.00 0
77881 0.00 0.00 0.00 0
77882 0.00 0.00 0.00 0
77894 0.00 0.00 0.00 0
77903 0.00 0.00 0.00 0
77904 0.00 0.00 0.00 0
77914 0.00 0.00 0.00 0
77915 0.00 0.00 0.00 0
77923 0.00 0.00 0.00 0
78960 0.00 0.00 0.00 0
78982 0.00 0.00 0.00 0
78983 0.00 0.00 0.00 0
78984 0.00 0.00 0.00 0
78985 0.00 0.00 0.00 0
79007 0.00 0.00 0.00 0
79008 0.00 0.00 0.00 0
79009 0.00 0.00 0.00 0
79010 0.00 0.00 0.00 0
79011 0.00 0.00 0.00 0
79025 0.00 0.00 0.00 0
79026 0.00 0.00 0.00 0
79027 0.00 0.00 0.00 0
79028 0.00 0.00 0.00 0
79044 0.00 0.00 0.00 0
79045 0.00 0.00 0.00 0
79064 0.00 0.00 0.00 0
79083 0.00 0.00 0.00 0
79103 0.00 0.00 0.00 0
79104 0.00 0.00 0.00 0
79118 0.00 0.00 0.00 0
79125 0.00 0.00 0.00 0
79127 0.00 0.00 0.00 0
79128 0.00 0.00 0.00 0
79130 0.00 0.00 0.00 0
79131 0.00 0.00 0.00 0
79141 0.00 0.00 0.00 0
79142 0.00 0.00 0.00 0
79151 0.00 0.00 0.00 0
79152 0.00 0.00 0.00 0
79164 0.00 0.00 0.00 0
79165 0.00 0.00 0.00 0
79178 0.00 0.00 0.00 0
79186 0.00 0.00 0.00 0
79187 0.00 0.00 0.00 0
79195 0.00 0.00 0.00 0
79196 0.00 0.00 0.00 0
79205 0.00 0.00 0.00 0
79206 0.00 0.00 0.00 0
79221 0.00 0.00 0.00 0
79240 0.00 0.00 0.00 0
80294 0.00 0.00 0.00 0
80295 0.00 0.00 0.00 0
80296 0.00 0.00 0.00 0
80311 0.00 0.00 0.00 0
80312 0.00 0.00 0.00 0
80313 0.00 0.00 0.00 0
80325 0.00 0.00 0.00 0
80326 0.00 0.00 0.00 0
80338 0.00 0.00 0.00 0
80339 0.00 0.00 0.00 0
80349 0.00 0.00 0.00 0
80350 0.00 0.00 0.00 0
80361 0.00 0.00 0.00 0
80374 0.00 0.00 0.00 0
80391 0.00 0.00 0.00 0
80392 0.00 0.00 0.00 0
80404 0.00 0.00 0.00 0
80412 0.00 0.00 0.00 0
80413 0.00 0.00 0.00 0
80416 0.00 0.00 0.00 0
80417 0.00 0.00 0.00 0
80420 0.00 0.00 0.00 0
80421 0.00 0.00 0.00 0
80431 0.00 0.00 0.00 0
80438 0.00 0.00 0.00 0
80446 0.00 0.00 0.00 0
80459 0.00 0.00 0.00 0
80460 0.00 0.00 0.00 0
80467 0.00 0.00 0.00 0
80468 0.00 0.00 0.00 0
80475 0.00 0.00 0.00 0
80476 0.00 0.00 0.00 0
80484 0.00 0.00 0.00 0
80485 0.00 0.00 0.00 0
80499 0.00 0.00 0.00 0
80500 0.00 0.00 0.00 0
80514 0.00 0.00 0.00 0
80515 0.00 0.00 0.00 0
80525 0.00 0.00 0.00 0
80526 0.00 0.00 0.00 0
81568 0.00 0.00 0.00 0
81569 0.00 0.00 0.00 0
81570 0.00 0.00 0.00 0
81581 0.00 0.00 0.00 0
81582 0.00 0.00 0.00 0
81583 0.00 0.00 0.00 0
81592 0.00 0.00 0.00 0
81593 0.00 0.00 0.00 0
81602 0.00 0.00 0.00 0
81603 0.00 0.00 0.00 0
81612 0.00 0.00 0.00 0
81619 0.00 0.00 0.00 0
81628 0.00 0.00 0.00 0
81639 0.00 0.00 0.00 0
81649 0.00 0.00 0.00 0
81650 0.00 0.00 0.00 0
81656 0.00 0.00 0.00 0
81664 0.00 0.00 0.00 0
81665 0.00 0.00 0.00 0
81668 0.00 0.00 0.00 0
81669 0.00 0.00 0.00 0
81671 0.00 0.00 0.00 0
81672 0.00 0.00 0.00 0
81673 0.00 0.00 0.00 0
81682 0.00 0.00 0.00 0
81683 0.00 0.00 0.00 0
81693 0.00 0.00 0.00 0
81694 0.00 0.00 0.00 0
81703 0.00 0.00 0.00 0
81715 0.00 0.00 0.00 0
81716 0.00 0.00 0.00 0
81724 0.00 0.00 0.00 0
81732 0.00 0.00 0.00 0
81733 0.00 0.00 0.00 0
81739 0.00 0.00 0.00 0
81751 0.00 0.00 0.00 0
81752 0.00 0.00 0.00 0
81764 0.00 0.00 0.00 0
81765 0.00 0.00 0.00 0
81773 0.00 0.00 0.00 0
82766 0.00 0.00 0.00 0
82767 0.00 0.00 0.00 0
82768 0.00 0.00 0.00 0
82769 0.00 0.00 0.00 0
82777 0.00 0.00 0.00 0
82778 0.00 0.00 0.00 0
82786 0.00 0.00 0.00 0
82787 0.00 0.00 0.00 0
82795 0.00 0.00 0.00 0
82796 0.00 0.00 0.00 0
82797 0.00 0.00 0.00 0
82807 0.00 0.00 0.00 0
82808 0.00 0.00 0.00 0
82816 0.00 0.00 0.00 0
82824 0.00 0.00 0.00 0
82834 0.00 0.00 0.00 0
82842 0.00 0.00 0.00 0
82843 0.00 0.00 0.00 0
82852 0.00 0.00 0.00 0
82853 0.00 0.00 0.00 0
82862 0.00 0.00 0.00 0
82863 0.00 0.00 0.00 0
82866 0.00 0.00 0.00 0
82869 0.00 0.00 0.00 0
82870 0.00 0.00 0.00 0
82879 0.00 0.00 0.00 0
82880 0.00 0.00 0.00 0
82893 0.00 0.00 0.00 0
82894 0.00 0.00 0.00 0
82907 0.00 0.00 0.00 0
82908 0.00 0.00 0.00 0
82919 0.00 0.00 0.00 0
82920 0.00 0.00 0.00 0
82921 0.00 0.00 0.00 0
82930 0.00 0.00 0.00 0
82931 0.00 0.00 0.00 0
82940 0.00 0.00 0.00 0
82941 0.00 0.00 0.00 0
82948 0.00 0.00 0.00 0
82963 0.00 0.00 0.00 0
82974 0.00 0.00 0.00 0
82975 0.00 0.00 0.00 0
82982 0.00 0.00 0.00 0
82983 0.00 0.00 0.00 0
82984 0.00 0.00 0.00 0
82992 0.00 0.00 0.00 0
83968 0.00 0.00 0.00 0
83969 0.00 0.00 0.00 0
83976 0.00 0.00 0.00 0
83977 0.00 0.00 0.00 0
83978 0.00 0.00 0.00 0
83979 0.00 0.00 0.00 0
83980 0.00 0.00 0.00 0
83991 0.00 0.00 0.00 0
84000 0.00 0.00 0.00 0
84008 0.00 0.00 0.00 0
84009 0.00 0.00 0.00 0
84010 0.00 0.00 0.00 0
84019 0.00 0.00 0.00 0
84020 0.00 0.00 0.00 0
84021 0.00 0.00 0.00 0
84022 0.00 0.00 0.00 0
84030 0.00 0.00 0.00 0
84031 0.00 0.00 0.00 0
84032 0.00 0.00 0.00 0
84033 0.00 0.00 0.00 0
84044 0.00 0.00 0.00 0
84045 0.00 0.00 0.00 0
84046 0.00 0.00 0.00 0
84047 0.00 0.00 0.00 0
84057 0.00 0.00 0.00 0
84058 0.00 0.00 0.00 0
84067 0.00 0.00 0.00 0
84076 0.00 0.00 0.00 0
84077 0.00 0.00 0.00 0
84084 0.00 0.00 0.00 0
84085 0.00 0.00 0.00 0
84088 0.00 0.00 0.00 0
84090 0.00 0.00 0.00 0
84097 0.00 0.00 0.00 0
84098 0.00 0.00 0.00 0
84111 0.00 0.00 0.00 0
84112 0.00 0.00 0.00 0
84131 0.00 0.00 0.00 0
84132 0.00 0.00 0.00 0
84147 0.00 0.00 0.00 0
84148 0.00 0.00 0.00 0
84158 0.00 0.00 0.00 0
84159 0.00 0.00 0.00 0
84172 0.00 0.00 0.00 0
84173 0.00 0.00 0.00 0
84181 0.00 0.00 0.00 0
84194 0.00 0.00 0.00 0
84203 0.00 0.00 0.00 0
84210 0.00 0.00 0.00 0
84211 0.00 0.00 0.00 0
84220 0.00 0.00 0.00 0
85201 0.00 0.00 0.00 0
85202 0.00 0.00 0.00 0
85203 0.00 0.00 0.00 0
85204 0.00 0.00 0.00 0
85209 0.00 0.00 0.00 0
85210 0.00 0.00 0.00 0
85211 0.00 0.00 0.00 0
85212 0.00 0.00 0.00 0
85213 0.00 0.00 0.00 0
85214 0.00 0.00 0.00 0
85225 0.00 0.00 0.00 0
85226 0.00 0.00 0.00 0
85239 0.00 0.00 0.00 0
85240 0.00 0.00 0.00 0
85253 0.00 0.00 0.00 0
85254 0.00 0.00 0.00 0
85267 0.00 0.00 0.00 0
85276 0.00 0.00 0.00 0
85277 0.00 0.00 0.00 0
85290 0.00 0.00 0.00 0
85291 0.00 0.00 0.00 0
85292 0.00 0.00 0.00 0
85293 0.00 0.00 0.00 0
85306 0.00 0.00 0.00 0
85307 0.00 0.00 0.00 0
85308 0.00 0.00 0.00 0
85309 0.00 0.00 0.00 0
85310 0.00 0.00 0.00 0
85321 0.00 0.00 0.00 0
85322 0.00 0.00 0.00 0
85331 0.00 0.00 0.00 0
85332 0.00 0.00 0.00 0
85333 0.00 0.00 0.00 0
85340 0.00 0.00 0.00 0
85341 0.00 0.00 0.00 0
85342 0.00 0.00 0.00 0
85345 0.00 0.00 0.00 0
85346 0.00 0.00 0.00 0
85348 0.00 0.00 0.00 0
85349 0.00 0.00 0.00 0
85354 0.00 0.00 0.00 0
85355 0.00 0.00 0.00 0
85366 0.00 0.00 0.00 0
85367 0.00 0.00 0.00 0
85382 0.00 0.00 0.00 0
85383 0.00 0.00 0.00 0
85402 0.00 0.00 0.00 0
85403 0.00 0.00 0.00 0
85422 0.00 0.00 0.00 0
85423 0.00 0.00 0.00 0
85439 0.00 0.00 0.00 0
85440 0.00 0.00 0.00 0
85450 0.00 0.00 0.00 0
85451 0.00 0.00 0.00 0
85467 0.00 0.00 0.00 0
85474 0.00 0.00 0.00 0
85480 0.00 0.00 0.00 0
85481 0.00 0.00 0.00 0
85488 0.00 0.00 0.00 0
85489 0.00 0.00 0.00 0
86507 0.00 0.00 0.00 0
86508 0.00 0.00 0.00 0
86509 0.00 0.00 0.00 0
86510 0.00 0.00 0.00 0
86514 0.00 0.00 0.00 0
86515 0.00 0.00 0.00 0
86516 0.00 0.00 0.00 0
86517 0.00 0.00 0.00 0
86524 0.00 0.00 0.00 0
86531 0.00 0.00 0.00 0
86532 0.00 0.00 0.00 0
86542 0.00 0.00 0.00 0
86543 0.00 0.00 0.00 0
86544 0.00 0.00 0.00 0
86557 0.00 0.00 0.00 0
86558 0.00 0.00 0.00 0
86572 0.00 0.00 0.00 0
86573 0.00 0.00 0.00 0
86591 0.00 0.00 0.00 0
86592 0.00 0.00 0.00 0
86593 0.00 0.00 0.00 0
86594 0.00 0.00 0.00 0
86609 0.00 0.00 0.00 0
86610 0.00 0.00 0.00 0
86611 0.00 0.00 0.00 0
86612 0.00 0.00 0.00 0
86613 0.00 0.00 0.00 0
86614 0.00 0.00 0.00 0
86625 0.00 0.00 0.00 0
86626 0.00 0.00 0.00 0
86627 0.00 0.00 0.00 0
86628 0.00 0.00 0.00 0
86629 0.00 0.00 0.00 0
86630 0.00 0.00 0.00 0
86638 0.00 0.00 0.00 0
86639 0.00 0.00 0.00 0
86640 0.00 0.00 0.00 0
86641 0.00 0.00 0.00 0
86642 0.00 0.00 0.00 0
86646 0.00 0.00 0.00 0
86647 0.00 0.00 0.00 0
86648 0.00 0.00 0.00 0
86651 0.00 0.00 0.00 0
86652 0.00 0.00 0.00 0
86655 0.00 0.00 0.00 0
86656 0.00 0.00 0.00 0
86658 0.00 0.00 0.00 0
86659 0.00 0.00 0.00 0
86669 0.00 0.00 0.00 0
86670 0.00 0.00 0.00 0
86671 0.00 0.00 0.00 0
86689 0.00 0.00 0.00 0
86690 0.00 0.00 0.00 0
86691 0.00 0.00 0.00 0
86710 0.00 0.00 0.00 0
86711 0.00 0.00 0.00 0
86712 0.00 0.00 0.00 0
86728 0.00 0.00 0.00 0
86729 0.00 0.00 0.00 0
86730 0.00 0.00 0.00 0
86743 0.00 0.00 0.00 0
86744 0.00 0.00 0.00 0
86745 0.00 0.00 0.00 0
86756 0.00 0.00 0.00 0
86757 0.00 0.00 0.00 0
86773 0.00 0.00 0.00 0
86782 0.00 0.00 0.00 0
86791 0.00 0.00 0.00 0
86792 0.00 0.00 0.00 0
86802 0.00 0.00 0.00 0
86803 0.00 0.00 0.00 0
86804 0.00 0.00 0.00 0
86822 0.00 0.00 0.00 0
86823 0.00 0.00 0.00 0
87841 0.00 0.00 0.00 0
87842 0.00 0.00 0.00 0
87843 0.00 0.00 0.00 0
87844 0.00 0.00 0.00 0
87848 0.00 0.00 0.00 0
87849 0.00 0.00 0.00 0
87850 0.00 0.00 0.00 0
87851 0.00 0.00 0.00 0
87852 0.00 0.00 0.00 0
87853 0.00 0.00 0.00 0
87859 0.00 0.00 0.00 0
87860 0.00 0.00 0.00 0
87867 0.00 0.00 0.00 0
87868 0.00 0.00 0.00 0
87875 0.00 0.00 0.00 0
87876 0.00 0.00 0.00 0
87877 0.00 0.00 0.00 0
87886 0.00 0.00 0.00 0
87887 0.00 0.00 0.00 0
87888 0.00 0.00 0.00 0
87889 0.00 0.00 0.00 0
87899 0.00 0.00 0.00 0
87900 0.00 0.00 0.00 0
87901 0.00 0.00 0.00 0
87902 0.00 0.00 0.00 0
87922 0.00 0.00 0.00 0
87923 0.00 0.00 0.00 0
87924 0.00 0.00 0.00 0
87925 0.00 0.00 0.00 0
87935 0.00 0.00 0.00 0
87936 0.00 0.00 0.00 0
87937 0.00 0.00 0.00 0
87938 0.00 0.00 0.00 0
87939 0.00 0.00 0.00 0
87947 0.00 0.00 0.00 0
87948 0.00 0.00 0.00 0
87949 0.00 0.00 0.00 0
87952 0.00 0.00 0.00 0
87953 0.00 0.00 0.00 0
87954 0.00 0.00 0.00 0
87955 0.00 0.00 0.00 0
87958 0.00 0.00 0.00 0
87959 0.00 0.00 0.00 0
87960 0.00 0.00 0.00 0
87961 0.00 0.00 0.00 0
87964 0.00 0.00 0.00 0
87965 0.00 0.00 0.00 0
87966 0.00 0.00 0.00 0
87969 0.00 0.00 0.00 0
87970 0.00 0.00 0.00 0
87972 0.00 0.00 0.00 0
87977 0.00 0.00 0.00 0
87978 0.00 0.00 0.00 0
87992 0.00 0.00 0.00 0
87993 0.00 0.00 0.00 0
88007 0.00 0.00 0.00 0
88008 0.00 0.00 0.00 0
88019 0.00 0.00 0.00 0
88020 0.00 0.00 0.00 0
88021 0.00 0.00 0.00 0
88034 0.00 0.00 0.00 0
88035 0.00 0.00 0.00 0
88036 0.00 0.00 0.00 0
88051 0.00 0.00 0.00 0
88066 0.00 0.00 0.00 0
88077 0.00 0.00 0.00 0
88089 0.00 0.00 0.00 0
88090 0.00 0.00 0.00 0
88103 0.00 0.00 0.00 0
88104 0.00 0.00 0.00 0
88118 0.00 0.00 0.00 0
88119 0.00 0.00 0.00 0
89084 0.00 0.00 0.00 0
89085 0.00 0.00 0.00 0
89086 0.00 0.00 0.00 0
89097 0.00 0.00 0.00 0
89098 0.00 0.00 0.00 0
89099 0.00 0.00 0.00 0
89100 0.00 0.00 0.00 0
89101 0.00 0.00 0.00 0
89102 0.00 0.00 0.00 0
89111 0.00 0.00 0.00 0
89112 0.00 0.00 0.00 0
89122 0.00 0.00 0.00 0
89123 0.00 0.00 0.00 0
89130 0.00 0.00 0.00 0
89131 0.00 0.00 0.00 0
89140 0.00 0.00 0.00 0
89141 0.00 0.00 0.00 0
89142 0.00 0.00 0.00 0
89156 0.00 0.00 0.00 0
89157 0.00 0.00 0.00 0
89158 0.00 0.00 0.00 0
89177 0.00 0.00 0.00 0
89178 0.00 0.00 0.00 0
89179 0.00 0.00 0.00 0
89181 0.00 0.00 0.00 0
89182 0.00 0.00 0.00 0
89183 0.00 0.00 0.00 0
89184 0.00 0.00 0.00 0
89185 0.00 0.00 0.00 0
89186 0.00 0.00 0.00 0
89190 0.00 0.00 0.00 0
89191 0.00 0.00 0.00 0
89192 0.00 0.00 0.00 0
89193 0.00 0.00 0.00 0
89194 0.00 0.00 0.00 0
89195 0.00 0.00 0.00 0
89196 0.00 0.00 0.00 0
89199 0.00 0.00 0.00 0
89200 0.00 0.00 0.00 0
89201 0.00 0.00 0.00 0
89202 0.00 0.00 0.00 0
89203 0.00 0.00 0.00 0
89204 0.00 0.00 0.00 0
89206 0.00 0.00 0.00 0
89207 0.00 0.00 0.00 0
89209 0.00 0.00 0.00 0
89210 0.00 0.00 0.00 0
89212 0.00 0.00 0.00 0
89213 0.00 0.00 0.00 0
89215 0.00 0.00 0.00 0
89216 0.00 0.00 0.00 0
89218 0.00 0.00 0.00 0
89219 0.00 0.00 0.00 0
89230 0.00 0.00 0.00 0
89244 0.00 0.00 0.00 0
89249 0.00 0.00 0.00 0
89250 0.00 0.00 0.00 0
89251 0.00 0.00 0.00 0
89256 0.00 0.00 0.00 0
89257 0.00 0.00 0.00 0
89270 0.00 0.00 0.00 0
89271 0.00 0.00 0.00 0
89284 0.00 0.00 0.00 0
89295 0.00 0.00 0.00 0
89303 0.00 0.00 0.00 0
89304 0.00 0.00 0.00 0
89314 0.00 0.00 0.00 0
89315 0.00 0.00 0.00 0
89322 0.00 0.00 0.00 0
89323 0.00 0.00 0.00 0
89324 0.00 0.00 0.00 0
89341 0.00 0.00 0.00 0
90310 0.00 0.00 0.00 0
90311 0.00 0.00 0.00 0
90312 0.00 0.00 0.00 0
90313 0.00 0.00 0.00 0
90314 0.00 0.00 0.00 0
90315 0.00 0.00 0.00 0
90328 0.00 0.00 0.00 0
90329 0.00 0.00 0.00 0
90330 0.00 0.00 0.00 0
90331 0.00 0.00 0.00 0
90332 0.00 0.00 0.00 0
90333 0.00 0.00 0.00 0
90344 0.00 0.00 0.00 0
90355 0.00 0.00 0.00 0
90363 0.00 0.00 0.00 0
90364 0.00 0.00 0.00 0
90380 0.00 0.00 0.00 0
90381 0.00 0.00 0.00 0
90393 0.00 0.00 0.00 0
90394 0.00 0.00 0.00 0
90401 0.00 0.00 0.00 0
90405 0.00 0.00 0.00 0
90406 0.00 0.00 0.00 0
90408 0.00 0.00 0.00 0
90409 0.00 0.00 0.00 0
90410 0.00 0.00 0.00 0
90411 0.00 0.00 0.00 0
90412 0.00 0.00 0.00 0
90413 0.00 0.00 0.00 0
90415 0.00 0.00 0.00 0
90416 0.00 0.00 0.00 0
90417 0.00 0.00 0.00 0
90418 0.00 0.00 0.00 0
90419 0.00 0.00 0.00 0
90421 0.00 0.00 0.00 0
90422 0.00 0.00 0.00 0
90423 0.00 0.00 0.00 0
90424 0.00 0.00 0.00 0
90425 0.00 0.00 0.00 0
90427 0.00 0.00 0.00 0
90428 0.00 0.00 0.00 0
90429 0.00 0.00 0.00 0
90431 0.00 0.00 0.00 0
90433 0.00 0.00 0.00 0
90442 0.00 0.00 0.00 0
90455 0.00 0.00 0.00 0
90459 0.00 0.00 0.00 0
90460 0.00 0.00 0.00 0
90461 0.00 0.00 0.00 0
90468 0.00 0.00 0.00 0
90469 0.00 0.00 0.00 0
90480 0.00 0.00 0.00 0
90481 0.00 0.00 0.00 0
90488 0.00 0.00 0.00 0
90496 0.00 0.00 0.00 0
90505 0.00 0.00 0.00 0
90506 0.00 0.00 0.00 0
90520 0.00 0.00 0.00 0
90521 0.00 0.00 0.00 0
90533 0.00 0.00 0.00 0
90534 0.00 0.00 0.00 0
90547 0.00 0.00 0.00 0
91487 0.00 0.00 0.00 0
91488 0.00 0.00 0.00 0
91489 0.00 0.00 0.00 0
91505 0.00 0.00 0.00 0
91506 0.00 0.00 0.00 0
91507 0.00 0.00 0.00 0
91508 0.00 0.00 0.00 0
91509 0.00 0.00 0.00 0
91510 0.00 0.00 0.00 0
91511 0.00 0.00 0.00 0
91523 0.00 0.00 0.00 0
91535 0.00 0.00 0.00 0
91545 0.00 0.00 0.00 0
91562 0.00 0.00 0.00 0
91563 0.00 0.00 0.00 0
91582 0.00 0.00 0.00 0
91583 0.00 0.00 0.00 0
91592 0.00 0.00 0.00 0
91593 0.00 0.00 0.00 0
91599 0.00 0.00 0.00 0
91601 0.00 0.00 0.00 0
91602 0.00 0.00 0.00 0
91604 0.00 0.00 0.00 0
91605 0.00 0.00 0.00 0
91607 0.00 0.00 0.00 0
91608 0.00 0.00 0.00 0
91610 0.00 0.00 0.00 0
91611 0.00 0.00 0.00 0
91612 0.00 0.00 0.00 0
91613 0.00 0.00 0.00 0
91615 0.00 0.00 0.00 0
91616 0.00 0.00 0.00 0
91618 0.00 0.00 0.00 0
91619 0.00 0.00 0.00 0
91625 0.00 0.00 0.00 0
91626 0.00 0.00 0.00 0
91640 0.00 0.00 0.00 0
91645 0.00 0.00 0.00 0
91646 0.00 0.00 0.00 0
91655 0.00 0.00 0.00 0
91656 0.00 0.00 0.00 0
91668 0.00 0.00 0.00 0
91669 0.00 0.00 0.00 0
91681 0.00 0.00 0.00 0
91682 0.00 0.00 0.00 0
91699 0.00 0.00 0.00 0
91720 0.00 0.00 0.00 0
91721 0.00 0.00 0.00 0
91742 0.00 0.00 0.00 0
91743 0.00 0.00 0.00 0
91761 0.00 0.00 0.00 0
91762 0.00 0.00 0.00 0
92635 0.00 0.00 0.00 0
92636 0.00 0.00 0.00 0
92637 0.00 0.00 0.00 0
92638 0.00 0.00 0.00 0
92650 0.00 0.00 0.00 0
92651 0.00 0.00 0.00 0
92652 0.00 0.00 0.00 0
92653 0.00 0.00 0.00 0
92654 0.00 0.00 0.00 0
92655 0.00 0.00 0.00 0
92656 0.00 0.00 0.00 0
92668 0.00 0.00 0.00 0
92677 0.00 0.00 0.00 0
92687 0.00 0.00 0.00 0
92700 0.00 0.00 0.00 0
92701 0.00 0.00 0.00 0
92722 0.00 0.00 0.00 0
92723 0.00 0.00 0.00 0
92745 0.00 0.00 0.00 0
92746 0.00 0.00 0.00 0
92761 0.00 0.00 0.00 0
92769 0.00 0.00 0.00 0
92770 0.00 0.00 0.00 0
92772 0.00 0.00 0.00 0
92773 0.00 0.00 0.00 0
92775 0.00 0.00 0.00 0
92777 0.00 0.00 0.00 0
92778 0.00 0.00 0.00 0
92779 0.00 0.00 0.00 0
92781 0.00 0.00 0.00 0
92782 0.00 0.00 0.00 0
92783 0.00 0.00 0.00 0
92784 0.00 0.00 0.00 0
92786 0.00 0.00 0.00 0
92787 0.00 0.00 0.00 0
92793 0.00 0.00 0.00 0
92794 0.00 0.00 0.00 0
92808 0.00 0.00 0.00 0
92814 0.00 0.00 0.00 0
92815 0.00 0.00 0.00 0
92825 0.00 0.00 0.00 0
92826 0.00 0.00 0.00 0
92837 0.00 0.00 0.00 0
92850 0.00 0.00 0.00 0
92851 0.00 0.00 0.00 0
92861 0.00 0.00 0.00 0
92869 0.00 0.00 0.00 0
92870 0.00 0.00 0.00 0
92881 0.00 0.00 0.00 0
92882 0.00 0.00 0.00 0
92892 0.00 0.00 0.00 0
92893 0.00 0.00 0.00 0
92894 0.00 0.00 0.00 0
93706 0.00 0.00 0.00 0
93707 0.00 0.00 0.00 0
93708 0.00 0.00 0.00 0
93715 0.00 0.00 0.00 0
93716 0.00 0.00 0.00 0
93717 0.00 0.00 0.00 0
93718 0.00 0.00 0.00 0
93719 0.00 0.00 0.00 0
93720 0.00 0.00 0.00 0
93721 0.00 0.00 0.00 0
93730 0.00 0.00 0.00 0
93731 0.00 0.00 0.00 0
93732 0.00 0.00 0.00 0
93733 0.00 0.00 0.00 0
93734 0.00 0.00 0.00 0
93735 0.00 0.00 0.00 0
93736 0.00 0.00 0.00 0
93737 0.00 0.00 0.00 0
93747 0.00 0.00 0.00 0
93748 0.00 0.00 0.00 0
93749 0.00 0.00 0.00 0
93750 0.00 0.00 0.00 0
93751 0.00 0.00 0.00 0
93768 0.00 0.00 0.00 0
93785 0.00 0.00 0.00 0
93798 0.00 0.00 0.00 0
93804 0.00 0.00 0.00 0
93805 0.00 0.00 0.00 0
93815 0.00 0.00 0.00 0
93816 0.00 0.00 0.00 0
93834 0.00 0.00 0.00 0
93855 0.00 0.00 0.00 0
93856 0.00 0.00 0.00 0
93876 0.00 0.00 0.00 0
93877 0.00 0.00 0.00 0
93892 0.00 0.00 0.00 0
93894 0.00 0.00 0.00 0
93896 0.00 0.00 0.00 0
93897 0.00 0.00 0.00 0
93899 0.00 0.00 0.00 0
93900 0.00 0.00 0.00 0
93901 0.00 0.00 0.00 0
93902 0.00 0.00 0.00 0
93905 0.00 0.00 0.00 0
93906 0.00 0.00 0.00 0
93907 0.00 0.00 0.00 0
93908 0.00 0.00 0.00 0
93915 0.00 0.00 0.00 0
93916 0.00 0.00 0.00 0
93930 0.00 0.00 0.00 0
93938 0.00 0.00 0.00 0
93939 0.00 0.00 0.00 0
93949 0.00 0.00 0.00 0
93950 0.00 0.00 0.00 0
93962 0.00 0.00 0.00 0
93972 0.00 0.00 0.00 0
93973 0.00 0.00 0.00 0
93981 0.00 0.00 0.00 0
93988 0.00 0.00 0.00 0
93989 0.00 0.00 0.00 0
93996 0.00 0.00 0.00 0
93997 0.00 0.00 0.00 0
94002 0.00 0.00 0.00 0
94003 0.00 0.00 0.00 0
94004 0.00 0.00 0.00 0
94767 0.00 0.00 0.00 0
94768 0.00 0.00 0.00 0
94769 0.00 0.00 0.00 0
94770 0.00 0.00 0.00 0
94771 0.00 0.00 0.00 0
94772 0.00 0.00 0.00 0
94780 0.00 0.00 0.00 0
94781 0.00 0.00 0.00 0
94782 0.00 0.00 0.00 0
94783 0.00 0.00 0.00 0
94784 0.00 0.00 0.00 0
94785 0.00 0.00 0.00 0
94786 0.00 0.00 0.00 0
94793 0.00 0.00 0.00 0
94794 0.00 0.00 0.00 0
94803 0.00 0.00 0.00 0
94804 0.00 0.00 0.00 0
94816 0.00 0.00 0.00 0
94831 0.00 0.00 0.00 0
94850 0.00 0.00 0.00 0
94851 0.00 0.00 0.00 0
94867 0.00 0.00 0.00 0
94868 0.00 0.00 0.00 0
94869 0.00 0.00 0.00 0
94884 0.00 0.00 0.00 0
94885 0.00 0.00 0.00 0
94901 0.00 0.00 0.00 0
94902 0.00 0.00 0.00 0
94916 0.00 0.00 0.00 0
94917 0.00 0.00 0.00 0
94931 0.00 0.00 0.00 0
94950 0.00 0.00 0.00 0
94967 0.00 0.00 0.00 0
94969 0.00 0.00 0.00 0
94970 0.00 0.00 0.00 0
94972 0.00 0.00 0.00 0
94973 0.00 0.00 0.00 0
94976 0.00 0.00 0.00 0
94977 0.00 0.00 0.00 0
94978 0.00 0.00 0.00 0
94979 0.00 0.00 0.00 0
94984 0.00 0.00 0.00 0
94985 0.00 0.00 0.00 0
94998 0.00 0.00 0.00 0
94999 0.00 0.00 0.00 0
95011 0.00 0.00 0.00 0
95012 0.00 0.00 0.00 0
95021 0.00 0.00 0.00 0
95022 0.00 0.00 0.00 0
95033 0.00 0.00 0.00 0
95034 0.00 0.00 0.00 0
95045 0.00 0.00 0.00 0
95046 0.00 0.00 0.00 0
95057 0.00 0.00 0.00 0
95064 0.00 0.00 0.00 0
95065 0.00 0.00 0.00 0
95071 0.00 0.00 0.00 0
95072 0.00 0.00 0.00 0
95077 0.00 0.00 0.00 0
95078 0.00 0.00 0.00 0
95079 0.00 0.00 0.00 0
95086 0.00 0.00 0.00 0
95916 0.00 0.00 0.00 0
95917 0.00 0.00 0.00 0
95918 0.00 0.00 0.00 0
95919 0.00 0.00 0.00 0
95920 0.00 0.00 0.00 0
95921 0.00 0.00 0.00 0
95930 0.00 0.00 0.00 0
95931 0.00 0.00 0.00 0
95932 0.00 0.00 0.00 0
95933 0.00 0.00 0.00 0
95942 0.00 0.00 0.00 0
95952 0.00 0.00 0.00 0
95953 0.00 0.00 0.00 0
95964 0.00 0.00 0.00 0
95975 0.00 0.00 0.00 0
95986 0.00 0.00 0.00 0
95987 0.00 0.00 0.00 0
95995 0.00 0.00 0.00 0
95996 0.00 0.00 0.00 0
96005 0.00 0.00 0.00 0
96006 0.00 0.00 0.00 0
96020 0.00 0.00 0.00 0
96021 0.00 0.00 0.00 0
96036 0.00 0.00 0.00 0
96037 0.00 0.00 0.00 0
96047 0.00 0.00 0.00 0
96048 0.00 0.00 0.00 0
96055 0.00 0.00 0.00 0
96056 0.00 0.00 0.00 0
96073 0.00 0.00 0.00 0
96086 0.00 0.00 0.00 0
96088 0.00 0.00 0.00 0
96089 0.00 0.00 0.00 0
96092 0.00 0.00 0.00 0
96093 0.00 0.00 0.00 0
96094 0.00 0.00 0.00 0
96095 0.00 0.00 0.00 0
96099 0.00 0.00 0.00 0
96100 0.00 0.00 0.00 0
96107 0.00 0.00 0.00 0
96108 0.00 0.00 0.00 0
96109 0.00 0.00 0.00 0
96123 0.00 0.00 0.00 0
96124 0.00 0.00 0.00 0
96125 0.00 0.00 0.00 0
96135 0.00 0.00 0.00 0
96136 0.00 0.00 0.00 0
96137 0.00 0.00 0.00 0
96149 0.00 0.00 0.00 0
96150 0.00 0.00 0.00 0
96151 0.00 0.00 0.00 0
96162 0.00 0.00 0.00 0
96163 0.00 0.00 0.00 0
96175 0.00 0.00 0.00 0
96184 0.00 0.00 0.00 0
96185 0.00 0.00 0.00 0
96193 0.00 0.00 0.00 0
96194 0.00 0.00 0.00 0
96199 0.00 0.00 0.00 0
96200 0.00 0.00 0.00 0
96201 0.00 0.00 0.00 0
97086 0.00 0.00 0.00 0
97087 0.00 0.00 0.00 0
97096 0.00 0.00 0.00 0
97097 0.00 0.00 0.00 0
97098 0.00 0.00 0.00 0
97099 0.00 0.00 0.00 0
97100 0.00 0.00 0.00 0
97101 0.00 0.00 0.00 0
97110 0.00 0.00 0.00 0
97111 0.00 0.00 0.00 0
97112 0.00 0.00 0.00 0
97123 0.00 0.00 0.00 0
97124 0.00 0.00 0.00 0
97131 0.00 0.00 0.00 0
97132 0.00 0.00 0.00 0
97139 0.00 0.00 0.00 0
97140 0.00 0.00 0.00 0
97147 0.00 0.00 0.00 0
97148 0.00 0.00 0.00 0
97156 0.00 0.00 0.00 0
97157 0.00 0.00 0.00 0
97158 0.00 0.00 0.00 0
97165 0.00 0.00 0.00 0
97166 0.00 0.00 0.00 0
97173 0.00 0.00 0.00 0
97174 0.00 0.00 0.00 0
97184 0.00 0.00 0.00 0
97185 0.00 0.00 0.00 0
97200 0.00 0.00 0.00 0
97201 0.00 0.00 0.00 0
97213 0.00 0.00 0.00 0
97223 0.00 0.00 0.00 0
97224 0.00 0.00 0.00 0
97232 0.00 0.00 0.00 0
97233 0.00 0.00 0.00 0
97247 0.00 0.00 0.00 0
97253 0.00 0.00 0.00 0
97254 0.00 0.00 0.00 0
97257 0.00 0.00 0.00 0
97258 0.00 0.00 0.00 0
97259 0.00 0.00 0.00 0
97260 0.00 0.00 0.00 0
97262 0.00 0.00 0.00 0
97263 0.00 0.00 0.00 0
97264 0.00 0.00 0.00 0
97265 0.00 0.00 0.00 0
97270 0.00 0.00 0.00 0
97271 0.00 0.00 0.00 0
97284 0.00 0.00 0.00 0
97299 0.00 0.00 0.00 0
97300 0.00 0.00 0.00 0
97310 0.00 0.00 0.00 0
97311 0.00 0.00 0.00 0
97312 0.00 0.00 0.00 0
97322 0.00 0.00 0.00 0
97323 0.00 0.00 0.00 0
97338 0.00 0.00 0.00 0
97339 0.00 0.00 0.00 0
97349 0.00 0.00 0.00 0
97350 0.00 0.00 0.00 0
97351 0.00 0.00 0.00 0
97359 0.00 0.00 0.00 0
97360 0.00 0.00 0.00 0
97366 0.00 0.00 0.00 0
97367 0.00 0.00 0.00 0
97368 0.00 0.00 0.00 0
97378 0.00 0.00 0.00 0
98289 0.00 0.00 0.00 0
98290 0.00 0.00 0.00 0
98295 0.00 0.00 0.00 0
98296 0.00 0.00 0.00 0
98297 0.00 0.00 0.00 0
98298 0.00 0.00 0.00 0
98299 0.00 0.00 0.00 0
98300 0.00 0.00 0.00 0
98306 0.00 0.00 0.00 0
98316 0.00 0.00 0.00 0
98317 0.00 0.00 0.00 0
98324 0.00 0.00 0.00 0
98325 0.00 0.00 0.00 0
98332 0.00 0.00 0.00 0
98333 0.00 0.00 0.00 0
98338 0.00 0.00 0.00 0
98339 0.00 0.00 0.00 0
98346 0.00 0.00 0.00 0
98347 0.00 0.00 0.00 0
98348 0.00 0.00 0.00 0
98353 0.00 0.00 0.00 0
98354 0.00 0.00 0.00 0
98360 0.00 0.00 0.00 0
98361 0.00 0.00 0.00 0
98362 0.00 0.00 0.00 0
98368 0.00 0.00 0.00 0
98369 0.00 0.00 0.00 0
98370 0.00 0.00 0.00 0
98379 0.00 0.00 0.00 0
98380 0.00 0.00 0.00 0
98389 0.00 0.00 0.00 0
98390 0.00 0.00 0.00 0
98399 0.00 0.00 0.00 0
98400 0.00 0.00 0.00 0
98408 0.00 0.00 0.00 0
98409 0.00 0.00 0.00 0
98422 0.00 0.00 0.00 0
98423 0.00 0.00 0.00 0
98434 0.00 0.00 0.00 0
98435 0.00 0.00 0.00 0
98437 0.00 0.00 0.00 0
98438 0.00 0.00 0.00 0
98439 0.00 0.00 0.00 0
98440 0.00 0.00 0.00 0
98442 0.00 0.00 0.00 0
98443 0.00 0.00 0.00 0
98444 0.00 0.00 0.00 0
98445 0.00 0.00 0.00 0
98446 0.00 0.00 0.00 0
98447 0.00 0.00 0.00 0
98451 0.00 0.00 0.00 0
98452 0.00 0.00 0.00 0
98453 0.00 0.00 0.00 0
98454 0.00 0.00 0.00 0
98455 0.00 0.00 0.00 0
98462 0.00 0.00 0.00 0
98463 0.00 0.00 0.00 0
98478 0.00 0.00 0.00 0
98479 0.00 0.00 0.00 0
98489 0.00 0.00 0.00 0
98490 0.00 0.00 0.00 0
98491 0.00 0.00 0.00 0
98497 0.00 0.00 0.00 0
98498 0.00 0.00 0.00 0
98499 0.00 0.00 0.00 0
98511 0.00 0.00 0.00 0
98512 0.00 0.00 0.00 0
98522 0.00 0.00 0.00 0
98523 0.00 0.00 0.00 0
98532 0.00 0.00 0.00 0
98539 0.00 0.00 0.00 0
98540 0.00 0.00 0.00 0
98541 0.00 0.00 0.00 0
98553 0.00 0.00 0.00 0
98554 0.00 0.00 0.00 0
99526 0.00 0.00 0.00 0
99527 0.00 0.00 0.00 0
99528 0.00 0.00 0.00 0
99529 0.00 0.00 0.00 0
99530 0.00 0.00 0.00 0
99537 0.00 0.00 0.00 0
99549 0.00 0.00 0.00 0
99560 0.00 0.00 0.00 0
99567 0.00 0.00 0.00 0
99573 0.00 0.00 0.00 0
99574 0.00 0.00 0.00 0
99581 0.00 0.00 0.00 0
99582 0.00 0.00 0.00 0
99587 0.00 0.00 0.00 0
99588 0.00 0.00 0.00 0
99593 0.00 0.00 0.00 0
99594 0.00 0.00 0.00 0
99595 0.00 0.00 0.00 0
99601 0.00 0.00 0.00 0
99602 0.00 0.00 0.00 0
99608 0.00 0.00 0.00 0
99616 0.00 0.00 0.00 0
99626 0.00 0.00 0.00 0
99627 0.00 0.00 0.00 0
99639 0.00 0.00 0.00 0
99652 0.00 0.00 0.00 0
99664 0.00 0.00 0.00 0
99669 0.00 0.00 0.00 0
99671 0.00 0.00 0.00 0
99672 0.00 0.00 0.00 0
99673 0.00 0.00 0.00 0
99674 0.00 0.00 0.00 0
99675 0.00 0.00 0.00 0
99676 0.00 0.00 0.00 0
99680 0.00 0.00 0.00 0
99681 0.00 0.00 0.00 0
99682 0.00 0.00 0.00 0
99683 0.00 0.00 0.00 0
99684 0.00 0.00 0.00 0
99690 0.00 0.00 0.00 0
99691 0.00 0.00 0.00 0
99707 0.00 0.00 0.00 0
99708 0.00 0.00 0.00 0
99709 0.00 0.00 0.00 0
99724 0.00 0.00 0.00 0
99725 0.00 0.00 0.00 0
99726 0.00 0.00 0.00 0
99732 0.00 0.00 0.00 0
99753 0.00 0.00 0.00 0
99754 0.00 0.00 0.00 0
99765 0.00 0.00 0.00 0
99773 0.00 0.00 0.00 0
99774 0.00 0.00 0.00 0
99786 0.00 0.00 0.00 0
99787 0.00 0.00 0.00 0
99788 0.00 0.00 0.00 0
99811 0.00 0.00 0.00 0
100776 0.00 0.00 0.00 0
100777 0.00 0.00 0.00 0
100778 0.00 0.00 0.00 0
100779 0.00 0.00 0.00 0
100780 0.00 0.00 0.00 0
100785 0.00 0.00 0.00 0
100786 0.00 0.00 0.00 0
100787 0.00 0.00 0.00 0
100795 0.00 0.00 0.00 0
100796 0.00 0.00 0.00 0
100810 0.00 0.00 0.00 0
100811 0.00 0.00 0.00 0
100825 0.00 0.00 0.00 0
100826 0.00 0.00 0.00 0
100835 0.00 0.00 0.00 0
100836 0.00 0.00 0.00 0
100844 0.00 0.00 0.00 0
100850 0.00 0.00 0.00 0
100851 0.00 0.00 0.00 0
100857 0.00 0.00 0.00 0
100858 0.00 0.00 0.00 0
100864 0.00 0.00 0.00 0
100868 0.00 0.00 0.00 0
100869 0.00 0.00 0.00 0
100874 0.00 0.00 0.00 0
100875 0.00 0.00 0.00 0
100884 0.00 0.00 0.00 0
100885 0.00 0.00 0.00 0
100894 0.00 0.00 0.00 0
100895 0.00 0.00 0.00 0
100904 0.00 0.00 0.00 0
100914 0.00 0.00 0.00 0
100921 0.00 0.00 0.00 0
100925 0.00 0.00 0.00 0
100926 0.00 0.00 0.00 0
100927 0.00 0.00 0.00 0
100928 0.00 0.00 0.00 0
100930 0.00 0.00 0.00 0
100931 0.00 0.00 0.00 0
100932 0.00 0.00 0.00 0
100933 0.00 0.00 0.00 0
100937 0.00 0.00 0.00 0
100947 0.00 0.00 0.00 0
100948 0.00 0.00 0.00 0
100962 0.00 0.00 0.00 0
100963 0.00 0.00 0.00 0
100964 0.00 0.00 0.00 0
100974 0.00 0.00 0.00 0
100975 0.00 0.00 0.00 0
100993 0.00 0.00 0.00 0
100994 0.00 0.00 0.00 0
100995 0.00 0.00 0.00 0
101006 0.00 0.00 0.00 0
101007 0.00 0.00 0.00 0
101008 0.00 0.00 0.00 0
101016 0.00 0.00 0.00 0
101017 0.00 0.00 0.00 0
101018 0.00 0.00 0.00 0
101019 0.00 0.00 0.00 0
101034 0.00 0.00 0.00 0
101035 0.00 0.00 0.00 0
101036 0.00 0.00 0.00 0
101062 0.00 0.00 0.00 0
101063 0.00 0.00 0.00 0
101990 0.00 0.00 0.00 0
101991 0.00 0.00 0.00 0
101992 0.00 0.00 0.00 0
101993 0.00 0.00 0.00 0
101998 0.00 0.00 0.00 0
101999 0.00 0.00 0.00 0
102000 0.00 0.00 0.00 0
102001 0.00 0.00 0.00 0
102008 0.00 0.00 0.00 0
102009 0.00 0.00 0.00 0
102020 0.00 0.00 0.00 0
102036 0.00 0.00 0.00 0
102037 0.00 0.00 0.00 0
102054 0.00 0.00 0.00 0
102055 0.00 0.00 0.00 0
102056 0.00 0.00 0.00 0
102073 0.00 0.00 0.00 0
102074 0.00 0.00 0.00 0
102087 0.00 0.00 0.00 0
102088 0.00 0.00 0.00 0
102095 0.00 0.00 0.00 0
102096 0.00 0.00 0.00 0
102103 0.00 0.00 0.00 0
102108 0.00 0.00 0.00 0
102109 0.00 0.00 0.00 0
102114 0.00 0.00 0.00 0
102115 0.00 0.00 0.00 0
102122 0.00 0.00 0.00 0
102123 0.00 0.00 0.00 0
102132 0.00 0.00 0.00 0
102133 0.00 0.00 0.00 0
102142 0.00 0.00 0.00 0
102150 0.00 0.00 0.00 0
102157 0.00 0.00 0.00 0
102161 0.00 0.00 0.00 0
102162 0.00 0.00 0.00 0
102164 0.00 0.00 0.00 0
102165 0.00 0.00 0.00 0
102166 0.00 0.00 0.00 0
102167 0.00 0.00 0.00 0
102171 0.00 0.00 0.00 0
102172 0.00 0.00 0.00 0
102173 0.00 0.00 0.00 0
102184 0.00 0.00 0.00 0
102185 0.00 0.00 0.00 0
102200 0.00 0.00 0.00 0
102201 0.00 0.00 0.00 0
102212 0.00 0.00 0.00 0
102213 0.00 0.00 0.00 0
102221 0.00 0.00 0.00 0
102222 0.00 0.00 0.00 0
102223 0.00 0.00 0.00 0
102224 0.00 0.00 0.00 0
102233 0.00 0.00 0.00 0
102234 0.00 0.00 0.00 0
102235 0.00 0.00 0.00 0
102244 0.00 0.00 0.00 0
102245 0.00 0.00 0.00 0
102246 0.00 0.00 0.00 0
102258 0.00 0.00 0.00 0
102259 0.00 0.00 0.00 0
102260 0.00 0.00 0.00 0
102261 0.00 0.00 0.00 0
102286 0.00 0.00 0.00 0
102287 0.00 0.00 0.00 0
102319 0.00 0.00 0.00 0
102320 0.00 0.00 0.00 0
102321 0.00 0.00 0.00 0
102344 0.00 0.00 0.00 0
103139 0.00 0.00 0.00 0
103140 0.00 0.00 0.00 0
103141 0.00 0.00 0.00 0
103147 0.00 0.00 0.00 0
103148 0.00 0.00 0.00 0
103149 0.00 0.00 0.00 0
103150 0.00 0.00 0.00 0
103151 0.00 0.00 0.00 0
103157 0.00 0.00 0.00 0
103166 0.00 0.00 0.00 0
103173 0.00 0.00 0.00 0
103182 0.00 0.00 0.00 0
103183 0.00 0.00 0.00 0
103194 0.00 0.00 0.00 0
103195 0.00 0.00 0.00 0
103210 0.00 0.00 0.00 0
103211 0.00 0.00 0.00 0
103225 0.00 0.00 0.00 0
103226 0.00 0.00 0.00 0
103227 0.00 0.00 0.00 0
103239 0.00 0.00 0.00 0
103240 0.00 0.00 0.00 0
103247 0.00 0.00 0.00 0
103248 0.00 0.00 0.00 0
103253 0.00 0.00 0.00 0
103261 0.00 0.00 0.00 0
103262 0.00 0.00 0.00 0
103272 0.00 0.00 0.00 0
103273 0.00 0.00 0.00 0
103274 0.00 0.00 0.00 0
103282 0.00 0.00 0.00 0
103289 0.00 0.00 0.00 0
103295 0.00 0.00 0.00 0
103299 0.00 0.00 0.00 0
103300 0.00 0.00 0.00 0
103302 0.00 0.00 0.00 0
103303 0.00 0.00 0.00 0
103309 0.00 0.00 0.00 0
103310 0.00 0.00 0.00 0
103311 0.00 0.00 0.00 0
103322 0.00 0.00 0.00 0
103323 0.00 0.00 0.00 0
103338 0.00 0.00 0.00 0
103339 0.00 0.00 0.00 0
103340 0.00 0.00 0.00 0
103352 0.00 0.00 0.00 0
103353 0.00 0.00 0.00 0
103360 0.00 0.00 0.00 0
103361 0.00 0.00 0.00 0
103362 0.00 0.00 0.00 0
103363 0.00 0.00 0.00 0
103364 0.00 0.00 0.00 0
103374 0.00 0.00 0.00 0
103375 0.00 0.00 0.00 0
103376 0.00 0.00 0.00 0
103387 0.00 0.00 0.00 0
103388 0.00 0.00 0.00 0
103389 0.00 0.00 0.00 0
103404 0.00 0.00 0.00 0
103405 0.00 0.00 0.00 0
103406 0.00 0.00 0.00 0
103407 0.00 0.00 0.00 0
103435 0.00 0.00 0.00 0
103436 0.00 0.00 0.00 0
103465 0.00 0.00 0.00 0
103466 0.00 0.00 0.00 0
103486 0.00 0.00 0.00 0
104241 0.00 0.00 0.00 0
104242 0.00 0.00 0.00 0
104243 0.00 0.00 0.00 0
104253 0.00 0.00 0.00 0
104254 0.00 0.00 0.00 0
104255 0.00 0.00 0.00 0
104256 0.00 0.00 0.00 0
104262 0.00 0.00 0.00 0
104271 0.00 0.00 0.00 0
104280 0.00 0.00 0.00 0
104291 0.00 0.00 0.00 0
104292 0.00 0.00 0.00 0
104300 0.00 0.00 0.00 0
104301 0.00 0.00 0.00 0
104308 0.00 0.00 0.00 0
104318 0.00 0.00 0.00 0
104319 0.00 0.00 0.00 0
104329 0.00 0.00 0.00 0
104330 0.00 0.00 0.00 0
104341 0.00 0.00 0.00 0
104342 0.00 0.00 0.00 0
104353 0.00 0.00 0.00 0
104354 0.00 0.00 0.00 0
104367 0.00 0.00 0.00 0
104368 0.00 0.00 0.00 0
104377 0.00 0.00 0.00 0
104378 0.00 0.00 0.00 0
104379 0.00 0.00 0.00 0
104380 0.00 0.00 0.00 0
104387 0.00 0.00 0.00 0
104388 0.00 0.00 0.00 0
104395 0.00 0.00 0.00 0
104401 0.00 0.00 0.00 0
104403 0.00 0.00 0.00 0
104404 0.00 0.00 0.00 0
104406 0.00 0.00 0.00 0
104407 0.00 0.00 0.00 0
104408 0.00 0.00 0.00 0
104416 0.00 0.00 0.00 0
104417 0.00 0.00 0.00 0
104418 0.00 0.00 0.00 0
104429 0.00 0.00 0.00 0
104430 0.00 0.00 0.00 0
104442 0.00 0.00 0.00 0
104443 0.00 0.00 0.00 0
104455 0.00 0.00 0.00 0
104456 0.00 0.00 0.00 0
104462 0.00 0.00 0.00 0
104463 0.00 0.00 0.00 0
104464 0.00 0.00 0.00 0
104465 0.00 0.00 0.00 0
104466 0.00 0.00 0.00 0
104473 0.00 0.00 0.00 0
104474 0.00 0.00 0.00 0
104475 0.00 0.00 0.00 0
104476 0.00 0.00 0.00 0
104486 0.00 0.00 0.00 0
104487 0.00 0.00 0.00 0
104488 0.00 0.00 0.00 0
104489 0.00 0.00 0.00 0
104510 0.00 0.00 0.00 0
104511 0.00 0.00 0.00 0
104541 0.00 0.00 0.00 0
104542 0.00 0.00 0.00 0
104565 0.00 0.00 0.00 0
104580 0.00 0.00 0.00 0
104581 0.00 0.00 0.00 0
105275 0.00 0.00 0.00 0
105276 0.00 0.00 0.00 0
105277 0.00 0.00 0.00 0
105278 0.00 0.00 0.00 0
105297 0.00 0.00 0.00 0
105298 0.00 0.00 0.00 0
105299 0.00 0.00 0.00 0
105317 0.00 0.00 0.00 0
105333 0.00 0.00 0.00 0
105345 0.00 0.00 0.00 0
105360 0.00 0.00 0.00 0
105361 0.00 0.00 0.00 0
105374 0.00 0.00 0.00 0
105375 0.00 0.00 0.00 0
105386 0.00 0.00 0.00 0
105387 0.00 0.00 0.00 0
105397 0.00 0.00 0.00 0
105398 0.00 0.00 0.00 0
105405 0.00 0.00 0.00 0
105406 0.00 0.00 0.00 0
105412 0.00 0.00 0.00 0
105413 0.00 0.00 0.00 0
105414 0.00 0.00 0.00 0
105423 0.00 0.00 0.00 0
105424 0.00 0.00 0.00 0
105425 0.00 0.00 0.00 0
105437 0.00 0.00 0.00 0
105449 0.00 0.00 0.00 0
105450 0.00 0.00 0.00 0
105451 0.00 0.00 0.00 0
105460 0.00 0.00 0.00 0
105461 0.00 0.00 0.00 0
105469 0.00 0.00 0.00 0
105475 0.00 0.00 0.00 0
105478 0.00 0.00 0.00 0
105479 0.00 0.00 0.00 0
105482 0.00 0.00 0.00 0
105483 0.00 0.00 0.00 0
105484 0.00 0.00 0.00 0
105494 0.00 0.00 0.00 0
105495 0.00 0.00 0.00 0
105496 0.00 0.00 0.00 0
105508 0.00 0.00 0.00 0
105509 0.00 0.00 0.00 0
105510 0.00 0.00 0.00 0
105523 0.00 0.00 0.00 0
105524 0.00 0.00 0.00 0
105537 0.00 0.00 0.00 0
105538 0.00 0.00 0.00 0
105539 0.00 0.00 0.00 0
105545 0.00 0.00 0.00 0
105546 0.00 0.00 0.00 0
105553 0.00 0.00 0.00 0
105563 0.00 0.00 0.00 0
105564 0.00 0.00 0.00 0
105588 0.00 0.00 0.00 0
105589 0.00 0.00 0.00 0
105615 0.00 0.00 0.00 0
105616 0.00 0.00 0.00 0
105639 0.00 0.00 0.00 0
105653 0.00 0.00 0.00 0
105654 0.00 0.00 0.00 0
106395 0.00 0.00 0.00 0
106396 0.00 0.00 0.00 0
106397 0.00 0.00 0.00 0
106398 0.00 0.00 0.00 0
106410 0.00 0.00 0.00 0
106411 0.00 0.00 0.00 0
106412 0.00 0.00 0.00 0
106413 0.00 0.00 0.00 0
106422 0.00 0.00 0.00 0
106423 0.00 0.00 0.00 0
106432 0.00 0.00 0.00 0
106433 0.00 0.00 0.00 0
106442 0.00 0.00 0.00 0
106443 0.00 0.00 0.00 0
106452 0.00 0.00 0.00 0
106453 0.00 0.00 0.00 0
106466 0.00 0.00 0.00 0
106467 0.00 0.00 0.00 0
106483 0.00 0.00 0.00 0
106484 0.00 0.00 0.00 0
106496 0.00 0.00 0.00 0
106504 0.00 0.00 0.00 0
106511 0.00 0.00 0.00 0
106512 0.00 0.00 0.00 0
106520 0.00 0.00 0.00 0
106521 0.00 0.00 0.00 0
106522 0.00 0.00 0.00 0
106531 0.00 0.00 0.00 0
106539 0.00 0.00 0.00 0
106540 0.00 0.00 0.00 0
106541 0.00 0.00 0.00 0
106550 0.00 0.00 0.00 0
106551 0.00 0.00 0.00 0
106552 0.00 0.00 0.00 0
106560 0.00 0.00 0.00 0
106561 0.00 0.00 0.00 0
106563 0.00 0.00 0.00 0
106565 0.00 0.00 0.00 0
106566 0.00 0.00 0.00 0
106568 0.00 0.00 0.00 0
106576 0.00 0.00 0.00 0
106577 0.00 0.00 0.00 0
106578 0.00 0.00 0.00 0
106588 0.00 0.00 0.00 0
106589 0.00 0.00 0.00 0
106590 0.00 0.00 0.00 0
106602 0.00 0.00 0.00 0
106603 0.00 0.00 0.00 0
106604 0.00 0.00 0.00 0
106615 0.00 0.00 0.00 0
106616 0.00 0.00 0.00 0
106617 0.00 0.00 0.00 0
106623 0.00 0.00 0.00 0
106624 0.00 0.00 0.00 0
106631 0.00 0.00 0.00 0
106632 0.00 0.00 0.00 0
106643 0.00 0.00 0.00 0
106644 0.00 0.00 0.00 0
106670 0.00 0.00 0.00 0
106697 0.00 0.00 0.00 0
106698 0.00 0.00 0.00 0
106718 0.00 0.00 0.00 0
106719 0.00 0.00 0.00 0
106733 0.00 0.00 0.00 0
106734 0.00 0.00 0.00 0
106746 0.00 0.00 0.00 0
107431 0.00 0.00 0.00 0
107432 0.00 0.00 0.00 0
107433 0.00 0.00 0.00 0
107438 0.00 0.00 0.00 0
107439 0.00 0.00 0.00 0
107440 0.00 0.00 0.00 0
107441 0.00 0.00 0.00 0
107449 0.00 0.00 0.00 0
107457 0.00 0.00 0.00 0
107465 0.00 0.00 0.00 0
107466 0.00 0.00 0.00 0
107474 0.00 0.00 0.00 0
107475 0.00 0.00 0.00 0
107487 0.00 0.00 0.00 0
107488 0.00 0.00 0.00 0
107508 0.00 0.00 0.00 0
107509 0.00 0.00 0.00 0
107510 0.00 0.00 0.00 0
107524 0.00 0.00 0.00 0
107525 0.00 0.00 0.00 0
107533 0.00 0.00 0.00 0
107542 0.00 0.00 0.00 0
107543 0.00 0.00 0.00 0
107552 0.00 0.00 0.00 0
107553 0.00 0.00 0.00 0
107554 0.00 0.00 0.00 0
107562 0.00 0.00 0.00 0
107563 0.00 0.00 0.00 0
107570 0.00 0.00 0.00 0
107571 0.00 0.00 0.00 0
107577 0.00 0.00 0.00 0
107578 0.00 0.00 0.00 0
107579 0.00 0.00 0.00 0
107582 0.00 0.00 0.00 0
107583 0.00 0.00 0.00 0
107586 0.00 0.00 0.00 0
107589 0.00 0.00 0.00 0
107590 0.00 0.00 0.00 0
107593 0.00 0.00 0.00 0
107602 0.00 0.00 0.00 0
107603 0.00 0.00 0.00 0
107604 0.00 0.00 0.00 0
107617 0.00 0.00 0.00 0
107618 0.00 0.00 0.00 0
107619 0.00 0.00 0.00 0
107620 0.00 0.00 0.00 0
107632 0.00 0.00 0.00 0
107633 0.00 0.00 0.00 0
107634 0.00 0.00 0.00 0
107643 0.00 0.00 0.00 0
107644 0.00 0.00 0.00 0
107645 0.00 0.00 0.00 0
107646 0.00 0.00 0.00 0
107647 0.00 0.00 0.00 0
107654 0.00 0.00 0.00 0
107655 0.00 0.00 0.00 0
107656 0.00 0.00 0.00 0
107666 0.00 0.00 0.00 0
107667 0.00 0.00 0.00 0
107684 0.00 0.00 0.00 0
107710 0.00 0.00 0.00 0
107732 0.00 0.00 0.00 0
107733 0.00 0.00 0.00 0
107748 0.00 0.00 0.00 0
107749 0.00 0.00 0.00 0
107763 0.00 0.00 0.00 0
107764 0.00 0.00 0.00 0
107773 0.00 0.00 0.00 0
108469 0.00 0.00 0.00 0
108470 0.00 0.00 0.00 0
108471 0.00 0.00 0.00 0
108472 0.00 0.00 0.00 0
108479 0.00 0.00 0.00 0
108487 0.00 0.00 0.00 0
108495 0.00 0.00 0.00 0
108496 0.00 0.00 0.00 0
108506 0.00 0.00 0.00 0
108507 0.00 0.00 0.00 0
108508 0.00 0.00 0.00 0
108520 0.00 0.00 0.00 0
108521 0.00 0.00 0.00 0
108537 0.00 0.00 0.00 0
108538 0.00 0.00 0.00 0
108552 0.00 0.00 0.00 0
108553 0.00 0.00 0.00 0
108554 0.00 0.00 0.00 0
108563 0.00 0.00 0.00 0
108564 0.00 0.00 0.00 0
108571 0.00 0.00 0.00 0
108572 0.00 0.00 0.00 0
108577 0.00 0.00 0.00 0
108578 0.00 0.00 0.00 0
108580 0.00 0.00 0.00 0
108581 0.00 0.00 0.00 0
108584 0.00 0.00 0.00 0
108586 0.00 0.00 0.00 0
108587 0.00 0.00 0.00 0
108588 0.00 0.00 0.00 0
108590 0.00 0.00 0.00 0
108591 0.00 0.00 0.00 0
108592 0.00 0.00 0.00 0
108593 0.00 0.00 0.00 0
108595 0.00 0.00 0.00 0
108596 0.00 0.00 0.00 0
108598 0.00 0.00 0.00 0
108599 0.00 0.00 0.00 0
108602 0.00 0.00 0.00 0
108613 0.00 0.00 0.00 0
108614 0.00 0.00 0.00 0
108627 0.00 0.00 0.00 0
108628 0.00 0.00 0.00 0
108636 0.00 0.00 0.00 0
108643 0.00 0.00 0.00 0
108644 0.00 0.00 0.00 0
108645 0.00 0.00 0.00 0
108654 0.00 0.00 0.00 0
108655 0.00 0.00 0.00 0
108656 0.00 0.00 0.00 0
108669 0.00 0.00 0.00 0
108670 0.00 0.00 0.00 0
108692 0.00 0.00 0.00 0
108715 0.00 0.00 0.00 0
108734 0.00 0.00 0.00 0
108735 0.00 0.00 0.00 0
108747 0.00 0.00 0.00 0
108748 0.00 0.00 0.00 0
108757 0.00 0.00 0.00 0
108758 0.00 0.00 0.00 0
108765 0.00 0.00 0.00 0
109442 0.00 0.00 0.00 0
109443 0.00 0.00 0.00 0
109444 0.00 0.00 0.00 0
109445 0.00 0.00 0.00 0
109452 0.00 0.00 0.00 0
109459 0.00 0.00 0.00 0
109467 0.00 0.00 0.00 0
109477 0.00 0.00 0.00 0
109478 0.00 0.00 0.00 0
109491 0.00 0.00 0.00 0
109492 0.00 0.00 0.00 0
109493 0.00 0.00 0.00 0
109509 0.00 0.00 0.00 0
109510 0.00 0.00 0.00 0
109525 0.00 0.00 0.00 0
109526 0.00 0.00 0.00 0
109527 0.00 0.00 0.00 0
109537 0.00 0.00 0.00 0
109538 0.00 0.00 0.00 0
109539 0.00 0.00 0.00 0
109547 0.00 0.00 0.00 0
109548 0.00 0.00 0.00 0
109549 0.00 0.00 0.00 0
109550 0.00 0.00 0.00 0
109552 0.00 0.00 0.00 0
109553 0.00 0.00 0.00 0
109554 0.00 0.00 0.00 0
109555 0.00 0.00 0.00 0
109557 0.00 0.00 0.00 0
109558 0.00 0.00 0.00 0
109559 0.00 0.00 0.00 0
109560 0.00 0.00 0.00 0
109565 0.00 0.00 0.00 0
109566 0.00 0.00 0.00 0
109569 0.00 0.00 0.00 0
109570 0.00 0.00 0.00 0
109574 0.00 0.00 0.00 0
109575 0.00 0.00 0.00 0
109576 0.00 0.00 0.00 0
109577 0.00 0.00 0.00 0
109578 0.00 0.00 0.00 0
109580 0.00 0.00 0.00 0
109581 0.00 0.00 0.00 0
109583 0.00 0.00 0.00 0
109584 0.00 0.00 0.00 0
109590 0.00 0.00 0.00 0
109591 0.00 0.00 0.00 0
109605 0.00 0.00 0.00 0
109606 0.00 0.00 0.00 0
109617 0.00 0.00 0.00 0
109618 0.00 0.00 0.00 0
109619 0.00 0.00 0.00 0
109624 0.00 0.00 0.00 0
109625 0.00 0.00 0.00 0
109636 0.00 0.00 0.00 0
109658 0.00 0.00 0.00 0
109659 0.00 0.00 0.00 0
109690 0.00 0.00 0.00 0
109691 0.00 0.00 0.00 0
109720 0.00 0.00 0.00 0
109740 0.00 0.00 0.00 0
109759 0.00 0.00 0.00 0
109779 0.00 0.00 0.00 0
109785 0.00 0.00 0.00 0
109786 0.00 0.00 0.00 0
109794 0.00 0.00 0.00 0
109795 0.00 0.00 0.00 0
110492 0.00 0.00 0.00 0
110493 0.00 0.00 0.00 0
110499 0.00 0.00 0.00 0
110500 0.00 0.00 0.00 0
110501 0.00 0.00 0.00 0
110502 0.00 0.00 0.00 0
110510 0.00 0.00 0.00 0
110520 0.00 0.00 0.00 0
110530 0.00 0.00 0.00 0
110541 0.00 0.00 0.00 0
110552 0.00 0.00 0.00 0
110553 0.00 0.00 0.00 0
110569 0.00 0.00 0.00 0
110570 0.00 0.00 0.00 0
110586 0.00 0.00 0.00 0
110587 0.00 0.00 0.00 0
110598 0.00 0.00 0.00 0
110608 0.00 0.00 0.00 0
110609 0.00 0.00 0.00 0
110614 0.00 0.00 0.00 0
110615 0.00 0.00 0.00 0
110616 0.00 0.00 0.00 0
110619 0.00 0.00 0.00 0
110620 0.00 0.00 0.00 0
110621 0.00 0.00 0.00 0
110622 0.00 0.00 0.00 0
110623 0.00 0.00 0.00 0
110628 0.00 0.00 0.00 0
110629 0.00 0.00 0.00 0
110630 0.00 0.00 0.00 0
110633 0.00 0.00 0.00 0
110634 0.00 0.00 0.00 0
110638 0.00 0.00 0.00 0
110639 0.00 0.00 0.00 0
110640 0.00 0.00 0.00 0
110641 0.00 0.00 0.00 0
110642 0.00 0.00 0.00 0
110647 0.00 0.00 0.00 0
110648 0.00 0.00 0.00 0
110652 0.00 0.00 0.00 0
110653 0.00 0.00 0.00 0
110662 0.00 0.00 0.00 0
110663 0.00 0.00 0.00 0
110676 0.00 0.00 0.00 0
110682 0.00 0.00 0.00 0
110683 0.00 0.00 0.00 0
110692 0.00 0.00 0.00 0
110693 0.00 0.00 0.00 0
110694 0.00 0.00 0.00 0
110713 0.00 0.00 0.00 0
110714 0.00 0.00 0.00 0
110746 0.00 0.00 0.00 0
110747 0.00 0.00 0.00 0
110770 0.00 0.00 0.00 0
110771 0.00 0.00 0.00 0
110788 0.00 0.00 0.00 0
110789 0.00 0.00 0.00 0
110805 0.00 0.00 0.00 0
110806 0.00 0.00 0.00 0
110816 0.00 0.00 0.00 0
110837 0.00 0.00 0.00 0
110855 0.00 0.00 0.00 0
110865 0.00 0.00 0.00 0
110866 0.00 0.00 0.00 0
111534 0.00 0.00 0.00 0
111535 0.00 0.00 0.00 0
111543 0.00 0.00 0.00 0
111544 0.00 0.00 0.00 0
111555 0.00 0.00 0.00 0
111566 0.00 0.00 0.00 0
111575 0.00 0.00 0.00 0
111585 0.00 0.00 0.00 0
111593 0.00 0.00 0.00 0
111606 0.00 0.00 0.00 0
111607 0.00 0.00 0.00 0
111621 0.00 0.00 0.00 0
111622 0.00 0.00 0.00 0
111635 0.00 0.00 0.00 0
111636 0.00 0.00 0.00 0
111649 0.00 0.00 0.00 0
111650 0.00 0.00 0.00 0
111660 0.00 0.00 0.00 0
111661 0.00 0.00 0.00 0
111662 0.00 0.00 0.00 0
111666 0.00 0.00 0.00 0
111667 0.00 0.00 0.00 0
111668 0.00 0.00 0.00 0
111669 0.00 0.00 0.00 0
111670 0.00 0.00 0.00 0
111674 0.00 0.00 0.00 0
111675 0.00 0.00 0.00 0
111676 0.00 0.00 0.00 0
111677 0.00 0.00 0.00 0
111678 0.00 0.00 0.00 0
111679 0.00 0.00 0.00 0
111680 0.00 0.00 0.00 0
111681 0.00 0.00 0.00 0
111682 0.00 0.00 0.00 0
111683 0.00 0.00 0.00 0
111684 0.00 0.00 0.00 0
111686 0.00 0.00 0.00 0
111687 0.00 0.00 0.00 0
111688 0.00 0.00 0.00 0
111693 0.00 0.00 0.00 0
111694 0.00 0.00 0.00 0
111705 0.00 0.00 0.00 0
111706 0.00 0.00 0.00 0
111715 0.00 0.00 0.00 0
111721 0.00 0.00 0.00 0
111733 0.00 0.00 0.00 0
111734 0.00 0.00 0.00 0
111757 0.00 0.00 0.00 0
111758 0.00 0.00 0.00 0
111786 0.00 0.00 0.00 0
111787 0.00 0.00 0.00 0
111802 0.00 0.00 0.00 0
111814 0.00 0.00 0.00 0
111827 0.00 0.00 0.00 0
111828 0.00 0.00 0.00 0
111841 0.00 0.00 0.00 0
111842 0.00 0.00 0.00 0
111863 0.00 0.00 0.00 0
111882 0.00 0.00 0.00 0
111883 0.00 0.00 0.00 0
111891 0.00 0.00 0.00 0
112607 0.00 0.00 0.00 0
112618 0.00 0.00 0.00 0
112619 0.00 0.00 0.00 0
112630 0.00 0.00 0.00 0
112639 0.00 0.00 0.00 0
112646 0.00 0.00 0.00 0
112655 0.00 0.00 0.00 0
112656 0.00 0.00 0.00 0
112665 0.00 0.00 0.00 0
112666 0.00 0.00 0.00 0
112677 0.00 0.00 0.00 0
112678 0.00 0.00 0.00 0
112689 0.00 0.00 0.00 0
112690 0.00 0.00 0.00 0
112701 0.00 0.00 0.00 0
112702 0.00 0.00 0.00 0
112710 0.00 0.00 0.00 0
112711 0.00 0.00 0.00 0
112722 0.00 0.00 0.00 0
112723 0.00 0.00 0.00 0
112725 0.00 0.00 0.00 0
112726 0.00 0.00 0.00 0
112728 0.00 0.00 0.00 0
112729 0.00 0.00 0.00 0
112730 0.00 0.00 0.00 0
112731 0.00 0.00 0.00 0
112732 0.00 0.00 0.00 0
112733 0.00 0.00 0.00 0
112734 0.00 0.00 0.00 0
112735 0.00 0.00 0.00 0
112736 0.00 0.00 0.00 0
112737 0.00 0.00 0.00 0
112738 0.00 0.00 0.00 0
112740 0.00 0.00 0.00 0
112741 0.00 0.00 0.00 0
112742 0.00 0.00 0.00 0
112743 0.00 0.00 0.00 0
112751 0.00 0.00 0.00 0
112763 0.00 0.00 0.00 0
112770 0.00 0.00 0.00 0
112781 0.00 0.00 0.00 0
112795 0.00 0.00 0.00 0
112796 0.00 0.00 0.00 0
112812 0.00 0.00 0.00 0
112813 0.00 0.00 0.00 0
112834 0.00 0.00 0.00 0
112835 0.00 0.00 0.00 0
112836 0.00 0.00 0.00 0
112847 0.00 0.00 0.00 0
112848 0.00 0.00 0.00 0
112861 0.00 0.00 0.00 0
112874 0.00 0.00 0.00 0
112884 0.00 0.00 0.00 0
112885 0.00 0.00 0.00 0
112906 0.00 0.00 0.00 0
112927 0.00 0.00 0.00 0
112928 0.00 0.00 0.00 0
112938 0.00 0.00 0.00 0
112939 0.00 0.00 0.00 0
112940 0.00 0.00 0.00 0
113784 0.00 0.00 0.00 0
113785 0.00 0.00 0.00 0
113793 0.00 0.00 0.00 0
113799 0.00 0.00 0.00 0
113800 0.00 0.00 0.00 0
113806 0.00 0.00 0.00 0
113807 0.00 0.00 0.00 0
113816 0.00 0.00 0.00 0
113817 0.00 0.00 0.00 0
113826 0.00 0.00 0.00 0
113836 0.00 0.00 0.00 0
113837 0.00 0.00 0.00 0
113851 0.00 0.00 0.00 0
113852 0.00 0.00 0.00 0
113864 0.00 0.00 0.00 0
113865 0.00 0.00 0.00 0
113875 0.00 0.00 0.00 0
113876 0.00 0.00 0.00 0
113877 0.00 0.00 0.00 0
113887 0.00 0.00 0.00 0
113888 0.00 0.00 0.00 0
113891 0.00 0.00 0.00 0
113892 0.00 0.00 0.00 0
113893 0.00 0.00 0.00 0
113896 0.00 0.00 0.00 0
113897 0.00 0.00 0.00 0
113898 0.00 0.00 0.00 0
113899 0.00 0.00 0.00 0
113900 0.00 0.00 0.00 0
113901 0.00 0.00 0.00 0
113902 0.00 0.00 0.00 0
113903 0.00 0.00 0.00 0
113905 0.00 0.00 0.00 0
113906 0.00 0.00 0.00 0
113907 0.00 0.00 0.00 0
113908 0.00 0.00 0.00 0
113915 0.00 0.00 0.00 0
113916 0.00 0.00 0.00 0
113917 0.00 0.00 0.00 0
113923 0.00 0.00 0.00 0
113929 0.00 0.00 0.00 0
113939 0.00 0.00 0.00 0
113940 0.00 0.00 0.00 0
113949 0.00 0.00 0.00 0
113950 0.00 0.00 0.00 0
113962 0.00 0.00 0.00 0
113989 0.00 0.00 0.00 0
113990 0.00 0.00 0.00 0
114005 0.00 0.00 0.00 0
114006 0.00 0.00 0.00 0
114014 0.00 0.00 0.00 0
114015 0.00 0.00 0.00 0
114025 0.00 0.00 0.00 0
114037 0.00 0.00 0.00 0
114038 0.00 0.00 0.00 0
114053 0.00 0.00 0.00 0
114054 0.00 0.00 0.00 0
114077 0.00 0.00 0.00 0
114078 0.00 0.00 0.00 0
114091 0.00 0.00 0.00 0
114092 0.00 0.00 0.00 0
114110 0.00 0.00 0.00 0
114884 0.00 0.00 0.00 0
114892 0.00 0.00 0.00 0
114898 0.00 0.00 0.00 0
114899 0.00 0.00 0.00 0
114905 0.00 0.00 0.00 0
114912 0.00 0.00 0.00 0
114921 0.00 0.00 0.00 0
114922 0.00 0.00 0.00 0
114932 0.00 0.00 0.00 0
114933 0.00 0.00 0.00 0
114949 0.00 0.00 0.00 0
114950 0.00 0.00 0.00 0
114963 0.00 0.00 0.00 0
114964 0.00 0.00 0.00 0
114974 0.00 0.00 0.00 0
114975 0.00 0.00 0.00 0
114983 0.00 0.00 0.00 0
114986 0.00 0.00 0.00 0
114987 0.00 0.00 0.00 0
114988 0.00 0.00 0.00 0
114990 0.00 0.00 0.00 0
114991 0.00 0.00 0.00 0
114992 0.00 0.00 0.00 0
114995 0.00 0.00 0.00 0
114996 0.00 0.00 0.00 0
114999 0.00 0.00 0.00 0
115001 0.00 0.00 0.00 0
115002 0.00 0.00 0.00 0
115010 0.00 0.00 0.00 0
115011 0.00 0.00 0.00 0
115012 0.00 0.00 0.00 0
115018 0.00 0.00 0.00 0
115024 0.00 0.00 0.00 0
115033 0.00 0.00 0.00 0
115034 0.00 0.00 0.00 0
115041 0.00 0.00 0.00 0
115049 0.00 0.00 0.00 0
115072 0.00 0.00 0.00 0
115073 0.00 0.00 0.00 0
115095 0.00 0.00 0.00 0
115096 0.00 0.00 0.00 0
115102 0.00 0.00 0.00 0
115103 0.00 0.00 0.00 0
115110 0.00 0.00 0.00 0
115111 0.00 0.00 0.00 0
115120 0.00 0.00 0.00 0
115121 0.00 0.00 0.00 0
115136 0.00 0.00 0.00 0
115137 0.00 0.00 0.00 0
115157 0.00 0.00 0.00 0
115158 0.00 0.00 0.00 0
115170 0.00 0.00 0.00 0
115171 0.00 0.00 0.00 0
115172 0.00 0.00 0.00 0
115191 0.00 0.00 0.00 0
115192 0.00 0.00 0.00 0
115905 0.00 0.00 0.00 0
115916 0.00 0.00 0.00 0
115917 0.00 0.00 0.00 0
115925 0.00 0.00 0.00 0
115926 0.00 0.00 0.00 0
115934 0.00 0.00 0.00 0
115935 0.00 0.00 0.00 0
115936 0.00 0.00 0.00 0
115945 0.00 0.00 0.00 0
115946 0.00 0.00 0.00 0
115947 0.00 0.00 0.00 0
115957 0.00 0.00 0.00 0
115958 0.00 0.00 0.00 0
115973 0.00 0.00 0.00 0
115974 0.00 0.00 0.00 0
115987 0.00 0.00 0.00 0
115988 0.00 0.00 0.00 0
116002 0.00 0.00 0.00 0
116003 0.00 0.00 0.00 0
116016 0.00 0.00 0.00 0
116024 0.00 0.00 0.00 0
116025 0.00 0.00 0.00 0
116031 0.00 0.00 0.00 0
116032 0.00 0.00 0.00 0
116035 0.00 0.00 0.00 0
116036 0.00 0.00 0.00 0
116037 0.00 0.00 0.00 0
116040 0.00 0.00 0.00 0
116041 0.00 0.00 0.00 0
116042 0.00 0.00 0.00 0
116043 0.00 0.00 0.00 0
116046 0.00 0.00 0.00 0
116047 0.00 0.00 0.00 0
116048 0.00 0.00 0.00 0
116049 0.00 0.00 0.00 0
116050 0.00 0.00 0.00 0
116053 0.00 0.00 0.00 0
116054 0.00 0.00 0.00 0
116055 0.00 0.00 0.00 0
116056 0.00 0.00 0.00 0
116059 0.00 0.00 0.00 0
116060 0.00 0.00 0.00 0
116061 0.00 0.00 0.00 0
116069 0.00 0.00 0.00 0
116070 0.00 0.00 0.00 0
116071 0.00 0.00 0.00 0
116076 0.00 0.00 0.00 0
116077 0.00 0.00 0.00 0
116083 0.00 0.00 0.00 0
116084 0.00 0.00 0.00 0
116093 0.00 0.00 0.00 0
116094 0.00 0.00 0.00 0
116101 0.00 0.00 0.00 0
116111 0.00 0.00 0.00 0
116124 0.00 0.00 0.00 0
116127 0.00 0.00 0.00 0
116149 0.00 0.00 0.00 0
116150 0.00 0.00 0.00 0
116165 0.00 0.00 0.00 0
116166 0.00 0.00 0.00 0
116174 0.00 0.00 0.00 0
116175 0.00 0.00 0.00 0
116186 0.00 0.00 0.00 0
116203 0.00 0.00 0.00 0
116204 0.00 0.00 0.00 0
116224 0.00 0.00 0.00 0
116225 0.00 0.00 0.00 0
116238 0.00 0.00 0.00 0
116239 0.00 0.00 0.00 0
116240 0.00 0.00 0.00 0
116241 0.00 0.00 0.00 0
116245 0.00 0.00 0.00 0
116246 0.00 0.00 0.00 0
116247 0.00 0.00 0.00 0
116248 0.00 0.00 0.00 0
116249 0.00 0.00 0.00 0
116964 0.00 0.00 0.00 0
116979 0.00 0.00 0.00 0
116980 0.00 0.00 0.00 0
116994 0.00 0.00 0.00 0
117008 0.00 0.00 0.00 0
117020 0.00 0.00 0.00 0
117021 0.00 0.00 0.00 0
117032 0.00 0.00 0.00 0
117033 0.00 0.00 0.00 0
117034 0.00 0.00 0.00 0
117045 0.00 0.00 0.00 0
117046 0.00 0.00 0.00 0
117057 0.00 0.00 0.00 0
117058 0.00 0.00 0.00 0
117070 0.00 0.00 0.00 0
117071 0.00 0.00 0.00 0
117072 0.00 0.00 0.00 0
117079 0.00 0.00 0.00 0
117080 0.00 0.00 0.00 0
117088 0.00 0.00 0.00 0
117089 0.00 0.00 0.00 0
117095 0.00 0.00 0.00 0
117096 0.00 0.00 0.00 0
117097 0.00 0.00 0.00 0
117100 0.00 0.00 0.00 0
117101 0.00 0.00 0.00 0
117102 0.00 0.00 0.00 0
117104 0.00 0.00 0.00 0
117105 0.00 0.00 0.00 0
117107 0.00 0.00 0.00 0
117108 0.00 0.00 0.00 0
117110 0.00 0.00 0.00 0
117111 0.00 0.00 0.00 0
117112 0.00 0.00 0.00 0
117115 0.00 0.00 0.00 0
117116 0.00 0.00 0.00 0
117124 0.00 0.00 0.00 0
117131 0.00 0.00 0.00 0
117132 0.00 0.00 0.00 0
117139 0.00 0.00 0.00 0
117140 0.00 0.00 0.00 0
117150 0.00 0.00 0.00 0
117151 0.00 0.00 0.00 0
117158 0.00 0.00 0.00 0
117159 0.00 0.00 0.00 0
117160 0.00 0.00 0.00 0
117161 0.00 0.00 0.00 0
117173 0.00 0.00 0.00 0
117185 0.00 0.00 0.00 0
117186 0.00 0.00 0.00 0
117188 0.00 0.00 0.00 0
117204 0.00 0.00 0.00 0
117205 0.00 0.00 0.00 0
117223 0.00 0.00 0.00 0
117224 0.00 0.00 0.00 0
117229 0.00 0.00 0.00 0
117230 0.00 0.00 0.00 0
117231 0.00 0.00 0.00 0
117239 0.00 0.00 0.00 0
117240 0.00 0.00 0.00 0
117242 0.00 0.00 0.00 0
117243 0.00 0.00 0.00 0
117260 0.00 0.00 0.00 0
117261 0.00 0.00 0.00 0
117273 0.00 0.00 0.00 0
117274 0.00 0.00 0.00 0
117288 0.00 0.00 0.00 0
117289 0.00 0.00 0.00 0
117290 0.00 0.00 0.00 0
117291 0.00 0.00 0.00 0
117292 0.00 0.00 0.00 0
117296 0.00 0.00 0.00 0
117297 0.00 0.00 0.00 0
117298 0.00 0.00 0.00 0
117299 0.00 0.00 0.00 0
117300 0.00 0.00 0.00 0
117301 0.00 0.00 0.00 0
117305 0.00 0.00 0.00 0
117306 0.00 0.00 0.00 0
117307 0.00 0.00 0.00 0
117308 0.00 0.00 0.00 0
117309 0.00 0.00 0.00 0
117310 0.00 0.00 0.00 0
117318 0.00 0.00 0.00 0
117319 0.00 0.00 0.00 0
117320 0.00 0.00 0.00 0
117984 0.00 0.00 0.00 0
117985 0.00 0.00 0.00 0
117998 0.00 0.00 0.00 0
117999 0.00 0.00 0.00 0
118000 0.00 0.00 0.00 0
118012 0.00 0.00 0.00 0
118013 0.00 0.00 0.00 0
118026 0.00 0.00 0.00 0
118027 0.00 0.00 0.00 0
118036 0.00 0.00 0.00 0
118037 0.00 0.00 0.00 0
118044 0.00 0.00 0.00 0
118045 0.00 0.00 0.00 0
118054 0.00 0.00 0.00 0
118055 0.00 0.00 0.00 0
118056 0.00 0.00 0.00 0
118064 0.00 0.00 0.00 0
118065 0.00 0.00 0.00 0
118072 0.00 0.00 0.00 0
118073 0.00 0.00 0.00 0
118080 0.00 0.00 0.00 0
118081 0.00 0.00 0.00 0
118089 0.00 0.00 0.00 0
118090 0.00 0.00 0.00 0
118098 0.00 0.00 0.00 0
118101 0.00 0.00 0.00 0
118102 0.00 0.00 0.00 0
118104 0.00 0.00 0.00 0
118105 0.00 0.00 0.00 0
118106 0.00 0.00 0.00 0
118108 0.00 0.00 0.00 0
118111 0.00 0.00 0.00 0
118112 0.00 0.00 0.00 0
118115 0.00 0.00 0.00 0
118116 0.00 0.00 0.00 0
118122 0.00 0.00 0.00 0
118128 0.00 0.00 0.00 0
118129 0.00 0.00 0.00 0
118135 0.00 0.00 0.00 0
118136 0.00 0.00 0.00 0
118146 0.00 0.00 0.00 0
118147 0.00 0.00 0.00 0
118155 0.00 0.00 0.00 0
118156 0.00 0.00 0.00 0
118157 0.00 0.00 0.00 0
118158 0.00 0.00 0.00 0
118159 0.00 0.00 0.00 0
118167 0.00 0.00 0.00 0
118168 0.00 0.00 0.00 0
118169 0.00 0.00 0.00 0
118171 0.00 0.00 0.00 0
118172 0.00 0.00 0.00 0
118184 0.00 0.00 0.00 0
118185 0.00 0.00 0.00 0
118186 0.00 0.00 0.00 0
118187 0.00 0.00 0.00 0
118188 0.00 0.00 0.00 0
118189 0.00 0.00 0.00 0
118200 0.00 0.00 0.00 0
118201 0.00 0.00 0.00 0
118202 0.00 0.00 0.00 0
118203 0.00 0.00 0.00 0
118204 0.00 0.00 0.00 0
118205 0.00 0.00 0.00 0
118221 0.00 0.00 0.00 0
118222 0.00 0.00 0.00 0
118223 0.00 0.00 0.00 0
118224 0.00 0.00 0.00 0
118227 0.00 0.00 0.00 0
118228 0.00 0.00 0.00 0
118229 0.00 0.00 0.00 0
118230 0.00 0.00 0.00 0
118231 0.00 0.00 0.00 0
118232 0.00 0.00 0.00 0
118235 0.00 0.00 0.00 0
118236 0.00 0.00 0.00 0
118237 0.00 0.00 0.00 0
118238 0.00 0.00 0.00 0
118239 0.00 0.00 0.00 0
118240 0.00 0.00 0.00 0
118253 0.00 0.00 0.00 0
118254 0.00 0.00 0.00 0
118255 0.00 0.00 0.00 0
118256 0.00 0.00 0.00 0
118266 0.00 0.00 0.00 0
118267 0.00 0.00 0.00 0
118268 0.00 0.00 0.00 0
118269 0.00 0.00 0.00 0
118270 0.00 0.00 0.00 0
118271 0.00 0.00 0.00 0
118286 0.00 0.00 0.00 0
118287 0.00 0.00 0.00 0
118288 0.00 0.00 0.00 0
118289 0.00 0.00 0.00 0
118290 0.00 0.00 0.00 0
118291 0.00 0.00 0.00 0
118292 0.00 0.00 0.00 0
118295 0.00 0.00 0.00 0
118296 0.00 0.00 0.00 0
118297 0.00 0.00 0.00 0
118298 0.00 0.00 0.00 0
118299 0.00 0.00 0.00 0
118307 0.00 0.00 0.00 0
118308 0.00 0.00 0.00 0
118309 0.00 0.00 0.00 0
118310 0.00 0.00 0.00 0
118311 0.00 0.00 0.00 0
118312 0.00 0.00 0.00 0
118324 0.00 0.00 0.00 0
118325 0.00 0.00 0.00 0
118326 0.00 0.00 0.00 0
118327 0.00 0.00 0.00 0
118328 0.00 0.00 0.00 0
118347 0.00 0.00 0.00 0
118348 0.00 0.00 0.00 0
118349 0.00 0.00 0.00 0
118984 0.00 0.00 0.00 0
118985 0.00 0.00 0.00 0
118992 0.00 0.00 0.00 0
118993 0.00 0.00 0.00 0
119001 0.00 0.00 0.00 0
119013 0.00 0.00 0.00 0
119028 0.00 0.00 0.00 0
119029 0.00 0.00 0.00 0
119045 0.00 0.00 0.00 0
119046 0.00 0.00 0.00 0
119056 0.00 0.00 0.00 0
119057 0.00 0.00 0.00 0
119058 0.00 0.00 0.00 0
119064 0.00 0.00 0.00 0
119065 0.00 0.00 0.00 0
119066 0.00 0.00 0.00 0
119074 0.00 0.00 0.00 0
119075 0.00 0.00 0.00 0
119082 0.00 0.00 0.00 0
119083 0.00 0.00 0.00 0
119090 0.00 0.00 0.00 0
119091 0.00 0.00 0.00 0
119098 0.00 0.00 0.00 0
119099 0.00 0.00 0.00 0
119105 0.00 0.00 0.00 0
119107 0.00 0.00 0.00 0
119108 0.00 0.00 0.00 0
119109 0.00 0.00 0.00 0
119111 0.00 0.00 0.00 0
119112 0.00 0.00 0.00 0
119115 0.00 0.00 0.00 0
119116 0.00 0.00 0.00 0
119117 0.00 0.00 0.00 0
119120 0.00 0.00 0.00 0
119121 0.00 0.00 0.00 0
119126 0.00 0.00 0.00 0
119131 0.00 0.00 0.00 0
119132 0.00 0.00 0.00 0
119137 0.00 0.00 0.00 0
119145 0.00 0.00 0.00 0
119153 0.00 0.00 0.00 0
119154 0.00 0.00 0.00 0
119155 0.00 0.00 0.00 0
119156 0.00 0.00 0.00 0
119164 0.00 0.00 0.00 0
119165 0.00 0.00 0.00 0
119166 0.00 0.00 0.00 0
119167 0.00 0.00 0.00 0
119168 0.00 0.00 0.00 0
119170 0.00 0.00 0.00 0
119183 0.00 0.00 0.00 0
119184 0.00 0.00 0.00 0
119185 0.00 0.00 0.00 0
119186 0.00 0.00 0.00 0
119187 0.00 0.00 0.00 0
119188 0.00 0.00 0.00 0
119189 0.00 0.00 0.00 0
119190 0.00 0.00 0.00 0
119203 0.00 0.00 0.00 0
119204 0.00 0.00 0.00 0
119205 0.00 0.00 0.00 0
119206 0.00 0.00 0.00 0
119207 0.00 0.00 0.00 0
119208 0.00 0.00 0.00 0
119209 0.00 0.00 0.00 0
119224 0.00 0.00 0.00 0
119225 0.00 0.00 0.00 0
119226 0.00 0.00 0.00 0
119241 0.00 0.00 0.00 0
119242 0.00 0.00 0.00 0
119253 0.00 0.00 0.00 0
119254 0.00 0.00 0.00 0
119255 0.00 0.00 0.00 0
119256 0.00 0.00 0.00 0
119257 0.00 0.00 0.00 0
119270 0.00 0.00 0.00 0
119271 0.00 0.00 0.00 0
119272 0.00 0.00 0.00 0
119280 0.00 0.00 0.00 0
119281 0.00 0.00 0.00 0
119282 0.00 0.00 0.00 0
119283 0.00 0.00 0.00 0
119284 0.00 0.00 0.00 0
119293 0.00 0.00 0.00 0
119294 0.00 0.00 0.00 0
119295 0.00 0.00 0.00 0
119296 0.00 0.00 0.00 0
119297 0.00 0.00 0.00 0
119298 0.00 0.00 0.00 0
119299 0.00 0.00 0.00 0
119300 0.00 0.00 0.00 0
119309 0.00 0.00 0.00 0
119310 0.00 0.00 0.00 0
119311 0.00 0.00 0.00 0
119312 0.00 0.00 0.00 0
119313 0.00 0.00 0.00 0
119329 0.00 0.00 0.00 0
119944 0.00 0.00 0.00 0
119945 0.00 0.00 0.00 0
119946 0.00 0.00 0.00 0
119953 0.00 0.00 0.00 0
119954 0.00 0.00 0.00 0
119955 0.00 0.00 0.00 0
119962 0.00 0.00 0.00 0
119963 0.00 0.00 0.00 0
119969 0.00 0.00 0.00 0
119970 0.00 0.00 0.00 0
119979 0.00 0.00 0.00 0
119980 0.00 0.00 0.00 0
119994 0.00 0.00 0.00 0
120007 0.00 0.00 0.00 0
120008 0.00 0.00 0.00 0
120019 0.00 0.00 0.00 0
120020 0.00 0.00 0.00 0
120031 0.00 0.00 0.00 0
120032 0.00 0.00 0.00 0
120039 0.00 0.00 0.00 0
120040 0.00 0.00 0.00 0
120046 0.00 0.00 0.00 0
120047 0.00 0.00 0.00 0
120051 0.00 0.00 0.00 0
120052 0.00 0.00 0.00 0
120058 0.00 0.00 0.00 0
120059 0.00 0.00 0.00 0
120061 0.00 0.00 0.00 0
120062 0.00 0.00 0.00 0
120063 0.00 0.00 0.00 0
120066 0.00 0.00 0.00 0
120067 0.00 0.00 0.00 0
120068 0.00 0.00 0.00 0
120071 0.00 0.00 0.00 0
120072 0.00 0.00 0.00 0
120075 0.00 0.00 0.00 0
120081 0.00 0.00 0.00 0
120082 0.00 0.00 0.00 0
120088 0.00 0.00 0.00 0
120089 0.00 0.00 0.00 0
120090 0.00 0.00 0.00 0
120096 0.00 0.00 0.00 0
120097 0.00 0.00 0.00 0
120105 0.00 0.00 0.00 0
120106 0.00 0.00 0.00 0
120114 0.00 0.00 0.00 0
120115 0.00 0.00 0.00 0
120116 0.00 0.00 0.00 0
120117 0.00 0.00 0.00 0
120124 0.00 0.00 0.00 0
120125 0.00 0.00 0.00 0
120126 0.00 0.00 0.00 0
120127 0.00 0.00 0.00 0
120128 0.00 0.00 0.00 0
120136 0.00 0.00 0.00 0
120137 0.00 0.00 0.00 0
120138 0.00 0.00 0.00 0
120139 0.00 0.00 0.00 0
120140 0.00 0.00 0.00 0
120141 0.00 0.00 0.00 0
120142 0.00 0.00 0.00 0
120143 0.00 0.00 0.00 0
120144 0.00 0.00 0.00 0
120145 0.00 0.00 0.00 0
120146 0.00 0.00 0.00 0
120157 0.00 0.00 0.00 0
120158 0.00 0.00 0.00 0
120159 0.00 0.00 0.00 0
120160 0.00 0.00 0.00 0
120161 0.00 0.00 0.00 0
120208 0.00 0.00 0.00 0
120209 0.00 0.00 0.00 0
120210 0.00 0.00 0.00 0
120211 0.00 0.00 0.00 0
120224 0.00 0.00 0.00 0
120225 0.00 0.00 0.00 0
120226 0.00 0.00 0.00 0
120227 0.00 0.00 0.00 0
120236 0.00 0.00 0.00 0
120237 0.00 0.00 0.00 0
120238 0.00 0.00 0.00 0
120239 0.00 0.00 0.00 0
120249 0.00 0.00 0.00 0
120250 0.00 0.00 0.00 0
120251 0.00 0.00 0.00 0
120252 0.00 0.00 0.00 0
120262 0.00 0.00 0.00 0
120263 0.00 0.00 0.00 0
120264 0.00 0.00 0.00 0
120265 0.00 0.00 0.00 0
120266 0.00 0.00 0.00 0
120267 0.00 0.00 0.00 0
120268 0.00 0.00 0.00 0
120284 0.00 0.00 0.00 0
120285 0.00 0.00 0.00 0
120286 0.00 0.00 0.00 0
120287 0.00 0.00 0.00 0
120288 0.00 0.00 0.00 0
120881 0.00 0.00 0.00 0
120882 0.00 0.00 0.00 0
120883 0.00 0.00 0.00 0
120890 0.00 0.00 0.00 0
120891 0.00 0.00 0.00 0
120899 0.00 0.00 0.00 0
120905 0.00 0.00 0.00 0
120912 0.00 0.00 0.00 0
120913 0.00 0.00 0.00 0
120922 0.00 0.00 0.00 0
120935 0.00 0.00 0.00 0
120936 0.00 0.00 0.00 0
120948 0.00 0.00 0.00 0
120960 0.00 0.00 0.00 0
120961 0.00 0.00 0.00 0
120973 0.00 0.00 0.00 0
120974 0.00 0.00 0.00 0
120983 0.00 0.00 0.00 0
120984 0.00 0.00 0.00 0
120991 0.00 0.00 0.00 0
120998 0.00 0.00 0.00 0
120999 0.00 0.00 0.00 0
121000 0.00 0.00 0.00 0
121004 0.00 0.00 0.00 0
121005 0.00 0.00 0.00 0
121006 0.00 0.00 0.00 0
121007 0.00 0.00 0.00 0
121011 0.00 0.00 0.00 0
121012 0.00 0.00 0.00 0
121013 0.00 0.00 0.00 0
121014 0.00 0.00 0.00 0
121016 0.00 0.00 0.00 0
121017 0.00 0.00 0.00 0
121019 0.00 0.00 0.00 0
121020 0.00 0.00 0.00 0
121021 0.00 0.00 0.00 0
121022 0.00 0.00 0.00 0
121025 0.00 0.00 0.00 0
121026 0.00 0.00 0.00 0
121027 0.00 0.00 0.00 0
121028 0.00 0.00 0.00 0
121034 0.00 0.00 0.00 0
121035 0.00 0.00 0.00 0
121036 0.00 0.00 0.00 0
121042 0.00 0.00 0.00 0
121043 0.00 0.00 0.00 0
121049 0.00 0.00 0.00 0
121050 0.00 0.00 0.00 0
121058 0.00 0.00 0.00 0
121059 0.00 0.00 0.00 0
121060 0.00 0.00 0.00 0
121061 0.00 0.00 0.00 0
121067 0.00 0.00 0.00 0
121068 0.00 0.00 0.00 0
121069 0.00 0.00 0.00 0
121070 0.00 0.00 0.00 0
121071 0.00 0.00 0.00 0
121076 0.00 0.00 0.00 0
121077 0.00 0.00 0.00 0
121078 0.00 0.00 0.00 0
121079 0.00 0.00 0.00 0
121080 0.00 0.00 0.00 0
121081 0.00 0.00 0.00 0
121082 0.00 0.00 0.00 0
121083 0.00 0.00 0.00 0
121084 0.00 0.00 0.00 0
121085 0.00 0.00 0.00 0
121095 0.00 0.00 0.00 0
121096 0.00 0.00 0.00 0
121097 0.00 0.00 0.00 0
121115 0.00 0.00 0.00 0
121116 0.00 0.00 0.00 0
121117 0.00 0.00 0.00 0
121203 0.00 0.00 0.00 0
121204 0.00 0.00 0.00 0
121205 0.00 0.00 0.00 0
121206 0.00 0.00 0.00 0
121841 0.00 0.00 0.00 0
121842 0.00 0.00 0.00 0
121857 0.00 0.00 0.00 0
121858 0.00 0.00 0.00 0
121859 0.00 0.00 0.00 0
121868 0.00 0.00 0.00 0
121876 0.00 0.00 0.00 0
121883 0.00 0.00 0.00 0
121884 0.00 0.00 0.00 0
121889 0.00 0.00 0.00 0
121890 0.00 0.00 0.00 0
121899 0.00 0.00 0.00 0
121900 0.00 0.00 0.00 0
121908 0.00 0.00 0.00 0
121909 0.00 0.00 0.00 0
121917 0.00 0.00 0.00 0
121926 0.00 0.00 0.00 0
121937 0.00 0.00 0.00 0
121938 0.00 0.00 0.00 0
121947 0.00 0.00 0.00 0
121948 0.00 0.00 0.00 0
121959 0.00 0.00 0.00 0
121960 0.00 0.00 0.00 0
121969 0.00 0.00 0.00 0
121970 0.00 0.00 0.00 0
121971 0.00 0.00 0.00 0
121972 0.00 0.00 0.00 0
121978 0.00 0.00 0.00 0
121979 0.00 0.00 0.00 0
121980 0.00 0.00 0.00 0
121983 0.00 0.00 0.00 0
121984 0.00 0.00 0.00 0
121985 0.00 0.00 0.00 0
121987 0.00 0.00 0.00 0
121988 0.00 0.00 0.00 0
121989 0.00 0.00 0.00 0
121990 0.00 0.00 0.00 0
121992 0.00 0.00 0.00 0
121993 0.00 0.00 0.00 0
121994 0.00 0.00 0.00 0
121995 0.00 0.00 0.00 0
121996 0.00 0.00 0.00 0
121999 0.00 0.00 0.00 0
122000 0.00 0.00 0.00 0
122006 0.00 0.00 0.00 0
122007 0.00 0.00 0.00 0
122014 0.00 0.00 0.00 0
122015 0.00 0.00 0.00 0
122023 0.00 0.00 0.00 0
122031 0.00 0.00 0.00 0
122032 0.00 0.00 0.00 0
122039 0.00 0.00 0.00 0
122040 0.00 0.00 0.00 0
122041 0.00 0.00 0.00 0
122042 0.00 0.00 0.00 0
122043 0.00 0.00 0.00 0
122044 0.00 0.00 0.00 0
122055 0.00 0.00 0.00 0
122056 0.00 0.00 0.00 0
122057 0.00 0.00 0.00 0
122058 0.00 0.00 0.00 0
122059 0.00 0.00 0.00 0
122060 0.00 0.00 0.00 0
122077 0.00 0.00 0.00 0
122078 0.00 0.00 0.00 0
122079 0.00 0.00 0.00 0
122096 0.00 0.00 0.00 0
122097 0.00 0.00 0.00 0
122098 0.00 0.00 0.00 0
122110 0.00 0.00 0.00 0
122111 0.00 0.00 0.00 0
122112 0.00 0.00 0.00 0
122113 0.00 0.00 0.00 0
122120 0.00 0.00 0.00 0
122121 0.00 0.00 0.00 0
122122 0.00 0.00 0.00 0
122123 0.00 0.00 0.00 0
122134 0.00 0.00 0.00 0
122179 0.00 0.00 0.00 0
122824 0.00 0.00 0.00 0
122825 0.00 0.00 0.00 0
122836 0.00 0.00 0.00 0
122837 0.00 0.00 0.00 0
122852 0.00 0.00 0.00 0
122853 0.00 0.00 0.00 0
122869 0.00 0.00 0.00 0
122886 0.00 0.00 0.00 0
122901 0.00 0.00 0.00 0
122902 0.00 0.00 0.00 0
122917 0.00 0.00 0.00 0
122933 0.00 0.00 0.00 0
122934 0.00 0.00 0.00 0
122948 0.00 0.00 0.00 0
122962 0.00 0.00 0.00 0
122975 0.00 0.00 0.00 0
122976 0.00 0.00 0.00 0
122984 0.00 0.00 0.00 0
122985 0.00 0.00 0.00 0
122990 0.00 0.00 0.00 0
122991 0.00 0.00 0.00 0
122998 0.00 0.00 0.00 0
122999 0.00 0.00 0.00 0
123008 0.00 0.00 0.00 0
123009 0.00 0.00 0.00 0
123010 0.00 0.00 0.00 0
123017 0.00 0.00 0.00 0
123018 0.00 0.00 0.00 0
123020 0.00 0.00 0.00 0
123021 0.00 0.00 0.00 0
123023 0.00 0.00 0.00 0
123024 0.00 0.00 0.00 0
123025 0.00 0.00 0.00 0
123026 0.00 0.00 0.00 0
123028 0.00 0.00 0.00 0
123029 0.00 0.00 0.00 0
123031 0.00 0.00 0.00 0
123032 0.00 0.00 0.00 0
123037 0.00 0.00 0.00 0
123038 0.00 0.00 0.00 0
123039 0.00 0.00 0.00 0
123045 0.00 0.00 0.00 0
123046 0.00 0.00 0.00 0
123047 0.00 0.00 0.00 0
123055 0.00 0.00 0.00 0
123056 0.00 0.00 0.00 0
123062 0.00 0.00 0.00 0
123063 0.00 0.00 0.00 0
123064 0.00 0.00 0.00 0
123065 0.00 0.00 0.00 0
123080 0.00 0.00 0.00 0
123081 0.00 0.00 0.00 0
123082 0.00 0.00 0.00 0
123083 0.00 0.00 0.00 0
123084 0.00 0.00 0.00 0
123100 0.00 0.00 0.00 0
123101 0.00 0.00 0.00 0
123102 0.00 0.00 0.00 0
123103 0.00 0.00 0.00 0
123104 0.00 0.00 0.00 0
123105 0.00 0.00 0.00 0
123120 0.00 0.00 0.00 0
123121 0.00 0.00 0.00 0
123122 0.00 0.00 0.00 0
123134 0.00 0.00 0.00 0
123135 0.00 0.00 0.00 0
123146 0.00 0.00 0.00 0
123177 0.00 0.00 0.00 0
123883 0.00 0.00 0.00 0
123893 0.00 0.00 0.00 0
123894 0.00 0.00 0.00 0
123895 0.00 0.00 0.00 0
123903 0.00 0.00 0.00 0
123904 0.00 0.00 0.00 0
123913 0.00 0.00 0.00 0
123922 0.00 0.00 0.00 0
123932 0.00 0.00 0.00 0
123933 0.00 0.00 0.00 0
123942 0.00 0.00 0.00 0
123951 0.00 0.00 0.00 0
123952 0.00 0.00 0.00 0
123959 0.00 0.00 0.00 0
123965 0.00 0.00 0.00 0
123966 0.00 0.00 0.00 0
123976 0.00 0.00 0.00 0
123977 0.00 0.00 0.00 0
123990 0.00 0.00 0.00 0
123991 0.00 0.00 0.00 0
124003 0.00 0.00 0.00 0
124004 0.00 0.00 0.00 0
124014 0.00 0.00 0.00 0
124015 0.00 0.00 0.00 0
124023 0.00 0.00 0.00 0
124024 0.00 0.00 0.00 0
124025 0.00 0.00 0.00 0
124033 0.00 0.00 0.00 0
124034 0.00 0.00 0.00 0
124036 0.00 0.00 0.00 0
124037 0.00 0.00 0.00 0
124040 0.00 0.00 0.00 0
124041 0.00 0.00 0.00 0
124042 0.00 0.00 0.00 0
124045 0.00 0.00 0.00 0
124047 0.00 0.00 0.00 0
124048 0.00 0.00 0.00 0
124051 0.00 0.00 0.00 0
124052 0.00 0.00 0.00 0
124053 0.00 0.00 0.00 0
124054 0.00 0.00 0.00 0
124059 0.00 0.00 0.00 0
124060 0.00 0.00 0.00 0
124061 0.00 0.00 0.00 0
124062 0.00 0.00 0.00 0
124069 0.00 0.00 0.00 0
124070 0.00 0.00 0.00 0
124071 0.00 0.00 0.00 0
124072 0.00 0.00 0.00 0
124073 0.00 0.00 0.00 0
124087 0.00 0.00 0.00 0
124088 0.00 0.00 0.00 0
124089 0.00 0.00 0.00 0
124090 0.00 0.00 0.00 0
124091 0.00 0.00 0.00 0
124108 0.00 0.00 0.00 0
124109 0.00 0.00 0.00 0
124110 0.00 0.00 0.00 0
124111 0.00 0.00 0.00 0
124124 0.00 0.00 0.00 0
124125 0.00 0.00 0.00 0
124126 0.00 0.00 0.00 0
124127 0.00 0.00 0.00 0
124138 0.00 0.00 0.00 0
124139 0.00 0.00 0.00 0
124140 0.00 0.00 0.00 0
124149 0.00 0.00 0.00 0
124150 0.00 0.00 0.00 0
124855 0.00 0.00 0.00 0
124856 0.00 0.00 0.00 0
124866 0.00 0.00 0.00 0
124867 0.00 0.00 0.00 0
124875 0.00 0.00 0.00 0
124881 0.00 0.00 0.00 0
124887 0.00 0.00 0.00 0
124894 0.00 0.00 0.00 0
124895 0.00 0.00 0.00 0
124904 0.00 0.00 0.00 0
124911 0.00 0.00 0.00 0
124912 0.00 0.00 0.00 0
124917 0.00 0.00 0.00 0
124918 0.00 0.00 0.00 0
124923 0.00 0.00 0.00 0
124924 0.00 0.00 0.00 0
124930 0.00 0.00 0.00 0
124931 0.00 0.00 0.00 0
124937 0.00 0.00 0.00 0
124938 0.00 0.00 0.00 0
124946 0.00 0.00 0.00 0
124947 0.00 0.00 0.00 0
124958 0.00 0.00 0.00 0
124959 0.00 0.00 0.00 0
124960 0.00 0.00 0.00 0
124961 0.00 0.00 0.00 0
124970 0.00 0.00 0.00 0
124971 0.00 0.00 0.00 0
124972 0.00 0.00 0.00 0
124980 0.00 0.00 0.00 0
124983 0.00 0.00 0.00 0
124984 0.00 0.00 0.00 0
124988 0.00 0.00 0.00 0
124989 0.00 0.00 0.00 0
124993 0.00 0.00 0.00 0
124994 0.00 0.00 0.00 0
124998 0.00 0.00 0.00 0
124999 0.00 0.00 0.00 0
125000 0.00 0.00 0.00 0
125001 0.00 0.00 0.00 0
125002 0.00 0.00 0.00 0
125003 0.00 0.00 0.00 0
125004 0.00 0.00 0.00 0
125006 0.00 0.00 0.00 0
125007 0.00 0.00 0.00 0
125008 0.00 0.00 0.00 0
125009 0.00 0.00 0.00 0
125010 0.00 0.00 0.00 0
125011 0.00 0.00 0.00 0
125012 0.00 0.00 0.00 0
125017 0.00 0.00 0.00 0
125018 0.00 0.00 0.00 0
125019 0.00 0.00 0.00 0
125020 0.00 0.00 0.00 0
125021 0.00 0.00 0.00 0
125035 0.00 0.00 0.00 0
125036 0.00 0.00 0.00 0
125037 0.00 0.00 0.00 0
125038 0.00 0.00 0.00 0
125039 0.00 0.00 0.00 0
125040 0.00 0.00 0.00 0
125055 0.00 0.00 0.00 0
125056 0.00 0.00 0.00 0
125057 0.00 0.00 0.00 0
125058 0.00 0.00 0.00 0
125059 0.00 0.00 0.00 0
125060 0.00 0.00 0.00 0
125070 0.00 0.00 0.00 0
125071 0.00 0.00 0.00 0
125072 0.00 0.00 0.00 0
125073 0.00 0.00 0.00 0
125074 0.00 0.00 0.00 0
125083 0.00 0.00 0.00 0
125084 0.00 0.00 0.00 0
125085 0.00 0.00 0.00 0
125086 0.00 0.00 0.00 0
125087 0.00 0.00 0.00 0
125096 0.00 0.00 0.00 0
125097 0.00 0.00 0.00 0
125098 0.00 0.00 0.00 0
125781 0.00 0.00 0.00 0
125792 0.00 0.00 0.00 0
125800 0.00 0.00 0.00 0
125807 0.00 0.00 0.00 0
125814 0.00 0.00 0.00 0
125815 0.00 0.00 0.00 0
125823 0.00 0.00 0.00 0
125824 0.00 0.00 0.00 0
125833 0.00 0.00 0.00 0
125834 0.00 0.00 0.00 0
125839 0.00 0.00 0.00 0
125840 0.00 0.00 0.00 0
125841 0.00 0.00 0.00 0
125845 0.00 0.00 0.00 0
125846 0.00 0.00 0.00 0
125852 0.00 0.00 0.00 0
125853 0.00 0.00 0.00 0
125859 0.00 0.00 0.00 0
125860 0.00 0.00 0.00 0
125861 0.00 0.00 0.00 0
125866 0.00 0.00 0.00 0
125867 0.00 0.00 0.00 0
125868 0.00 0.00 0.00 0
125874 0.00 0.00 0.00 0
125875 0.00 0.00 0.00 0
125876 0.00 0.00 0.00 0
125877 0.00 0.00 0.00 0
125884 0.00 0.00 0.00 0
125885 0.00 0.00 0.00 0
125886 0.00 0.00 0.00 0
125887 0.00 0.00 0.00 0
125895 0.00 0.00 0.00 0
125896 0.00 0.00 0.00 0
125903 0.00 0.00 0.00 0
125904 0.00 0.00 0.00 0
125905 0.00 0.00 0.00 0
125908 0.00 0.00 0.00 0
125909 0.00 0.00 0.00 0
125910 0.00 0.00 0.00 0
125913 0.00 0.00 0.00 0
125914 0.00 0.00 0.00 0
125915 0.00 0.00 0.00 0
125916 0.00 0.00 0.00 0
125917 0.00 0.00 0.00 0
125918 0.00 0.00 0.00 0
125920 0.00 0.00 0.00 0
125921 0.00 0.00 0.00 0
125922 0.00 0.00 0.00 0
125923 0.00 0.00 0.00 0
125924 0.00 0.00 0.00 0
125925 0.00 0.00 0.00 0
125926 0.00 0.00 0.00 0
125927 0.00 0.00 0.00 0
125931 0.00 0.00 0.00 0
125932 0.00 0.00 0.00 0
125933 0.00 0.00 0.00 0
125934 0.00 0.00 0.00 0
125935 0.00 0.00 0.00 0
125936 0.00 0.00 0.00 0
125937 0.00 0.00 0.00 0
125941 0.00 0.00 0.00 0
125942 0.00 0.00 0.00 0
125943 0.00 0.00 0.00 0
125951 0.00 0.00 0.00 0
125952 0.00 0.00 0.00 0
125953 0.00 0.00 0.00 0
125968 0.00 0.00 0.00 0
125969 0.00 0.00 0.00 0
125970 0.00 0.00 0.00 0
125971 0.00 0.00 0.00 0
125972 0.00 0.00 0.00 0
125981 0.00 0.00 0.00 0
125982 0.00 0.00 0.00 0
125983 0.00 0.00 0.00 0
125984 0.00 0.00 0.00 0
125985 0.00 0.00 0.00 0
125994 0.00 0.00 0.00 0
125995 0.00 0.00 0.00 0
125996 0.00 0.00 0.00 0
125997 0.00 0.00 0.00 0
125998 0.00 0.00 0.00 0
126008 0.00 0.00 0.00 0
126009 0.00 0.00 0.00 0
126010 0.00 0.00 0.00 0
126025 0.00 0.00 0.00 0
126714 0.00 0.00 0.00 0
126722 0.00 0.00 0.00 0
126729 0.00 0.00 0.00 0
126737 0.00 0.00 0.00 0
126738 0.00 0.00 0.00 0
126745 0.00 0.00 0.00 0
126746 0.00 0.00 0.00 0
126753 0.00 0.00 0.00 0
126754 0.00 0.00 0.00 0
126764 0.00 0.00 0.00 0
126765 0.00 0.00 0.00 0
126773 0.00 0.00 0.00 0
126774 0.00 0.00 0.00 0
126780 0.00 0.00 0.00 0
126781 0.00 0.00 0.00 0
126788 0.00 0.00 0.00 0
126789 0.00 0.00 0.00 0
126790 0.00 0.00 0.00 0
126795 0.00 0.00 0.00 0
126796 0.00 0.00 0.00 0
126797 0.00 0.00 0.00 0
126803 0.00 0.00 0.00 0
126804 0.00 0.00 0.00 0
126805 0.00 0.00 0.00 0
126810 0.00 0.00 0.00 0
126811 0.00 0.00 0.00 0
126814 0.00 0.00 0.00 0
126815 0.00 0.00 0.00 0
126817 0.00 0.00 0.00 0
126818 0.00 0.00 0.00 0
126819 0.00 0.00 0.00 0
126820 0.00 0.00 0.00 0
126823 0.00 0.00 0.00 0
126824 0.00 0.00 0.00 0
126825 0.00 0.00 0.00 0
126826 0.00 0.00 0.00 0
126830 0.00 0.00 0.00 0
126831 0.00 0.00 0.00 0
126832 0.00 0.00 0.00 0
126833 0.00 0.00 0.00 0
126834 0.00 0.00 0.00 0
126837 0.00 0.00 0.00 0
126838 0.00 0.00 0.00 0
126839 0.00 0.00 0.00 0
126840 0.00 0.00 0.00 0
126841 0.00 0.00 0.00 0
126842 0.00 0.00 0.00 0
126843 0.00 0.00 0.00 0
126844 0.00 0.00 0.00 0
126847 0.00 0.00 0.00 0
126848 0.00 0.00 0.00 0
126849 0.00 0.00 0.00 0
126850 0.00 0.00 0.00 0
126851 0.00 0.00 0.00 0
126852 0.00 0.00 0.00 0
126855 0.00 0.00 0.00 0
126856 0.00 0.00 0.00 0
126865 0.00 0.00 0.00 0
126866 0.00 0.00 0.00 0
126867 0.00 0.00 0.00 0
126875 0.00 0.00 0.00 0
126876 0.00 0.00 0.00 0
126886 0.00 0.00 0.00 0
126887 0.00 0.00 0.00 0
126894 0.00 0.00 0.00 0
126895 0.00 0.00 0.00 0
126904 0.00 0.00 0.00 0
126905 0.00 0.00 0.00 0
126916 0.00 0.00 0.00 0
126917 0.00 0.00 0.00 0
127633 0.00 0.00 0.00 0
127642 0.00 0.00 0.00 0
127643 0.00 0.00 0.00 0
127653 0.00 0.00 0.00 0
127654 0.00 0.00 0.00 0
127663 0.00 0.00 0.00 0
127664 0.00 0.00 0.00 0
127672 0.00 0.00 0.00 0
127673 0.00 0.00 0.00 0
127684 0.00 0.00 0.00 0
127685 0.00 0.00 0.00 0
127695 0.00 0.00 0.00 0
127696 0.00 0.00 0.00 0
127697 0.00 0.00 0.00 0
127706 0.00 0.00 0.00 0
127707 0.00 0.00 0.00 0
127708 0.00 0.00 0.00 0
127720 0.00 0.00 0.00 0
127721 0.00 0.00 0.00 0
127722 0.00 0.00 0.00 0
127731 0.00 0.00 0.00 0
127732 0.00 0.00 0.00 0
127738 0.00 0.00 0.00 0
127739 0.00 0.00 0.00 0
127740 0.00 0.00 0.00 0
127741 0.00 0.00 0.00 0
127743 0.00 0.00 0.00 0
127744 0.00 0.00 0.00 0
127745 0.00 0.00 0.00 0
127746 0.00 0.00 0.00 0
127747 0.00 0.00 0.00 0
127750 0.00 0.00 0.00 0
127751 0.00 0.00 0.00 0
127752 0.00 0.00 0.00 0
127753 0.00 0.00 0.00 0
127754 0.00 0.00 0.00 0
127755 0.00 0.00 0.00 0
127756 0.00 0.00 0.00 0
127757 0.00 0.00 0.00 0
127760 0.00 0.00 0.00 0
127761 0.00 0.00 0.00 0
127762 0.00 0.00 0.00 0
127763 0.00 0.00 0.00 0
127764 0.00 0.00 0.00 0
127765 0.00 0.00 0.00 0
127766 0.00 0.00 0.00 0
127769 0.00 0.00 0.00 0
127770 0.00 0.00 0.00 0
127771 0.00 0.00 0.00 0
127772 0.00 0.00 0.00 0
127775 0.00 0.00 0.00 0
127776 0.00 0.00 0.00 0
127777 0.00 0.00 0.00 0
127778 0.00 0.00 0.00 0
127779 0.00 0.00 0.00 0
127780 0.00 0.00 0.00 0
127781 0.00 0.00 0.00 0
127782 0.00 0.00 0.00 0
127785 0.00 0.00 0.00 0
127786 0.00 0.00 0.00 0
127787 0.00 0.00 0.00 0
127788 0.00 0.00 0.00 0
127789 0.00 0.00 0.00 0
127790 0.00 0.00 0.00 0
127791 0.00 0.00 0.00 0
127794 0.00 0.00 0.00 0
127795 0.00 0.00 0.00 0
127798 0.00 0.00 0.00 0
127799 0.00 0.00 0.00 0
127809 0.00 0.00 0.00 0
127810 0.00 0.00 0.00 0
127818 0.00 0.00 0.00 0
127828 0.00 0.00 0.00 0
127835 0.00 0.00 0.00 0
128536 0.00 0.00 0.00 0
128553 0.00 0.00 0.00 0
128554 0.00 0.00 0.00 0
128571 0.00 0.00 0.00 0
128587 0.00 0.00 0.00 0
128588 0.00 0.00 0.00 0
128604 0.00 0.00 0.00 0
128605 0.00 0.00 0.00 0
128624 0.00 0.00 0.00 0
128625 0.00 0.00 0.00 0
128626 0.00 0.00 0.00 0
128645 0.00 0.00 0.00 0
128646 0.00 0.00 0.00 0
128647 0.00 0.00 0.00 0
128662 0.00 0.00 0.00 0
128663 0.00 0.00 0.00 0
128664 0.00 0.00 0.00 0
128665 0.00 0.00 0.00 0
128681 0.00 0.00 0.00 0
128682 0.00 0.00 0.00 0
128683 0.00 0.00 0.00 0
128684 0.00 0.00 0.00 0
128695 0.00 0.00 0.00 0
128696 0.00 0.00 0.00 0
128697 0.00 0.00 0.00 0
128698 0.00 0.00 0.00 0
128705 0.00 0.00 0.00 0
128706 0.00 0.00 0.00 0
128707 0.00 0.00 0.00 0
128708 0.00 0.00 0.00 0
128709 0.00 0.00 0.00 0
128710 0.00 0.00 0.00 0
128714 0.00 0.00 0.00 0
128715 0.00 0.00 0.00 0
128716 0.00 0.00 0.00 0
128717 0.00 0.00 0.00 0
128718 0.00 0.00 0.00 0
128719 0.00 0.00 0.00 0
128720 0.00 0.00 0.00 0
128724 0.00 0.00 0.00 0
128725 0.00 0.00 0.00 0
128726 0.00 0.00 0.00 0
128727 0.00 0.00 0.00 0
128728 0.00 0.00 0.00 0
128729 0.00 0.00 0.00 0
128734 0.00 0.00 0.00 0
128735 0.00 0.00 0.00 0
128736 0.00 0.00 0.00 0
128742 0.00 0.00 0.00 0
128743 0.00 0.00 0.00 0
128744 0.00 0.00 0.00 0
128751 0.00 0.00 0.00 0
128752 0.00 0.00 0.00 0
128753 0.00 0.00 0.00 0
128761 0.00 0.00 0.00 0
129485 0.00 0.00 0.00 0
129494 0.00 0.00 0.00 0
129495 0.00 0.00 0.00 0
129503 0.00 0.00 0.00 0
129504 0.00 0.00 0.00 0
129514 0.00 0.00 0.00 0
129515 0.00 0.00 0.00 0
129516 0.00 0.00 0.00 0
129527 0.00 0.00 0.00 0
129528 0.00 0.00 0.00 0
129529 0.00 0.00 0.00 0
129543 0.00 0.00 0.00 0
129544 0.00 0.00 0.00 0
129560 0.00 0.00 0.00 0
129561 0.00 0.00 0.00 0
129575 0.00 0.00 0.00 0
129576 0.00 0.00 0.00 0
129577 0.00 0.00 0.00 0
129578 0.00 0.00 0.00 0
129594 0.00 0.00 0.00 0
129595 0.00 0.00 0.00 0
129596 0.00 0.00 0.00 0
129597 0.00 0.00 0.00 0
129598 0.00 0.00 0.00 0
129609 0.00 0.00 0.00 0
129610 0.00 0.00 0.00 0
129611 0.00 0.00 0.00 0
129612 0.00 0.00 0.00 0
129619 0.00 0.00 0.00 0
129620 0.00 0.00 0.00 0
129621 0.00 0.00 0.00 0
130372 0.00 0.00 0.00 0
130373 0.00 0.00 0.00 0
130387 0.00 0.00 0.00 0
130388 0.00 0.00 0.00 0
130402 0.00 0.00 0.00 0
130403 0.00 0.00 0.00 0
130416 0.00 0.00 0.00 0
130417 0.00 0.00 0.00 0
130428 0.00 0.00 0.00 0
130429 0.00 0.00 0.00 0
130430 0.00 0.00 0.00 0
130431 0.00 0.00 0.00 0
130440 0.00 0.00 0.00 0
130441 0.00 0.00 0.00 0
130442 0.00 0.00 0.00 0
130443 0.00 0.00 0.00 0
130444 0.00 0.00 0.00 0
130451 0.00 0.00 0.00 0
130452 0.00 0.00 0.00 0
130453 0.00 0.00 0.00 0
130454 0.00 0.00 0.00 0
130455 0.00 0.00 0.00 0
131222 0.00 0.00 0.00 0
131223 0.00 0.00 0.00 0
131235 0.00 0.00 0.00 0
131236 0.00 0.00 0.00 0
131237 0.00 0.00 0.00 0
131242 0.00 0.00 0.00 0
131243 0.00 0.00 0.00 0
131244 0.00 0.00 0.00 0
131246 0.00 0.00 0.00 0
131247 0.00 0.00 0.00 0
131248 0.00 0.00 0.00 0
131249 0.00 0.00 0.00 0
131253 0.00 0.00 0.00 0
131254 0.00 0.00 0.00 0
131255 0.00 0.00 0.00 0
131256 0.00 0.00 0.00 0
132031 0.00 0.00 0.00 0
132032 0.00 0.00 0.00 0
132035 0.00 0.00 0.00 0
132038 0.00 0.00 0.00 0
154996 0.00 0.00 0.00 0
154997 0.00 0.00 0.00 0
154998 0.00 0.00 0.00 0
155119 0.00 0.00 0.00 0
155121 0.00 0.00 0.00 0
155122 0.00 0.00 0.00 0
155123 0.00 0.00 0.00 0
155124 0.00 0.00 0.00 0
155125 0.00 0.00 0.00 0
155126 0.00 0.00 0.00 0
155133 0.00 0.00 0.00 0
155134 0.00 0.00 0.00 0
155135 0.00 0.00 0.00 0
155136 0.00 0.00 0.00 0
155137 0.00 0.00 0.00 0
155138 0.00 0.00 0.00 0
155139 0.00 0.00 0.00 0
