# isthmuscingulate
2169
35989 0.00 0.00 0.00 0
37366 0.00 0.00 0.00 0
37379 0.00 0.00 0.00 0
37380 0.00 0.00 0.00 0
37392 0.00 0.00 0.00 0
37393 0.00 0.00 0.00 0
38701 0.00 0.00 0.00 0
38702 0.00 0.00 0.00 0
38713 0.00 0.00 0.00 0
38714 0.00 0.00 0.00 0
38725 0.00 0.00 0.00 0
38726 0.00 0.00 0.00 0
38747 0.00 0.00 0.00 0
38748 0.00 0.00 0.00 0
39977 0.00 0.00 0.00 0
39978 0.00 0.00 0.00 0
39979 0.00 0.00 0.00 0
39980 0.00 0.00 0.00 0
39990 0.00 0.00 0.00 0
39991 0.00 0.00 0.00 0
39992 0.00 0.00 0.00 0
39993 0.00 0.00 0.00 0
40001 0.00 0.00 0.00 0
40002 0.00 0.00 0.00 0
40003 0.00 0.00 0.00 0
40075 0.00 0.00 0.00 0
40076 0.00 0.00 0.00 0
40077 0.00 0.00 0.00 0
40078 0.00 0.00 0.00 0
40086 0.00 0.00 0.00 0
40087 0.00 0.00 0.00 0
40098 0.00 0.00 0.00 0
40122 0.00 0.00 0.00 0
40123 0.00 0.00 0.00 0
40146 0.00 0.00 0.00 0
41377 0.00 0.00 0.00 0
41378 0.00 0.00 0.00 0
41379 0.00 0.00 0.00 0
41390 0.00 0.00 0.00 0
41391 0.00 0.00 0.00 0
41392 0.00 0.00 0.00 0
41393 0.00 0.00 0.00 0
41394 0.00 0.00 0.00 0
41395 0.00 0.00 0.00 0
41402 0.00 0.00 0.00 0
41403 0.00 0.00 0.00 0
41411 0.00 0.00 0.00 0
41412 0.00 0.00 0.00 0
41413 0.00 0.00 0.00 0
41414 0.00 0.00 0.00 0
41425 0.00 0.00 0.00 0
41426 0.00 0.00 0.00 0
41480 0.00 0.00 0.00 0
41481 0.00 0.00 0.00 0
41482 0.00 0.00 0.00 0
41489 0.00 0.00 0.00 0
41490 0.00 0.00 0.00 0
41491 0.00 0.00 0.00 0
41492 0.00 0.00 0.00 0
41493 0.00 0.00 0.00 0
41501 0.00 0.00 0.00 0
41502 0.00 0.00 0.00 0
41515 0.00 0.00 0.00 0
41536 0.00 0.00 0.00 0
41537 0.00 0.00 0.00 0
41562 0.00 0.00 0.00 0
41563 0.00 0.00 0.00 0
41564 0.00 0.00 0.00 0
41584 0.00 0.00 0.00 0
41585 0.00 0.00 0.00 0
42785 0.00 0.00 0.00 0
42786 0.00 0.00 0.00 0
42787 0.00 0.00 0.00 0
42798 0.00 0.00 0.00 0
42799 0.00 0.00 0.00 0
42800 0.00 0.00 0.00 0
42801 0.00 0.00 0.00 0
42802 0.00 0.00 0.00 0
42817 0.00 0.00 0.00 0
42818 0.00 0.00 0.00 0
42819 0.00 0.00 0.00 0
42820 0.00 0.00 0.00 0
42821 0.00 0.00 0.00 0
42830 0.00 0.00 0.00 0
42831 0.00 0.00 0.00 0
42839 0.00 0.00 0.00 0
42840 0.00 0.00 0.00 0
42850 0.00 0.00 0.00 0
42851 0.00 0.00 0.00 0
42869 0.00 0.00 0.00 0
42870 0.00 0.00 0.00 0
42910 0.00 0.00 0.00 0
42911 0.00 0.00 0.00 0
42922 0.00 0.00 0.00 0
42923 0.00 0.00 0.00 0
42924 0.00 0.00 0.00 0
42934 0.00 0.00 0.00 0
42935 0.00 0.00 0.00 0
42936 0.00 0.00 0.00 0
42937 0.00 0.00 0.00 0
42948 0.00 0.00 0.00 0
42949 0.00 0.00 0.00 0
42950 0.00 0.00 0.00 0
42951 0.00 0.00 0.00 0
42966 0.00 0.00 0.00 0
42981 0.00 0.00 0.00 0
42999 0.00 0.00 0.00 0
43000 0.00 0.00 0.00 0
43018 0.00 0.00 0.00 0
43019 0.00 0.00 0.00 0
43020 0.00 0.00 0.00 0
43034 0.00 0.00 0.00 0
43035 0.00 0.00 0.00 0
44063 0.00 0.00 0.00 0
44064 0.00 0.00 0.00 0
44088 0.00 0.00 0.00 0
44089 0.00 0.00 0.00 0
44090 0.00 0.00 0.00 0
44091 0.00 0.00 0.00 0
44092 0.00 0.00 0.00 0
44093 0.00 0.00 0.00 0
44116 0.00 0.00 0.00 0
44117 0.00 0.00 0.00 0
44118 0.00 0.00 0.00 0
44119 0.00 0.00 0.00 0
44120 0.00 0.00 0.00 0
44121 0.00 0.00 0.00 0
44150 0.00 0.00 0.00 0
44151 0.00 0.00 0.00 0
44168 0.00 0.00 0.00 0
44169 0.00 0.00 0.00 0
44170 0.00 0.00 0.00 0
44171 0.00 0.00 0.00 0
44189 0.00 0.00 0.00 0
44190 0.00 0.00 0.00 0
44191 0.00 0.00 0.00 0
44192 0.00 0.00 0.00 0
44193 0.00 0.00 0.00 0
44214 0.00 0.00 0.00 0
44215 0.00 0.00 0.00 0
44216 0.00 0.00 0.00 0
44217 0.00 0.00 0.00 0
44218 0.00 0.00 0.00 0
44237 0.00 0.00 0.00 0
44238 0.00 0.00 0.00 0
44239 0.00 0.00 0.00 0
44252 0.00 0.00 0.00 0
44264 0.00 0.00 0.00 0
44285 0.00 0.00 0.00 0
44286 0.00 0.00 0.00 0
44303 0.00 0.00 0.00 0
44304 0.00 0.00 0.00 0
44305 0.00 0.00 0.00 0
44306 0.00 0.00 0.00 0
44318 0.00 0.00 0.00 0
44319 0.00 0.00 0.00 0
44320 0.00 0.00 0.00 0
44337 0.00 0.00 0.00 0
44338 0.00 0.00 0.00 0
44355 0.00 0.00 0.00 0
44356 0.00 0.00 0.00 0
44357 0.00 0.00 0.00 0
44374 0.00 0.00 0.00 0
44375 0.00 0.00 0.00 0
44392 0.00 0.00 0.00 0
44393 0.00 0.00 0.00 0
44394 0.00 0.00 0.00 0
44395 0.00 0.00 0.00 0
44411 0.00 0.00 0.00 0
44412 0.00 0.00 0.00 0
44413 0.00 0.00 0.00 0
44414 0.00 0.00 0.00 0
44415 0.00 0.00 0.00 0
44427 0.00 0.00 0.00 0
44428 0.00 0.00 0.00 0
44441 0.00 0.00 0.00 0
44450 0.00 0.00 0.00 0
44451 0.00 0.00 0.00 0
44458 0.00 0.00 0.00 0
44459 0.00 0.00 0.00 0
44460 0.00 0.00 0.00 0
44463 0.00 0.00 0.00 0
44464 0.00 0.00 0.00 0
44465 0.00 0.00 0.00 0
44474 0.00 0.00 0.00 0
44475 0.00 0.00 0.00 0
44484 0.00 0.00 0.00 0
44502 0.00 0.00 0.00 0
44529 0.00 0.00 0.00 0
44546 0.00 0.00 0.00 0
44547 0.00 0.00 0.00 0
44548 0.00 0.00 0.00 0
45460 0.00 0.00 0.00 0
45461 0.00 0.00 0.00 0
45462 0.00 0.00 0.00 0
45482 0.00 0.00 0.00 0
45483 0.00 0.00 0.00 0
45484 0.00 0.00 0.00 0
45485 0.00 0.00 0.00 0
45486 0.00 0.00 0.00 0
45487 0.00 0.00 0.00 0
45488 0.00 0.00 0.00 0
45511 0.00 0.00 0.00 0
45512 0.00 0.00 0.00 0
45513 0.00 0.00 0.00 0
45514 0.00 0.00 0.00 0
45515 0.00 0.00 0.00 0
45516 0.00 0.00 0.00 0
45517 0.00 0.00 0.00 0
45518 0.00 0.00 0.00 0
45519 0.00 0.00 0.00 0
45520 0.00 0.00 0.00 0
45546 0.00 0.00 0.00 0
45547 0.00 0.00 0.00 0
45548 0.00 0.00 0.00 0
45549 0.00 0.00 0.00 0
45550 0.00 0.00 0.00 0
45551 0.00 0.00 0.00 0
45552 0.00 0.00 0.00 0
45553 0.00 0.00 0.00 0
45554 0.00 0.00 0.00 0
45555 0.00 0.00 0.00 0
45569 0.00 0.00 0.00 0
45570 0.00 0.00 0.00 0
45571 0.00 0.00 0.00 0
45572 0.00 0.00 0.00 0
45573 0.00 0.00 0.00 0
45574 0.00 0.00 0.00 0
45579 0.00 0.00 0.00 0
45580 0.00 0.00 0.00 0
45581 0.00 0.00 0.00 0
45582 0.00 0.00 0.00 0
45583 0.00 0.00 0.00 0
45593 0.00 0.00 0.00 0
45594 0.00 0.00 0.00 0
45595 0.00 0.00 0.00 0
45596 0.00 0.00 0.00 0
45597 0.00 0.00 0.00 0
45606 0.00 0.00 0.00 0
45607 0.00 0.00 0.00 0
45608 0.00 0.00 0.00 0
45623 0.00 0.00 0.00 0
45624 0.00 0.00 0.00 0
45625 0.00 0.00 0.00 0
45642 0.00 0.00 0.00 0
45643 0.00 0.00 0.00 0
45661 0.00 0.00 0.00 0
45662 0.00 0.00 0.00 0
45681 0.00 0.00 0.00 0
45700 0.00 0.00 0.00 0
45701 0.00 0.00 0.00 0
45714 0.00 0.00 0.00 0
45715 0.00 0.00 0.00 0
45729 0.00 0.00 0.00 0
45730 0.00 0.00 0.00 0
45731 0.00 0.00 0.00 0
45748 0.00 0.00 0.00 0
45749 0.00 0.00 0.00 0
45750 0.00 0.00 0.00 0
45765 0.00 0.00 0.00 0
45766 0.00 0.00 0.00 0
45767 0.00 0.00 0.00 0
45783 0.00 0.00 0.00 0
45784 0.00 0.00 0.00 0
45800 0.00 0.00 0.00 0
45812 0.00 0.00 0.00 0
45813 0.00 0.00 0.00 0
45814 0.00 0.00 0.00 0
45815 0.00 0.00 0.00 0
45827 0.00 0.00 0.00 0
45828 0.00 0.00 0.00 0
45841 0.00 0.00 0.00 0
45842 0.00 0.00 0.00 0
45857 0.00 0.00 0.00 0
45858 0.00 0.00 0.00 0
45869 0.00 0.00 0.00 0
45870 0.00 0.00 0.00 0
45874 0.00 0.00 0.00 0
45875 0.00 0.00 0.00 0
45876 0.00 0.00 0.00 0
45884 0.00 0.00 0.00 0
45885 0.00 0.00 0.00 0
45886 0.00 0.00 0.00 0
45892 0.00 0.00 0.00 0
45893 0.00 0.00 0.00 0
45901 0.00 0.00 0.00 0
45902 0.00 0.00 0.00 0
45926 0.00 0.00 0.00 0
45927 0.00 0.00 0.00 0
45928 0.00 0.00 0.00 0
45942 0.00 0.00 0.00 0
45943 0.00 0.00 0.00 0
45944 0.00 0.00 0.00 0
45961 0.00 0.00 0.00 0
45962 0.00 0.00 0.00 0
46840 0.00 0.00 0.00 0
46841 0.00 0.00 0.00 0
46842 0.00 0.00 0.00 0
46843 0.00 0.00 0.00 0
46857 0.00 0.00 0.00 0
46858 0.00 0.00 0.00 0
46859 0.00 0.00 0.00 0
46860 0.00 0.00 0.00 0
46861 0.00 0.00 0.00 0
46862 0.00 0.00 0.00 0
46863 0.00 0.00 0.00 0
46880 0.00 0.00 0.00 0
46881 0.00 0.00 0.00 0
46882 0.00 0.00 0.00 0
46883 0.00 0.00 0.00 0
46884 0.00 0.00 0.00 0
46885 0.00 0.00 0.00 0
46886 0.00 0.00 0.00 0
46887 0.00 0.00 0.00 0
46910 0.00 0.00 0.00 0
46911 0.00 0.00 0.00 0
46912 0.00 0.00 0.00 0
46913 0.00 0.00 0.00 0
46930 0.00 0.00 0.00 0
46931 0.00 0.00 0.00 0
46932 0.00 0.00 0.00 0
46942 0.00 0.00 0.00 0
46943 0.00 0.00 0.00 0
46944 0.00 0.00 0.00 0
46956 0.00 0.00 0.00 0
46957 0.00 0.00 0.00 0
46958 0.00 0.00 0.00 0
46959 0.00 0.00 0.00 0
46971 0.00 0.00 0.00 0
46980 0.00 0.00 0.00 0
46981 0.00 0.00 0.00 0
46994 0.00 0.00 0.00 0
46995 0.00 0.00 0.00 0
47009 0.00 0.00 0.00 0
47010 0.00 0.00 0.00 0
47022 0.00 0.00 0.00 0
47031 0.00 0.00 0.00 0
47032 0.00 0.00 0.00 0
47043 0.00 0.00 0.00 0
47054 0.00 0.00 0.00 0
47055 0.00 0.00 0.00 0
47056 0.00 0.00 0.00 0
47068 0.00 0.00 0.00 0
47069 0.00 0.00 0.00 0
47070 0.00 0.00 0.00 0
47071 0.00 0.00 0.00 0
47072 0.00 0.00 0.00 0
47086 0.00 0.00 0.00 0
47087 0.00 0.00 0.00 0
47088 0.00 0.00 0.00 0
47089 0.00 0.00 0.00 0
47090 0.00 0.00 0.00 0
47105 0.00 0.00 0.00 0
47106 0.00 0.00 0.00 0
47119 0.00 0.00 0.00 0
47135 0.00 0.00 0.00 0
47136 0.00 0.00 0.00 0
47137 0.00 0.00 0.00 0
47138 0.00 0.00 0.00 0
47158 0.00 0.00 0.00 0
47159 0.00 0.00 0.00 0
47160 0.00 0.00 0.00 0
47161 0.00 0.00 0.00 0
47181 0.00 0.00 0.00 0
47182 0.00 0.00 0.00 0
47200 0.00 0.00 0.00 0
47201 0.00 0.00 0.00 0
47210 0.00 0.00 0.00 0
47211 0.00 0.00 0.00 0
47217 0.00 0.00 0.00 0
47218 0.00 0.00 0.00 0
47226 0.00 0.00 0.00 0
47227 0.00 0.00 0.00 0
47234 0.00 0.00 0.00 0
47235 0.00 0.00 0.00 0
47236 0.00 0.00 0.00 0
47242 0.00 0.00 0.00 0
47243 0.00 0.00 0.00 0
47244 0.00 0.00 0.00 0
47273 0.00 0.00 0.00 0
47274 0.00 0.00 0.00 0
47275 0.00 0.00 0.00 0
47276 0.00 0.00 0.00 0
47299 0.00 0.00 0.00 0
47300 0.00 0.00 0.00 0
47301 0.00 0.00 0.00 0
47302 0.00 0.00 0.00 0
47317 0.00 0.00 0.00 0
47318 0.00 0.00 0.00 0
47319 0.00 0.00 0.00 0
48194 0.00 0.00 0.00 0
48195 0.00 0.00 0.00 0
48204 0.00 0.00 0.00 0
48205 0.00 0.00 0.00 0
48206 0.00 0.00 0.00 0
48207 0.00 0.00 0.00 0
48223 0.00 0.00 0.00 0
48224 0.00 0.00 0.00 0
48225 0.00 0.00 0.00 0
48226 0.00 0.00 0.00 0
48227 0.00 0.00 0.00 0
48246 0.00 0.00 0.00 0
48247 0.00 0.00 0.00 0
48248 0.00 0.00 0.00 0
48249 0.00 0.00 0.00 0
48250 0.00 0.00 0.00 0
48251 0.00 0.00 0.00 0
48268 0.00 0.00 0.00 0
48269 0.00 0.00 0.00 0
48270 0.00 0.00 0.00 0
48271 0.00 0.00 0.00 0
48291 0.00 0.00 0.00 0
48301 0.00 0.00 0.00 0
48302 0.00 0.00 0.00 0
48307 0.00 0.00 0.00 0
48308 0.00 0.00 0.00 0
48312 0.00 0.00 0.00 0
48317 0.00 0.00 0.00 0
48318 0.00 0.00 0.00 0
48324 0.00 0.00 0.00 0
48325 0.00 0.00 0.00 0
48334 0.00 0.00 0.00 0
48335 0.00 0.00 0.00 0
48336 0.00 0.00 0.00 0
48337 0.00 0.00 0.00 0
48344 0.00 0.00 0.00 0
48345 0.00 0.00 0.00 0
48346 0.00 0.00 0.00 0
48347 0.00 0.00 0.00 0
48348 0.00 0.00 0.00 0
48352 0.00 0.00 0.00 0
48353 0.00 0.00 0.00 0
48354 0.00 0.00 0.00 0
48355 0.00 0.00 0.00 0
48356 0.00 0.00 0.00 0
48357 0.00 0.00 0.00 0
48360 0.00 0.00 0.00 0
48361 0.00 0.00 0.00 0
48362 0.00 0.00 0.00 0
48363 0.00 0.00 0.00 0
48364 0.00 0.00 0.00 0
48365 0.00 0.00 0.00 0
48368 0.00 0.00 0.00 0
48369 0.00 0.00 0.00 0
48370 0.00 0.00 0.00 0
48371 0.00 0.00 0.00 0
48372 0.00 0.00 0.00 0
48373 0.00 0.00 0.00 0
48374 0.00 0.00 0.00 0
48380 0.00 0.00 0.00 0
48381 0.00 0.00 0.00 0
48382 0.00 0.00 0.00 0
48383 0.00 0.00 0.00 0
48384 0.00 0.00 0.00 0
48385 0.00 0.00 0.00 0
48386 0.00 0.00 0.00 0
48399 0.00 0.00 0.00 0
48400 0.00 0.00 0.00 0
48401 0.00 0.00 0.00 0
48402 0.00 0.00 0.00 0
48403 0.00 0.00 0.00 0
48404 0.00 0.00 0.00 0
48405 0.00 0.00 0.00 0
48421 0.00 0.00 0.00 0
48422 0.00 0.00 0.00 0
48423 0.00 0.00 0.00 0
48424 0.00 0.00 0.00 0
48425 0.00 0.00 0.00 0
48426 0.00 0.00 0.00 0
48427 0.00 0.00 0.00 0
48446 0.00 0.00 0.00 0
48447 0.00 0.00 0.00 0
48448 0.00 0.00 0.00 0
48449 0.00 0.00 0.00 0
48450 0.00 0.00 0.00 0
48470 0.00 0.00 0.00 0
48471 0.00 0.00 0.00 0
48472 0.00 0.00 0.00 0
48473 0.00 0.00 0.00 0
48474 0.00 0.00 0.00 0
48493 0.00 0.00 0.00 0
48494 0.00 0.00 0.00 0
48495 0.00 0.00 0.00 0
48496 0.00 0.00 0.00 0
48497 0.00 0.00 0.00 0
48498 0.00 0.00 0.00 0
48513 0.00 0.00 0.00 0
48514 0.00 0.00 0.00 0
48515 0.00 0.00 0.00 0
48516 0.00 0.00 0.00 0
48517 0.00 0.00 0.00 0
48529 0.00 0.00 0.00 0
48530 0.00 0.00 0.00 0
48531 0.00 0.00 0.00 0
48539 0.00 0.00 0.00 0
48540 0.00 0.00 0.00 0
48541 0.00 0.00 0.00 0
48549 0.00 0.00 0.00 0
48550 0.00 0.00 0.00 0
48556 0.00 0.00 0.00 0
48559 0.00 0.00 0.00 0
48560 0.00 0.00 0.00 0
48561 0.00 0.00 0.00 0
48562 0.00 0.00 0.00 0
48563 0.00 0.00 0.00 0
48564 0.00 0.00 0.00 0
48565 0.00 0.00 0.00 0
48568 0.00 0.00 0.00 0
48569 0.00 0.00 0.00 0
48570 0.00 0.00 0.00 0
48571 0.00 0.00 0.00 0
48572 0.00 0.00 0.00 0
48573 0.00 0.00 0.00 0
48574 0.00 0.00 0.00 0
48601 0.00 0.00 0.00 0
48602 0.00 0.00 0.00 0
48603 0.00 0.00 0.00 0
48604 0.00 0.00 0.00 0
48605 0.00 0.00 0.00 0
48606 0.00 0.00 0.00 0
48626 0.00 0.00 0.00 0
48627 0.00 0.00 0.00 0
48628 0.00 0.00 0.00 0
48629 0.00 0.00 0.00 0
48630 0.00 0.00 0.00 0
48631 0.00 0.00 0.00 0
48645 0.00 0.00 0.00 0
48646 0.00 0.00 0.00 0
48647 0.00 0.00 0.00 0
49527 0.00 0.00 0.00 0
49528 0.00 0.00 0.00 0
49535 0.00 0.00 0.00 0
49536 0.00 0.00 0.00 0
49537 0.00 0.00 0.00 0
49547 0.00 0.00 0.00 0
49548 0.00 0.00 0.00 0
49549 0.00 0.00 0.00 0
49550 0.00 0.00 0.00 0
49560 0.00 0.00 0.00 0
49561 0.00 0.00 0.00 0
49562 0.00 0.00 0.00 0
49563 0.00 0.00 0.00 0
49564 0.00 0.00 0.00 0
49565 0.00 0.00 0.00 0
49580 0.00 0.00 0.00 0
49581 0.00 0.00 0.00 0
49582 0.00 0.00 0.00 0
49583 0.00 0.00 0.00 0
49584 0.00 0.00 0.00 0
49585 0.00 0.00 0.00 0
49586 0.00 0.00 0.00 0
49587 0.00 0.00 0.00 0
49601 0.00 0.00 0.00 0
49602 0.00 0.00 0.00 0
49603 0.00 0.00 0.00 0
49604 0.00 0.00 0.00 0
49617 0.00 0.00 0.00 0
49627 0.00 0.00 0.00 0
49628 0.00 0.00 0.00 0
49632 0.00 0.00 0.00 0
49635 0.00 0.00 0.00 0
49636 0.00 0.00 0.00 0
49637 0.00 0.00 0.00 0
49638 0.00 0.00 0.00 0
49639 0.00 0.00 0.00 0
49643 0.00 0.00 0.00 0
49644 0.00 0.00 0.00 0
49645 0.00 0.00 0.00 0
49646 0.00 0.00 0.00 0
49647 0.00 0.00 0.00 0
49651 0.00 0.00 0.00 0
49652 0.00 0.00 0.00 0
49653 0.00 0.00 0.00 0
49654 0.00 0.00 0.00 0
49655 0.00 0.00 0.00 0
49656 0.00 0.00 0.00 0
49661 0.00 0.00 0.00 0
49662 0.00 0.00 0.00 0
49663 0.00 0.00 0.00 0
49664 0.00 0.00 0.00 0
49665 0.00 0.00 0.00 0
49672 0.00 0.00 0.00 0
49673 0.00 0.00 0.00 0
49674 0.00 0.00 0.00 0
49675 0.00 0.00 0.00 0
49676 0.00 0.00 0.00 0
49682 0.00 0.00 0.00 0
49683 0.00 0.00 0.00 0
49684 0.00 0.00 0.00 0
49685 0.00 0.00 0.00 0
49686 0.00 0.00 0.00 0
49687 0.00 0.00 0.00 0
49690 0.00 0.00 0.00 0
49691 0.00 0.00 0.00 0
49692 0.00 0.00 0.00 0
49693 0.00 0.00 0.00 0
49694 0.00 0.00 0.00 0
49695 0.00 0.00 0.00 0
49697 0.00 0.00 0.00 0
49698 0.00 0.00 0.00 0
49699 0.00 0.00 0.00 0
49700 0.00 0.00 0.00 0
49701 0.00 0.00 0.00 0
49705 0.00 0.00 0.00 0
49706 0.00 0.00 0.00 0
49707 0.00 0.00 0.00 0
49708 0.00 0.00 0.00 0
49723 0.00 0.00 0.00 0
49724 0.00 0.00 0.00 0
49725 0.00 0.00 0.00 0
49726 0.00 0.00 0.00 0
49741 0.00 0.00 0.00 0
49742 0.00 0.00 0.00 0
49743 0.00 0.00 0.00 0
49744 0.00 0.00 0.00 0
49745 0.00 0.00 0.00 0
49759 0.00 0.00 0.00 0
49760 0.00 0.00 0.00 0
49761 0.00 0.00 0.00 0
49762 0.00 0.00 0.00 0
49770 0.00 0.00 0.00 0
49771 0.00 0.00 0.00 0
49772 0.00 0.00 0.00 0
49773 0.00 0.00 0.00 0
49774 0.00 0.00 0.00 0
49780 0.00 0.00 0.00 0
49781 0.00 0.00 0.00 0
49782 0.00 0.00 0.00 0
49783 0.00 0.00 0.00 0
49784 0.00 0.00 0.00 0
49785 0.00 0.00 0.00 0
49786 0.00 0.00 0.00 0
49793 0.00 0.00 0.00 0
49794 0.00 0.00 0.00 0
49795 0.00 0.00 0.00 0
49796 0.00 0.00 0.00 0
49797 0.00 0.00 0.00 0
49798 0.00 0.00 0.00 0
49804 0.00 0.00 0.00 0
49805 0.00 0.00 0.00 0
49806 0.00 0.00 0.00 0
49807 0.00 0.00 0.00 0
49808 0.00 0.00 0.00 0
49811 0.00 0.00 0.00 0
49812 0.00 0.00 0.00 0
49817 0.00 0.00 0.00 0
49818 0.00 0.00 0.00 0
49821 0.00 0.00 0.00 0
49824 0.00 0.00 0.00 0
49825 0.00 0.00 0.00 0
49826 0.00 0.00 0.00 0
49827 0.00 0.00 0.00 0
49828 0.00 0.00 0.00 0
49834 0.00 0.00 0.00 0
49835 0.00 0.00 0.00 0
49836 0.00 0.00 0.00 0
49837 0.00 0.00 0.00 0
49838 0.00 0.00 0.00 0
49839 0.00 0.00 0.00 0
49861 0.00 0.00 0.00 0
49862 0.00 0.00 0.00 0
49863 0.00 0.00 0.00 0
49864 0.00 0.00 0.00 0
49865 0.00 0.00 0.00 0
49866 0.00 0.00 0.00 0
49883 0.00 0.00 0.00 0
49884 0.00 0.00 0.00 0
49885 0.00 0.00 0.00 0
49897 0.00 0.00 0.00 0
49898 0.00 0.00 0.00 0
50739 0.00 0.00 0.00 0
50740 0.00 0.00 0.00 0
50741 0.00 0.00 0.00 0
50751 0.00 0.00 0.00 0
50752 0.00 0.00 0.00 0
50753 0.00 0.00 0.00 0
50754 0.00 0.00 0.00 0
50755 0.00 0.00 0.00 0
50756 0.00 0.00 0.00 0
50766 0.00 0.00 0.00 0
50767 0.00 0.00 0.00 0
50768 0.00 0.00 0.00 0
50769 0.00 0.00 0.00 0
50770 0.00 0.00 0.00 0
50771 0.00 0.00 0.00 0
50772 0.00 0.00 0.00 0
50777 0.00 0.00 0.00 0
50778 0.00 0.00 0.00 0
50779 0.00 0.00 0.00 0
50780 0.00 0.00 0.00 0
50781 0.00 0.00 0.00 0
50782 0.00 0.00 0.00 0
50783 0.00 0.00 0.00 0
50784 0.00 0.00 0.00 0
50785 0.00 0.00 0.00 0
50797 0.00 0.00 0.00 0
50798 0.00 0.00 0.00 0
50799 0.00 0.00 0.00 0
50800 0.00 0.00 0.00 0
50801 0.00 0.00 0.00 0
50802 0.00 0.00 0.00 0
50803 0.00 0.00 0.00 0
50815 0.00 0.00 0.00 0
50816 0.00 0.00 0.00 0
50829 0.00 0.00 0.00 0
50830 0.00 0.00 0.00 0
50840 0.00 0.00 0.00 0
50841 0.00 0.00 0.00 0
50842 0.00 0.00 0.00 0
50846 0.00 0.00 0.00 0
50847 0.00 0.00 0.00 0
50848 0.00 0.00 0.00 0
50849 0.00 0.00 0.00 0
50850 0.00 0.00 0.00 0
50851 0.00 0.00 0.00 0
50852 0.00 0.00 0.00 0
50853 0.00 0.00 0.00 0
50856 0.00 0.00 0.00 0
50857 0.00 0.00 0.00 0
50858 0.00 0.00 0.00 0
50859 0.00 0.00 0.00 0
50860 0.00 0.00 0.00 0
50861 0.00 0.00 0.00 0
50862 0.00 0.00 0.00 0
50863 0.00 0.00 0.00 0
50866 0.00 0.00 0.00 0
50867 0.00 0.00 0.00 0
50868 0.00 0.00 0.00 0
50869 0.00 0.00 0.00 0
50870 0.00 0.00 0.00 0
50871 0.00 0.00 0.00 0
50875 0.00 0.00 0.00 0
50876 0.00 0.00 0.00 0
50877 0.00 0.00 0.00 0
50878 0.00 0.00 0.00 0
50879 0.00 0.00 0.00 0
50880 0.00 0.00 0.00 0
50884 0.00 0.00 0.00 0
50885 0.00 0.00 0.00 0
50886 0.00 0.00 0.00 0
50887 0.00 0.00 0.00 0
50888 0.00 0.00 0.00 0
50891 0.00 0.00 0.00 0
50892 0.00 0.00 0.00 0
50893 0.00 0.00 0.00 0
50894 0.00 0.00 0.00 0
50895 0.00 0.00 0.00 0
50899 0.00 0.00 0.00 0
50900 0.00 0.00 0.00 0
50901 0.00 0.00 0.00 0
50902 0.00 0.00 0.00 0
50905 0.00 0.00 0.00 0
50906 0.00 0.00 0.00 0
50909 0.00 0.00 0.00 0
50910 0.00 0.00 0.00 0
50915 0.00 0.00 0.00 0
50916 0.00 0.00 0.00 0
50932 0.00 0.00 0.00 0
50933 0.00 0.00 0.00 0
50944 0.00 0.00 0.00 0
50945 0.00 0.00 0.00 0
50946 0.00 0.00 0.00 0
50954 0.00 0.00 0.00 0
50955 0.00 0.00 0.00 0
50956 0.00 0.00 0.00 0
50962 0.00 0.00 0.00 0
50963 0.00 0.00 0.00 0
50967 0.00 0.00 0.00 0
50968 0.00 0.00 0.00 0
50974 0.00 0.00 0.00 0
50975 0.00 0.00 0.00 0
50976 0.00 0.00 0.00 0
50977 0.00 0.00 0.00 0
50978 0.00 0.00 0.00 0
50984 0.00 0.00 0.00 0
50985 0.00 0.00 0.00 0
50986 0.00 0.00 0.00 0
50987 0.00 0.00 0.00 0
50988 0.00 0.00 0.00 0
50989 0.00 0.00 0.00 0
50994 0.00 0.00 0.00 0
50995 0.00 0.00 0.00 0
50996 0.00 0.00 0.00 0
50997 0.00 0.00 0.00 0
51000 0.00 0.00 0.00 0
51001 0.00 0.00 0.00 0
51004 0.00 0.00 0.00 0
51005 0.00 0.00 0.00 0
51008 0.00 0.00 0.00 0
51009 0.00 0.00 0.00 0
51010 0.00 0.00 0.00 0
51011 0.00 0.00 0.00 0
51018 0.00 0.00 0.00 0
51019 0.00 0.00 0.00 0
51020 0.00 0.00 0.00 0
51021 0.00 0.00 0.00 0
51022 0.00 0.00 0.00 0
51023 0.00 0.00 0.00 0
51042 0.00 0.00 0.00 0
51043 0.00 0.00 0.00 0
51044 0.00 0.00 0.00 0
51045 0.00 0.00 0.00 0
51046 0.00 0.00 0.00 0
51047 0.00 0.00 0.00 0
51048 0.00 0.00 0.00 0
51049 0.00 0.00 0.00 0
51050 0.00 0.00 0.00 0
51051 0.00 0.00 0.00 0
51052 0.00 0.00 0.00 0
51071 0.00 0.00 0.00 0
51072 0.00 0.00 0.00 0
51932 0.00 0.00 0.00 0
51933 0.00 0.00 0.00 0
51934 0.00 0.00 0.00 0
51935 0.00 0.00 0.00 0
51936 0.00 0.00 0.00 0
51937 0.00 0.00 0.00 0
51938 0.00 0.00 0.00 0
51947 0.00 0.00 0.00 0
51948 0.00 0.00 0.00 0
51949 0.00 0.00 0.00 0
51950 0.00 0.00 0.00 0
51951 0.00 0.00 0.00 0
51952 0.00 0.00 0.00 0
51953 0.00 0.00 0.00 0
51954 0.00 0.00 0.00 0
51955 0.00 0.00 0.00 0
51956 0.00 0.00 0.00 0
51962 0.00 0.00 0.00 0
51963 0.00 0.00 0.00 0
51964 0.00 0.00 0.00 0
51965 0.00 0.00 0.00 0
51966 0.00 0.00 0.00 0
51967 0.00 0.00 0.00 0
51972 0.00 0.00 0.00 0
51973 0.00 0.00 0.00 0
51974 0.00 0.00 0.00 0
51975 0.00 0.00 0.00 0
51976 0.00 0.00 0.00 0
51985 0.00 0.00 0.00 0
51986 0.00 0.00 0.00 0
51998 0.00 0.00 0.00 0
51999 0.00 0.00 0.00 0
52000 0.00 0.00 0.00 0
52013 0.00 0.00 0.00 0
52014 0.00 0.00 0.00 0
52015 0.00 0.00 0.00 0
52023 0.00 0.00 0.00 0
52024 0.00 0.00 0.00 0
52025 0.00 0.00 0.00 0
52026 0.00 0.00 0.00 0
52027 0.00 0.00 0.00 0
52028 0.00 0.00 0.00 0
52031 0.00 0.00 0.00 0
52032 0.00 0.00 0.00 0
52033 0.00 0.00 0.00 0
52034 0.00 0.00 0.00 0
52035 0.00 0.00 0.00 0
52036 0.00 0.00 0.00 0
52039 0.00 0.00 0.00 0
52040 0.00 0.00 0.00 0
52043 0.00 0.00 0.00 0
52044 0.00 0.00 0.00 0
52045 0.00 0.00 0.00 0
52051 0.00 0.00 0.00 0
52052 0.00 0.00 0.00 0
52053 0.00 0.00 0.00 0
52057 0.00 0.00 0.00 0
52058 0.00 0.00 0.00 0
52059 0.00 0.00 0.00 0
52062 0.00 0.00 0.00 0
52063 0.00 0.00 0.00 0
52064 0.00 0.00 0.00 0
52067 0.00 0.00 0.00 0
52068 0.00 0.00 0.00 0
52069 0.00 0.00 0.00 0
52071 0.00 0.00 0.00 0
52072 0.00 0.00 0.00 0
52073 0.00 0.00 0.00 0
52074 0.00 0.00 0.00 0
52076 0.00 0.00 0.00 0
52077 0.00 0.00 0.00 0
52078 0.00 0.00 0.00 0
52082 0.00 0.00 0.00 0
52083 0.00 0.00 0.00 0
52084 0.00 0.00 0.00 0
52099 0.00 0.00 0.00 0
52100 0.00 0.00 0.00 0
52101 0.00 0.00 0.00 0
52113 0.00 0.00 0.00 0
52114 0.00 0.00 0.00 0
52115 0.00 0.00 0.00 0
52123 0.00 0.00 0.00 0
52124 0.00 0.00 0.00 0
52125 0.00 0.00 0.00 0
52126 0.00 0.00 0.00 0
52132 0.00 0.00 0.00 0
52133 0.00 0.00 0.00 0
52134 0.00 0.00 0.00 0
52135 0.00 0.00 0.00 0
52140 0.00 0.00 0.00 0
52141 0.00 0.00 0.00 0
52142 0.00 0.00 0.00 0
52147 0.00 0.00 0.00 0
52148 0.00 0.00 0.00 0
52154 0.00 0.00 0.00 0
52155 0.00 0.00 0.00 0
52156 0.00 0.00 0.00 0
52157 0.00 0.00 0.00 0
52163 0.00 0.00 0.00 0
52164 0.00 0.00 0.00 0
52165 0.00 0.00 0.00 0
52166 0.00 0.00 0.00 0
52167 0.00 0.00 0.00 0
52173 0.00 0.00 0.00 0
52174 0.00 0.00 0.00 0
52175 0.00 0.00 0.00 0
52176 0.00 0.00 0.00 0
52177 0.00 0.00 0.00 0
52184 0.00 0.00 0.00 0
52185 0.00 0.00 0.00 0
52195 0.00 0.00 0.00 0
52209 0.00 0.00 0.00 0
52210 0.00 0.00 0.00 0
52211 0.00 0.00 0.00 0
52212 0.00 0.00 0.00 0
52227 0.00 0.00 0.00 0
52228 0.00 0.00 0.00 0
52229 0.00 0.00 0.00 0
52230 0.00 0.00 0.00 0
52231 0.00 0.00 0.00 0
52232 0.00 0.00 0.00 0
52233 0.00 0.00 0.00 0
52234 0.00 0.00 0.00 0
52235 0.00 0.00 0.00 0
52236 0.00 0.00 0.00 0
52237 0.00 0.00 0.00 0
52238 0.00 0.00 0.00 0
52239 0.00 0.00 0.00 0
52256 0.00 0.00 0.00 0
52257 0.00 0.00 0.00 0
52258 0.00 0.00 0.00 0
52259 0.00 0.00 0.00 0
52260 0.00 0.00 0.00 0
53145 0.00 0.00 0.00 0
53159 0.00 0.00 0.00 0
53160 0.00 0.00 0.00 0
53161 0.00 0.00 0.00 0
53162 0.00 0.00 0.00 0
53163 0.00 0.00 0.00 0
53164 0.00 0.00 0.00 0
53165 0.00 0.00 0.00 0
53166 0.00 0.00 0.00 0
53167 0.00 0.00 0.00 0
53168 0.00 0.00 0.00 0
53169 0.00 0.00 0.00 0
53180 0.00 0.00 0.00 0
53181 0.00 0.00 0.00 0
53182 0.00 0.00 0.00 0
53183 0.00 0.00 0.00 0
53184 0.00 0.00 0.00 0
53185 0.00 0.00 0.00 0
53193 0.00 0.00 0.00 0
53199 0.00 0.00 0.00 0
53200 0.00 0.00 0.00 0
53207 0.00 0.00 0.00 0
53208 0.00 0.00 0.00 0
53218 0.00 0.00 0.00 0
53219 0.00 0.00 0.00 0
53230 0.00 0.00 0.00 0
53231 0.00 0.00 0.00 0
53232 0.00 0.00 0.00 0
53233 0.00 0.00 0.00 0
53239 0.00 0.00 0.00 0
53240 0.00 0.00 0.00 0
53241 0.00 0.00 0.00 0
53242 0.00 0.00 0.00 0
53245 0.00 0.00 0.00 0
53246 0.00 0.00 0.00 0
53249 0.00 0.00 0.00 0
53250 0.00 0.00 0.00 0
53251 0.00 0.00 0.00 0
53256 0.00 0.00 0.00 0
53257 0.00 0.00 0.00 0
53258 0.00 0.00 0.00 0
53265 0.00 0.00 0.00 0
53266 0.00 0.00 0.00 0
53267 0.00 0.00 0.00 0
53270 0.00 0.00 0.00 0
53271 0.00 0.00 0.00 0
53272 0.00 0.00 0.00 0
53273 0.00 0.00 0.00 0
53277 0.00 0.00 0.00 0
53278 0.00 0.00 0.00 0
53279 0.00 0.00 0.00 0
53280 0.00 0.00 0.00 0
53284 0.00 0.00 0.00 0
53285 0.00 0.00 0.00 0
53286 0.00 0.00 0.00 0
53287 0.00 0.00 0.00 0
53290 0.00 0.00 0.00 0
53291 0.00 0.00 0.00 0
53292 0.00 0.00 0.00 0
53293 0.00 0.00 0.00 0
53296 0.00 0.00 0.00 0
53297 0.00 0.00 0.00 0
53298 0.00 0.00 0.00 0
53301 0.00 0.00 0.00 0
53302 0.00 0.00 0.00 0
53303 0.00 0.00 0.00 0
53317 0.00 0.00 0.00 0
53318 0.00 0.00 0.00 0
53319 0.00 0.00 0.00 0
53336 0.00 0.00 0.00 0
53337 0.00 0.00 0.00 0
53338 0.00 0.00 0.00 0
53347 0.00 0.00 0.00 0
53348 0.00 0.00 0.00 0
53349 0.00 0.00 0.00 0
53356 0.00 0.00 0.00 0
53357 0.00 0.00 0.00 0
53358 0.00 0.00 0.00 0
53359 0.00 0.00 0.00 0
53360 0.00 0.00 0.00 0
53367 0.00 0.00 0.00 0
53368 0.00 0.00 0.00 0
53369 0.00 0.00 0.00 0
53370 0.00 0.00 0.00 0
53377 0.00 0.00 0.00 0
53378 0.00 0.00 0.00 0
53379 0.00 0.00 0.00 0
53380 0.00 0.00 0.00 0
53390 0.00 0.00 0.00 0
53391 0.00 0.00 0.00 0
53400 0.00 0.00 0.00 0
53401 0.00 0.00 0.00 0
53402 0.00 0.00 0.00 0
53414 0.00 0.00 0.00 0
53415 0.00 0.00 0.00 0
53416 0.00 0.00 0.00 0
53417 0.00 0.00 0.00 0
53427 0.00 0.00 0.00 0
53436 0.00 0.00 0.00 0
53444 0.00 0.00 0.00 0
53445 0.00 0.00 0.00 0
53446 0.00 0.00 0.00 0
53447 0.00 0.00 0.00 0
53448 0.00 0.00 0.00 0
53451 0.00 0.00 0.00 0
53452 0.00 0.00 0.00 0
53453 0.00 0.00 0.00 0
53454 0.00 0.00 0.00 0
53455 0.00 0.00 0.00 0
53456 0.00 0.00 0.00 0
53457 0.00 0.00 0.00 0
53458 0.00 0.00 0.00 0
53459 0.00 0.00 0.00 0
53460 0.00 0.00 0.00 0
53461 0.00 0.00 0.00 0
53473 0.00 0.00 0.00 0
53474 0.00 0.00 0.00 0
53475 0.00 0.00 0.00 0
53476 0.00 0.00 0.00 0
53477 0.00 0.00 0.00 0
53478 0.00 0.00 0.00 0
53479 0.00 0.00 0.00 0
53493 0.00 0.00 0.00 0
54379 0.00 0.00 0.00 0
54392 0.00 0.00 0.00 0
54393 0.00 0.00 0.00 0
54394 0.00 0.00 0.00 0
54407 0.00 0.00 0.00 0
54408 0.00 0.00 0.00 0
54409 0.00 0.00 0.00 0
54410 0.00 0.00 0.00 0
54411 0.00 0.00 0.00 0
54412 0.00 0.00 0.00 0
54413 0.00 0.00 0.00 0
54414 0.00 0.00 0.00 0
54415 0.00 0.00 0.00 0
54416 0.00 0.00 0.00 0
54417 0.00 0.00 0.00 0
54425 0.00 0.00 0.00 0
54432 0.00 0.00 0.00 0
54434 0.00 0.00 0.00 0
54435 0.00 0.00 0.00 0
54440 0.00 0.00 0.00 0
54441 0.00 0.00 0.00 0
54442 0.00 0.00 0.00 0
54449 0.00 0.00 0.00 0
54450 0.00 0.00 0.00 0
54451 0.00 0.00 0.00 0
54452 0.00 0.00 0.00 0
54453 0.00 0.00 0.00 0
54454 0.00 0.00 0.00 0
54461 0.00 0.00 0.00 0
54462 0.00 0.00 0.00 0
54463 0.00 0.00 0.00 0
54464 0.00 0.00 0.00 0
54465 0.00 0.00 0.00 0
54468 0.00 0.00 0.00 0
54477 0.00 0.00 0.00 0
54478 0.00 0.00 0.00 0
54479 0.00 0.00 0.00 0
54490 0.00 0.00 0.00 0
54491 0.00 0.00 0.00 0
54492 0.00 0.00 0.00 0
54493 0.00 0.00 0.00 0
54506 0.00 0.00 0.00 0
54507 0.00 0.00 0.00 0
54508 0.00 0.00 0.00 0
54509 0.00 0.00 0.00 0
54510 0.00 0.00 0.00 0
54521 0.00 0.00 0.00 0
54522 0.00 0.00 0.00 0
54523 0.00 0.00 0.00 0
54524 0.00 0.00 0.00 0
54525 0.00 0.00 0.00 0
54529 0.00 0.00 0.00 0
54530 0.00 0.00 0.00 0
54531 0.00 0.00 0.00 0
54532 0.00 0.00 0.00 0
54538 0.00 0.00 0.00 0
54539 0.00 0.00 0.00 0
54540 0.00 0.00 0.00 0
54548 0.00 0.00 0.00 0
54549 0.00 0.00 0.00 0
54555 0.00 0.00 0.00 0
54559 0.00 0.00 0.00 0
54563 0.00 0.00 0.00 0
54573 0.00 0.00 0.00 0
54593 0.00 0.00 0.00 0
54594 0.00 0.00 0.00 0
54615 0.00 0.00 0.00 0
54616 0.00 0.00 0.00 0
54625 0.00 0.00 0.00 0
54626 0.00 0.00 0.00 0
54627 0.00 0.00 0.00 0
54628 0.00 0.00 0.00 0
54636 0.00 0.00 0.00 0
54637 0.00 0.00 0.00 0
54638 0.00 0.00 0.00 0
54639 0.00 0.00 0.00 0
54640 0.00 0.00 0.00 0
54648 0.00 0.00 0.00 0
54649 0.00 0.00 0.00 0
54650 0.00 0.00 0.00 0
54651 0.00 0.00 0.00 0
54652 0.00 0.00 0.00 0
54664 0.00 0.00 0.00 0
54665 0.00 0.00 0.00 0
54666 0.00 0.00 0.00 0
54667 0.00 0.00 0.00 0
54675 0.00 0.00 0.00 0
54676 0.00 0.00 0.00 0
54685 0.00 0.00 0.00 0
54686 0.00 0.00 0.00 0
54687 0.00 0.00 0.00 0
54688 0.00 0.00 0.00 0
54689 0.00 0.00 0.00 0
54696 0.00 0.00 0.00 0
54697 0.00 0.00 0.00 0
54698 0.00 0.00 0.00 0
54699 0.00 0.00 0.00 0
54703 0.00 0.00 0.00 0
54704 0.00 0.00 0.00 0
54707 0.00 0.00 0.00 0
54708 0.00 0.00 0.00 0
54710 0.00 0.00 0.00 0
54711 0.00 0.00 0.00 0
54712 0.00 0.00 0.00 0
54713 0.00 0.00 0.00 0
54714 0.00 0.00 0.00 0
54715 0.00 0.00 0.00 0
54716 0.00 0.00 0.00 0
54717 0.00 0.00 0.00 0
54718 0.00 0.00 0.00 0
54721 0.00 0.00 0.00 0
54722 0.00 0.00 0.00 0
54723 0.00 0.00 0.00 0
54724 0.00 0.00 0.00 0
54725 0.00 0.00 0.00 0
54726 0.00 0.00 0.00 0
54739 0.00 0.00 0.00 0
54740 0.00 0.00 0.00 0
54741 0.00 0.00 0.00 0
54742 0.00 0.00 0.00 0
55569 0.00 0.00 0.00 0
55570 0.00 0.00 0.00 0
55579 0.00 0.00 0.00 0
55580 0.00 0.00 0.00 0
55588 0.00 0.00 0.00 0
55589 0.00 0.00 0.00 0
55590 0.00 0.00 0.00 0
55591 0.00 0.00 0.00 0
55592 0.00 0.00 0.00 0
55593 0.00 0.00 0.00 0
55594 0.00 0.00 0.00 0
55597 0.00 0.00 0.00 0
55598 0.00 0.00 0.00 0
55599 0.00 0.00 0.00 0
55600 0.00 0.00 0.00 0
55601 0.00 0.00 0.00 0
55602 0.00 0.00 0.00 0
55603 0.00 0.00 0.00 0
55604 0.00 0.00 0.00 0
55605 0.00 0.00 0.00 0
55606 0.00 0.00 0.00 0
55607 0.00 0.00 0.00 0
55610 0.00 0.00 0.00 0
55611 0.00 0.00 0.00 0
55614 0.00 0.00 0.00 0
55615 0.00 0.00 0.00 0
55618 0.00 0.00 0.00 0
55625 0.00 0.00 0.00 0
55626 0.00 0.00 0.00 0
55627 0.00 0.00 0.00 0
55628 0.00 0.00 0.00 0
55629 0.00 0.00 0.00 0
55630 0.00 0.00 0.00 0
55631 0.00 0.00 0.00 0
55632 0.00 0.00 0.00 0
55639 0.00 0.00 0.00 0
55640 0.00 0.00 0.00 0
55641 0.00 0.00 0.00 0
55642 0.00 0.00 0.00 0
55643 0.00 0.00 0.00 0
55644 0.00 0.00 0.00 0
55649 0.00 0.00 0.00 0
55650 0.00 0.00 0.00 0
55657 0.00 0.00 0.00 0
55658 0.00 0.00 0.00 0
55669 0.00 0.00 0.00 0
55670 0.00 0.00 0.00 0
55671 0.00 0.00 0.00 0
55672 0.00 0.00 0.00 0
55682 0.00 0.00 0.00 0
55683 0.00 0.00 0.00 0
55684 0.00 0.00 0.00 0
55685 0.00 0.00 0.00 0
55686 0.00 0.00 0.00 0
55694 0.00 0.00 0.00 0
55695 0.00 0.00 0.00 0
55696 0.00 0.00 0.00 0
55701 0.00 0.00 0.00 0
55790 0.00 0.00 0.00 0
55791 0.00 0.00 0.00 0
55802 0.00 0.00 0.00 0
55803 0.00 0.00 0.00 0
55804 0.00 0.00 0.00 0
55805 0.00 0.00 0.00 0
55819 0.00 0.00 0.00 0
55820 0.00 0.00 0.00 0
55821 0.00 0.00 0.00 0
55822 0.00 0.00 0.00 0
55823 0.00 0.00 0.00 0
55835 0.00 0.00 0.00 0
55836 0.00 0.00 0.00 0
55849 0.00 0.00 0.00 0
55850 0.00 0.00 0.00 0
55851 0.00 0.00 0.00 0
55852 0.00 0.00 0.00 0
55868 0.00 0.00 0.00 0
55869 0.00 0.00 0.00 0
55870 0.00 0.00 0.00 0
55871 0.00 0.00 0.00 0
55872 0.00 0.00 0.00 0
55887 0.00 0.00 0.00 0
55888 0.00 0.00 0.00 0
55904 0.00 0.00 0.00 0
55905 0.00 0.00 0.00 0
55921 0.00 0.00 0.00 0
55922 0.00 0.00 0.00 0
55923 0.00 0.00 0.00 0
55924 0.00 0.00 0.00 0
55925 0.00 0.00 0.00 0
55926 0.00 0.00 0.00 0
55927 0.00 0.00 0.00 0
55928 0.00 0.00 0.00 0
55944 0.00 0.00 0.00 0
55945 0.00 0.00 0.00 0
55946 0.00 0.00 0.00 0
55966 0.00 0.00 0.00 0
55967 0.00 0.00 0.00 0
55968 0.00 0.00 0.00 0
55969 0.00 0.00 0.00 0
55970 0.00 0.00 0.00 0
55971 0.00 0.00 0.00 0
55990 0.00 0.00 0.00 0
55991 0.00 0.00 0.00 0
56848 0.00 0.00 0.00 0
56849 0.00 0.00 0.00 0
56863 0.00 0.00 0.00 0
56864 0.00 0.00 0.00 0
56865 0.00 0.00 0.00 0
56877 0.00 0.00 0.00 0
56878 0.00 0.00 0.00 0
56879 0.00 0.00 0.00 0
56880 0.00 0.00 0.00 0
56891 0.00 0.00 0.00 0
56892 0.00 0.00 0.00 0
56893 0.00 0.00 0.00 0
56894 0.00 0.00 0.00 0
56895 0.00 0.00 0.00 0
56896 0.00 0.00 0.00 0
56897 0.00 0.00 0.00 0
56905 0.00 0.00 0.00 0
56906 0.00 0.00 0.00 0
56907 0.00 0.00 0.00 0
56908 0.00 0.00 0.00 0
56909 0.00 0.00 0.00 0
56910 0.00 0.00 0.00 0
56913 0.00 0.00 0.00 0
56914 0.00 0.00 0.00 0
56916 0.00 0.00 0.00 0
56917 0.00 0.00 0.00 0
56920 0.00 0.00 0.00 0
56921 0.00 0.00 0.00 0
56922 0.00 0.00 0.00 0
56923 0.00 0.00 0.00 0
56924 0.00 0.00 0.00 0
56925 0.00 0.00 0.00 0
56930 0.00 0.00 0.00 0
56931 0.00 0.00 0.00 0
56932 0.00 0.00 0.00 0
56933 0.00 0.00 0.00 0
56934 0.00 0.00 0.00 0
56935 0.00 0.00 0.00 0
56936 0.00 0.00 0.00 0
56937 0.00 0.00 0.00 0
56941 0.00 0.00 0.00 0
56943 0.00 0.00 0.00 0
56944 0.00 0.00 0.00 0
56945 0.00 0.00 0.00 0
56953 0.00 0.00 0.00 0
56954 0.00 0.00 0.00 0
56955 0.00 0.00 0.00 0
56966 0.00 0.00 0.00 0
56967 0.00 0.00 0.00 0
56968 0.00 0.00 0.00 0
56969 0.00 0.00 0.00 0
56970 0.00 0.00 0.00 0
56971 0.00 0.00 0.00 0
56972 0.00 0.00 0.00 0
56988 0.00 0.00 0.00 0
56989 0.00 0.00 0.00 0
56990 0.00 0.00 0.00 0
56991 0.00 0.00 0.00 0
57148 0.00 0.00 0.00 0
57149 0.00 0.00 0.00 0
57162 0.00 0.00 0.00 0
57163 0.00 0.00 0.00 0
57164 0.00 0.00 0.00 0
57165 0.00 0.00 0.00 0
57166 0.00 0.00 0.00 0
57167 0.00 0.00 0.00 0
57168 0.00 0.00 0.00 0
57176 0.00 0.00 0.00 0
57177 0.00 0.00 0.00 0
57178 0.00 0.00 0.00 0
57179 0.00 0.00 0.00 0
57180 0.00 0.00 0.00 0
57187 0.00 0.00 0.00 0
57188 0.00 0.00 0.00 0
57189 0.00 0.00 0.00 0
57190 0.00 0.00 0.00 0
57198 0.00 0.00 0.00 0
57199 0.00 0.00 0.00 0
57200 0.00 0.00 0.00 0
57201 0.00 0.00 0.00 0
57202 0.00 0.00 0.00 0
57203 0.00 0.00 0.00 0
57209 0.00 0.00 0.00 0
57210 0.00 0.00 0.00 0
57215 0.00 0.00 0.00 0
57216 0.00 0.00 0.00 0
57222 0.00 0.00 0.00 0
57223 0.00 0.00 0.00 0
57224 0.00 0.00 0.00 0
57225 0.00 0.00 0.00 0
57226 0.00 0.00 0.00 0
57227 0.00 0.00 0.00 0
57228 0.00 0.00 0.00 0
57229 0.00 0.00 0.00 0
57236 0.00 0.00 0.00 0
57237 0.00 0.00 0.00 0
57238 0.00 0.00 0.00 0
57250 0.00 0.00 0.00 0
57251 0.00 0.00 0.00 0
57252 0.00 0.00 0.00 0
57253 0.00 0.00 0.00 0
57275 0.00 0.00 0.00 0
58232 0.00 0.00 0.00 0
58233 0.00 0.00 0.00 0
58234 0.00 0.00 0.00 0
58239 0.00 0.00 0.00 0
58240 0.00 0.00 0.00 0
58241 0.00 0.00 0.00 0
58252 0.00 0.00 0.00 0
58253 0.00 0.00 0.00 0
58254 0.00 0.00 0.00 0
58255 0.00 0.00 0.00 0
58269 0.00 0.00 0.00 0
58270 0.00 0.00 0.00 0
58271 0.00 0.00 0.00 0
58272 0.00 0.00 0.00 0
58290 0.00 0.00 0.00 0
58291 0.00 0.00 0.00 0
58292 0.00 0.00 0.00 0
58293 0.00 0.00 0.00 0
58307 0.00 0.00 0.00 0
58308 0.00 0.00 0.00 0
58317 0.00 0.00 0.00 0
58318 0.00 0.00 0.00 0
58319 0.00 0.00 0.00 0
58320 0.00 0.00 0.00 0
58321 0.00 0.00 0.00 0
58322 0.00 0.00 0.00 0
58323 0.00 0.00 0.00 0
58331 0.00 0.00 0.00 0
58332 0.00 0.00 0.00 0
58333 0.00 0.00 0.00 0
58334 0.00 0.00 0.00 0
58335 0.00 0.00 0.00 0
58336 0.00 0.00 0.00 0
58337 0.00 0.00 0.00 0
58338 0.00 0.00 0.00 0
58339 0.00 0.00 0.00 0
58344 0.00 0.00 0.00 0
58345 0.00 0.00 0.00 0
58346 0.00 0.00 0.00 0
58347 0.00 0.00 0.00 0
58348 0.00 0.00 0.00 0
58351 0.00 0.00 0.00 0
58352 0.00 0.00 0.00 0
58355 0.00 0.00 0.00 0
58356 0.00 0.00 0.00 0
58357 0.00 0.00 0.00 0
58366 0.00 0.00 0.00 0
58367 0.00 0.00 0.00 0
58368 0.00 0.00 0.00 0
58369 0.00 0.00 0.00 0
58370 0.00 0.00 0.00 0
58371 0.00 0.00 0.00 0
58386 0.00 0.00 0.00 0
58387 0.00 0.00 0.00 0
58388 0.00 0.00 0.00 0
58389 0.00 0.00 0.00 0
58390 0.00 0.00 0.00 0
58391 0.00 0.00 0.00 0
58602 0.00 0.00 0.00 0
58603 0.00 0.00 0.00 0
58604 0.00 0.00 0.00 0
58605 0.00 0.00 0.00 0
58606 0.00 0.00 0.00 0
58617 0.00 0.00 0.00 0
58618 0.00 0.00 0.00 0
58619 0.00 0.00 0.00 0
58620 0.00 0.00 0.00 0
58621 0.00 0.00 0.00 0
58622 0.00 0.00 0.00 0
58629 0.00 0.00 0.00 0
58630 0.00 0.00 0.00 0
58637 0.00 0.00 0.00 0
58638 0.00 0.00 0.00 0
58639 0.00 0.00 0.00 0
58640 0.00 0.00 0.00 0
58641 0.00 0.00 0.00 0
58642 0.00 0.00 0.00 0
58643 0.00 0.00 0.00 0
58650 0.00 0.00 0.00 0
58651 0.00 0.00 0.00 0
58652 0.00 0.00 0.00 0
58653 0.00 0.00 0.00 0
58654 0.00 0.00 0.00 0
58657 0.00 0.00 0.00 0
58660 0.00 0.00 0.00 0
58661 0.00 0.00 0.00 0
58662 0.00 0.00 0.00 0
58663 0.00 0.00 0.00 0
58664 0.00 0.00 0.00 0
58665 0.00 0.00 0.00 0
58666 0.00 0.00 0.00 0
58669 0.00 0.00 0.00 0
58670 0.00 0.00 0.00 0
58671 0.00 0.00 0.00 0
58676 0.00 0.00 0.00 0
58677 0.00 0.00 0.00 0
58678 0.00 0.00 0.00 0
58679 0.00 0.00 0.00 0
58680 0.00 0.00 0.00 0
58687 0.00 0.00 0.00 0
58688 0.00 0.00 0.00 0
58689 0.00 0.00 0.00 0
58690 0.00 0.00 0.00 0
58702 0.00 0.00 0.00 0
59526 0.00 0.00 0.00 0
59529 0.00 0.00 0.00 0
59533 0.00 0.00 0.00 0
59534 0.00 0.00 0.00 0
59535 0.00 0.00 0.00 0
59538 0.00 0.00 0.00 0
59539 0.00 0.00 0.00 0
59543 0.00 0.00 0.00 0
59544 0.00 0.00 0.00 0
59545 0.00 0.00 0.00 0
59548 0.00 0.00 0.00 0
59549 0.00 0.00 0.00 0
59550 0.00 0.00 0.00 0
59559 0.00 0.00 0.00 0
59560 0.00 0.00 0.00 0
59561 0.00 0.00 0.00 0
59574 0.00 0.00 0.00 0
59575 0.00 0.00 0.00 0
59586 0.00 0.00 0.00 0
59587 0.00 0.00 0.00 0
59588 0.00 0.00 0.00 0
59589 0.00 0.00 0.00 0
59590 0.00 0.00 0.00 0
59591 0.00 0.00 0.00 0
59592 0.00 0.00 0.00 0
59593 0.00 0.00 0.00 0
59594 0.00 0.00 0.00 0
59604 0.00 0.00 0.00 0
59605 0.00 0.00 0.00 0
59606 0.00 0.00 0.00 0
59607 0.00 0.00 0.00 0
59608 0.00 0.00 0.00 0
59609 0.00 0.00 0.00 0
59615 0.00 0.00 0.00 0
59616 0.00 0.00 0.00 0
59619 0.00 0.00 0.00 0
59620 0.00 0.00 0.00 0
59621 0.00 0.00 0.00 0
59622 0.00 0.00 0.00 0
59627 0.00 0.00 0.00 0
59628 0.00 0.00 0.00 0
59629 0.00 0.00 0.00 0
59630 0.00 0.00 0.00 0
59631 0.00 0.00 0.00 0
59641 0.00 0.00 0.00 0
59642 0.00 0.00 0.00 0
59643 0.00 0.00 0.00 0
59644 0.00 0.00 0.00 0
59645 0.00 0.00 0.00 0
59646 0.00 0.00 0.00 0
59666 0.00 0.00 0.00 0
59667 0.00 0.00 0.00 0
59887 0.00 0.00 0.00 0
59888 0.00 0.00 0.00 0
59889 0.00 0.00 0.00 0
59890 0.00 0.00 0.00 0
59891 0.00 0.00 0.00 0
59900 0.00 0.00 0.00 0
59901 0.00 0.00 0.00 0
59902 0.00 0.00 0.00 0
59903 0.00 0.00 0.00 0
59904 0.00 0.00 0.00 0
59905 0.00 0.00 0.00 0
59906 0.00 0.00 0.00 0
59911 0.00 0.00 0.00 0
59912 0.00 0.00 0.00 0
59913 0.00 0.00 0.00 0
59914 0.00 0.00 0.00 0
59920 0.00 0.00 0.00 0
59921 0.00 0.00 0.00 0
59922 0.00 0.00 0.00 0
59923 0.00 0.00 0.00 0
59924 0.00 0.00 0.00 0
59925 0.00 0.00 0.00 0
59926 0.00 0.00 0.00 0
59927 0.00 0.00 0.00 0
59935 0.00 0.00 0.00 0
59936 0.00 0.00 0.00 0
59937 0.00 0.00 0.00 0
59938 0.00 0.00 0.00 0
59939 0.00 0.00 0.00 0
59940 0.00 0.00 0.00 0
59941 0.00 0.00 0.00 0
59942 0.00 0.00 0.00 0
59943 0.00 0.00 0.00 0
59949 0.00 0.00 0.00 0
59950 0.00 0.00 0.00 0
59952 0.00 0.00 0.00 0
59953 0.00 0.00 0.00 0
59954 0.00 0.00 0.00 0
59955 0.00 0.00 0.00 0
59956 0.00 0.00 0.00 0
59957 0.00 0.00 0.00 0
59958 0.00 0.00 0.00 0
59960 0.00 0.00 0.00 0
59961 0.00 0.00 0.00 0
59962 0.00 0.00 0.00 0
59965 0.00 0.00 0.00 0
59966 0.00 0.00 0.00 0
59967 0.00 0.00 0.00 0
59972 0.00 0.00 0.00 0
59973 0.00 0.00 0.00 0
59974 0.00 0.00 0.00 0
59975 0.00 0.00 0.00 0
59983 0.00 0.00 0.00 0
59984 0.00 0.00 0.00 0
59985 0.00 0.00 0.00 0
60747 0.00 0.00 0.00 0
60749 0.00 0.00 0.00 0
60750 0.00 0.00 0.00 0
60751 0.00 0.00 0.00 0
60752 0.00 0.00 0.00 0
60753 0.00 0.00 0.00 0
60755 0.00 0.00 0.00 0
60756 0.00 0.00 0.00 0
60757 0.00 0.00 0.00 0
60758 0.00 0.00 0.00 0
60759 0.00 0.00 0.00 0
60760 0.00 0.00 0.00 0
60763 0.00 0.00 0.00 0
60764 0.00 0.00 0.00 0
60765 0.00 0.00 0.00 0
60770 0.00 0.00 0.00 0
60771 0.00 0.00 0.00 0
60772 0.00 0.00 0.00 0
60776 0.00 0.00 0.00 0
60777 0.00 0.00 0.00 0
60778 0.00 0.00 0.00 0
60786 0.00 0.00 0.00 0
60787 0.00 0.00 0.00 0
60788 0.00 0.00 0.00 0
60796 0.00 0.00 0.00 0
60797 0.00 0.00 0.00 0
60798 0.00 0.00 0.00 0
60799 0.00 0.00 0.00 0
60800 0.00 0.00 0.00 0
60801 0.00 0.00 0.00 0
60807 0.00 0.00 0.00 0
60808 0.00 0.00 0.00 0
60809 0.00 0.00 0.00 0
60810 0.00 0.00 0.00 0
60811 0.00 0.00 0.00 0
60812 0.00 0.00 0.00 0
60813 0.00 0.00 0.00 0
60814 0.00 0.00 0.00 0
60815 0.00 0.00 0.00 0
60820 0.00 0.00 0.00 0
60821 0.00 0.00 0.00 0
60822 0.00 0.00 0.00 0
60823 0.00 0.00 0.00 0
60824 0.00 0.00 0.00 0
60829 0.00 0.00 0.00 0
60830 0.00 0.00 0.00 0
60831 0.00 0.00 0.00 0
60835 0.00 0.00 0.00 0
60836 0.00 0.00 0.00 0
60837 0.00 0.00 0.00 0
60838 0.00 0.00 0.00 0
60847 0.00 0.00 0.00 0
60848 0.00 0.00 0.00 0
60849 0.00 0.00 0.00 0
60850 0.00 0.00 0.00 0
60851 0.00 0.00 0.00 0
60869 0.00 0.00 0.00 0
60870 0.00 0.00 0.00 0
60871 0.00 0.00 0.00 0
61090 0.00 0.00 0.00 0
61091 0.00 0.00 0.00 0
61092 0.00 0.00 0.00 0
61093 0.00 0.00 0.00 0
61105 0.00 0.00 0.00 0
61106 0.00 0.00 0.00 0
61107 0.00 0.00 0.00 0
61108 0.00 0.00 0.00 0
61109 0.00 0.00 0.00 0
61110 0.00 0.00 0.00 0
61111 0.00 0.00 0.00 0
61112 0.00 0.00 0.00 0
61113 0.00 0.00 0.00 0
61122 0.00 0.00 0.00 0
61123 0.00 0.00 0.00 0
61124 0.00 0.00 0.00 0
61125 0.00 0.00 0.00 0
61126 0.00 0.00 0.00 0
61127 0.00 0.00 0.00 0
61134 0.00 0.00 0.00 0
61135 0.00 0.00 0.00 0
61136 0.00 0.00 0.00 0
61137 0.00 0.00 0.00 0
61138 0.00 0.00 0.00 0
61139 0.00 0.00 0.00 0
61147 0.00 0.00 0.00 0
61148 0.00 0.00 0.00 0
61149 0.00 0.00 0.00 0
61150 0.00 0.00 0.00 0
61151 0.00 0.00 0.00 0
61152 0.00 0.00 0.00 0
61153 0.00 0.00 0.00 0
61154 0.00 0.00 0.00 0
61155 0.00 0.00 0.00 0
61156 0.00 0.00 0.00 0
61157 0.00 0.00 0.00 0
61158 0.00 0.00 0.00 0
61159 0.00 0.00 0.00 0
61169 0.00 0.00 0.00 0
61170 0.00 0.00 0.00 0
61171 0.00 0.00 0.00 0
61172 0.00 0.00 0.00 0
61173 0.00 0.00 0.00 0
61174 0.00 0.00 0.00 0
61175 0.00 0.00 0.00 0
61176 0.00 0.00 0.00 0
61182 0.00 0.00 0.00 0
61183 0.00 0.00 0.00 0
61184 0.00 0.00 0.00 0
61185 0.00 0.00 0.00 0
61186 0.00 0.00 0.00 0
61189 0.00 0.00 0.00 0
61190 0.00 0.00 0.00 0
61191 0.00 0.00 0.00 0
61192 0.00 0.00 0.00 0
61194 0.00 0.00 0.00 0
61195 0.00 0.00 0.00 0
61196 0.00 0.00 0.00 0
61199 0.00 0.00 0.00 0
61200 0.00 0.00 0.00 0
61201 0.00 0.00 0.00 0
61202 0.00 0.00 0.00 0
61207 0.00 0.00 0.00 0
61208 0.00 0.00 0.00 0
61209 0.00 0.00 0.00 0
61210 0.00 0.00 0.00 0
61219 0.00 0.00 0.00 0
61220 0.00 0.00 0.00 0
61989 0.00 0.00 0.00 0
61990 0.00 0.00 0.00 0
61993 0.00 0.00 0.00 0
61994 0.00 0.00 0.00 0
61996 0.00 0.00 0.00 0
61997 0.00 0.00 0.00 0
61998 0.00 0.00 0.00 0
61999 0.00 0.00 0.00 0
62000 0.00 0.00 0.00 0
62003 0.00 0.00 0.00 0
62004 0.00 0.00 0.00 0
62005 0.00 0.00 0.00 0
62006 0.00 0.00 0.00 0
62007 0.00 0.00 0.00 0
62014 0.00 0.00 0.00 0
62015 0.00 0.00 0.00 0
62016 0.00 0.00 0.00 0
62020 0.00 0.00 0.00 0
62021 0.00 0.00 0.00 0
62022 0.00 0.00 0.00 0
62030 0.00 0.00 0.00 0
62031 0.00 0.00 0.00 0
62032 0.00 0.00 0.00 0
62033 0.00 0.00 0.00 0
62034 0.00 0.00 0.00 0
62035 0.00 0.00 0.00 0
62039 0.00 0.00 0.00 0
62040 0.00 0.00 0.00 0
62041 0.00 0.00 0.00 0
62042 0.00 0.00 0.00 0
62043 0.00 0.00 0.00 0
62044 0.00 0.00 0.00 0
62045 0.00 0.00 0.00 0
62049 0.00 0.00 0.00 0
62050 0.00 0.00 0.00 0
62051 0.00 0.00 0.00 0
62052 0.00 0.00 0.00 0
62053 0.00 0.00 0.00 0
62054 0.00 0.00 0.00 0
62057 0.00 0.00 0.00 0
62058 0.00 0.00 0.00 0
62059 0.00 0.00 0.00 0
62060 0.00 0.00 0.00 0
62061 0.00 0.00 0.00 0
62064 0.00 0.00 0.00 0
62065 0.00 0.00 0.00 0
62066 0.00 0.00 0.00 0
62069 0.00 0.00 0.00 0
62070 0.00 0.00 0.00 0
62071 0.00 0.00 0.00 0
62072 0.00 0.00 0.00 0
62073 0.00 0.00 0.00 0
62074 0.00 0.00 0.00 0
62084 0.00 0.00 0.00 0
62085 0.00 0.00 0.00 0
62086 0.00 0.00 0.00 0
62087 0.00 0.00 0.00 0
62101 0.00 0.00 0.00 0
62325 0.00 0.00 0.00 0
62326 0.00 0.00 0.00 0
62327 0.00 0.00 0.00 0
62328 0.00 0.00 0.00 0
62329 0.00 0.00 0.00 0
62330 0.00 0.00 0.00 0
62331 0.00 0.00 0.00 0
62332 0.00 0.00 0.00 0
62343 0.00 0.00 0.00 0
62344 0.00 0.00 0.00 0
62345 0.00 0.00 0.00 0
62346 0.00 0.00 0.00 0
62347 0.00 0.00 0.00 0
62348 0.00 0.00 0.00 0
62349 0.00 0.00 0.00 0
62350 0.00 0.00 0.00 0
62351 0.00 0.00 0.00 0
62360 0.00 0.00 0.00 0
62361 0.00 0.00 0.00 0
62362 0.00 0.00 0.00 0
62363 0.00 0.00 0.00 0
62364 0.00 0.00 0.00 0
62365 0.00 0.00 0.00 0
62366 0.00 0.00 0.00 0
62377 0.00 0.00 0.00 0
62378 0.00 0.00 0.00 0
62379 0.00 0.00 0.00 0
62380 0.00 0.00 0.00 0
62381 0.00 0.00 0.00 0
62382 0.00 0.00 0.00 0
62383 0.00 0.00 0.00 0
62384 0.00 0.00 0.00 0
62385 0.00 0.00 0.00 0
62386 0.00 0.00 0.00 0
62387 0.00 0.00 0.00 0
62399 0.00 0.00 0.00 0
62400 0.00 0.00 0.00 0
62401 0.00 0.00 0.00 0
62402 0.00 0.00 0.00 0
62403 0.00 0.00 0.00 0
62404 0.00 0.00 0.00 0
62405 0.00 0.00 0.00 0
62406 0.00 0.00 0.00 0
62407 0.00 0.00 0.00 0
62408 0.00 0.00 0.00 0
62409 0.00 0.00 0.00 0
62418 0.00 0.00 0.00 0
62419 0.00 0.00 0.00 0
62425 0.00 0.00 0.00 0
62426 0.00 0.00 0.00 0
62427 0.00 0.00 0.00 0
62432 0.00 0.00 0.00 0
62433 0.00 0.00 0.00 0
62438 0.00 0.00 0.00 0
62439 0.00 0.00 0.00 0
62440 0.00 0.00 0.00 0
62443 0.00 0.00 0.00 0
62444 0.00 0.00 0.00 0
62445 0.00 0.00 0.00 0
62452 0.00 0.00 0.00 0
62453 0.00 0.00 0.00 0
63210 0.00 0.00 0.00 0
63211 0.00 0.00 0.00 0
63225 0.00 0.00 0.00 0
63226 0.00 0.00 0.00 0
63227 0.00 0.00 0.00 0
63240 0.00 0.00 0.00 0
63241 0.00 0.00 0.00 0
63242 0.00 0.00 0.00 0
63243 0.00 0.00 0.00 0
63258 0.00 0.00 0.00 0
63259 0.00 0.00 0.00 0
63260 0.00 0.00 0.00 0
63261 0.00 0.00 0.00 0
63274 0.00 0.00 0.00 0
63275 0.00 0.00 0.00 0
63276 0.00 0.00 0.00 0
63283 0.00 0.00 0.00 0
63284 0.00 0.00 0.00 0
63292 0.00 0.00 0.00 0
63293 0.00 0.00 0.00 0
63294 0.00 0.00 0.00 0
63295 0.00 0.00 0.00 0
63296 0.00 0.00 0.00 0
63297 0.00 0.00 0.00 0
63301 0.00 0.00 0.00 0
63302 0.00 0.00 0.00 0
63303 0.00 0.00 0.00 0
63304 0.00 0.00 0.00 0
63305 0.00 0.00 0.00 0
63306 0.00 0.00 0.00 0
63307 0.00 0.00 0.00 0
63310 0.00 0.00 0.00 0
63311 0.00 0.00 0.00 0
63312 0.00 0.00 0.00 0
63313 0.00 0.00 0.00 0
63314 0.00 0.00 0.00 0
63315 0.00 0.00 0.00 0
63318 0.00 0.00 0.00 0
63319 0.00 0.00 0.00 0
63320 0.00 0.00 0.00 0
63321 0.00 0.00 0.00 0
63325 0.00 0.00 0.00 0
63326 0.00 0.00 0.00 0
63327 0.00 0.00 0.00 0
63328 0.00 0.00 0.00 0
63329 0.00 0.00 0.00 0
63330 0.00 0.00 0.00 0
63334 0.00 0.00 0.00 0
63335 0.00 0.00 0.00 0
63336 0.00 0.00 0.00 0
63337 0.00 0.00 0.00 0
63338 0.00 0.00 0.00 0
63575 0.00 0.00 0.00 0
63576 0.00 0.00 0.00 0
63577 0.00 0.00 0.00 0
63578 0.00 0.00 0.00 0
63579 0.00 0.00 0.00 0
63580 0.00 0.00 0.00 0
63581 0.00 0.00 0.00 0
63604 0.00 0.00 0.00 0
63605 0.00 0.00 0.00 0
63606 0.00 0.00 0.00 0
63607 0.00 0.00 0.00 0
63608 0.00 0.00 0.00 0
63609 0.00 0.00 0.00 0
63610 0.00 0.00 0.00 0
63611 0.00 0.00 0.00 0
63612 0.00 0.00 0.00 0
63613 0.00 0.00 0.00 0
63614 0.00 0.00 0.00 0
63615 0.00 0.00 0.00 0
63616 0.00 0.00 0.00 0
63632 0.00 0.00 0.00 0
63633 0.00 0.00 0.00 0
63634 0.00 0.00 0.00 0
63635 0.00 0.00 0.00 0
63636 0.00 0.00 0.00 0
63650 0.00 0.00 0.00 0
63651 0.00 0.00 0.00 0
63652 0.00 0.00 0.00 0
63653 0.00 0.00 0.00 0
63654 0.00 0.00 0.00 0
63655 0.00 0.00 0.00 0
63669 0.00 0.00 0.00 0
63670 0.00 0.00 0.00 0
63671 0.00 0.00 0.00 0
63672 0.00 0.00 0.00 0
63673 0.00 0.00 0.00 0
63674 0.00 0.00 0.00 0
63675 0.00 0.00 0.00 0
63676 0.00 0.00 0.00 0
63677 0.00 0.00 0.00 0
63678 0.00 0.00 0.00 0
63679 0.00 0.00 0.00 0
63680 0.00 0.00 0.00 0
63692 0.00 0.00 0.00 0
63704 0.00 0.00 0.00 0
63705 0.00 0.00 0.00 0
63706 0.00 0.00 0.00 0
63713 0.00 0.00 0.00 0
63714 0.00 0.00 0.00 0
63721 0.00 0.00 0.00 0
63722 0.00 0.00 0.00 0
63723 0.00 0.00 0.00 0
63729 0.00 0.00 0.00 0
63730 0.00 0.00 0.00 0
63731 0.00 0.00 0.00 0
63732 0.00 0.00 0.00 0
63739 0.00 0.00 0.00 0
63740 0.00 0.00 0.00 0
64585 0.00 0.00 0.00 0
64598 0.00 0.00 0.00 0
64599 0.00 0.00 0.00 0
64600 0.00 0.00 0.00 0
64601 0.00 0.00 0.00 0
64614 0.00 0.00 0.00 0
64615 0.00 0.00 0.00 0
64616 0.00 0.00 0.00 0
64617 0.00 0.00 0.00 0
64628 0.00 0.00 0.00 0
64629 0.00 0.00 0.00 0
64642 0.00 0.00 0.00 0
64656 0.00 0.00 0.00 0
64657 0.00 0.00 0.00 0
64658 0.00 0.00 0.00 0
64659 0.00 0.00 0.00 0
64660 0.00 0.00 0.00 0
64661 0.00 0.00 0.00 0
64671 0.00 0.00 0.00 0
64672 0.00 0.00 0.00 0
64673 0.00 0.00 0.00 0
64674 0.00 0.00 0.00 0
64675 0.00 0.00 0.00 0
64676 0.00 0.00 0.00 0
64685 0.00 0.00 0.00 0
64686 0.00 0.00 0.00 0
64687 0.00 0.00 0.00 0
64694 0.00 0.00 0.00 0
64695 0.00 0.00 0.00 0
64696 0.00 0.00 0.00 0
64697 0.00 0.00 0.00 0
64698 0.00 0.00 0.00 0
64702 0.00 0.00 0.00 0
64703 0.00 0.00 0.00 0
64704 0.00 0.00 0.00 0
64705 0.00 0.00 0.00 0
64706 0.00 0.00 0.00 0
64960 0.00 0.00 0.00 0
64961 0.00 0.00 0.00 0
64962 0.00 0.00 0.00 0
64963 0.00 0.00 0.00 0
64964 0.00 0.00 0.00 0
64981 0.00 0.00 0.00 0
64982 0.00 0.00 0.00 0
64983 0.00 0.00 0.00 0
64984 0.00 0.00 0.00 0
64985 0.00 0.00 0.00 0
64986 0.00 0.00 0.00 0
64987 0.00 0.00 0.00 0
64988 0.00 0.00 0.00 0
64989 0.00 0.00 0.00 0
64990 0.00 0.00 0.00 0
64991 0.00 0.00 0.00 0
64992 0.00 0.00 0.00 0
64993 0.00 0.00 0.00 0
65054 0.00 0.00 0.00 0
65055 0.00 0.00 0.00 0
65056 0.00 0.00 0.00 0
65057 0.00 0.00 0.00 0
65058 0.00 0.00 0.00 0
65059 0.00 0.00 0.00 0
65060 0.00 0.00 0.00 0
65061 0.00 0.00 0.00 0
65062 0.00 0.00 0.00 0
65063 0.00 0.00 0.00 0
65064 0.00 0.00 0.00 0
65081 0.00 0.00 0.00 0
65099 0.00 0.00 0.00 0
65100 0.00 0.00 0.00 0
65101 0.00 0.00 0.00 0
65113 0.00 0.00 0.00 0
65114 0.00 0.00 0.00 0
65121 0.00 0.00 0.00 0
65122 0.00 0.00 0.00 0
65129 0.00 0.00 0.00 0
65130 0.00 0.00 0.00 0
65131 0.00 0.00 0.00 0
65137 0.00 0.00 0.00 0
65138 0.00 0.00 0.00 0
66052 0.00 0.00 0.00 0
66053 0.00 0.00 0.00 0
66064 0.00 0.00 0.00 0
66065 0.00 0.00 0.00 0
66066 0.00 0.00 0.00 0
66079 0.00 0.00 0.00 0
66080 0.00 0.00 0.00 0
66081 0.00 0.00 0.00 0
66096 0.00 0.00 0.00 0
66097 0.00 0.00 0.00 0
66098 0.00 0.00 0.00 0
66110 0.00 0.00 0.00 0
66111 0.00 0.00 0.00 0
66112 0.00 0.00 0.00 0
66113 0.00 0.00 0.00 0
66124 0.00 0.00 0.00 0
66125 0.00 0.00 0.00 0
66126 0.00 0.00 0.00 0
66127 0.00 0.00 0.00 0
66137 0.00 0.00 0.00 0
66138 0.00 0.00 0.00 0
66139 0.00 0.00 0.00 0
66140 0.00 0.00 0.00 0
66141 0.00 0.00 0.00 0
66151 0.00 0.00 0.00 0
66152 0.00 0.00 0.00 0
66153 0.00 0.00 0.00 0
66154 0.00 0.00 0.00 0
66448 0.00 0.00 0.00 0
66449 0.00 0.00 0.00 0
66450 0.00 0.00 0.00 0
66451 0.00 0.00 0.00 0
66452 0.00 0.00 0.00 0
66453 0.00 0.00 0.00 0
66454 0.00 0.00 0.00 0
66455 0.00 0.00 0.00 0
66456 0.00 0.00 0.00 0
66468 0.00 0.00 0.00 0
66469 0.00 0.00 0.00 0
66470 0.00 0.00 0.00 0
66471 0.00 0.00 0.00 0
66472 0.00 0.00 0.00 0
66473 0.00 0.00 0.00 0
66474 0.00 0.00 0.00 0
66501 0.00 0.00 0.00 0
66502 0.00 0.00 0.00 0
66503 0.00 0.00 0.00 0
66504 0.00 0.00 0.00 0
66505 0.00 0.00 0.00 0
66506 0.00 0.00 0.00 0
66507 0.00 0.00 0.00 0
66508 0.00 0.00 0.00 0
66509 0.00 0.00 0.00 0
66510 0.00 0.00 0.00 0
66526 0.00 0.00 0.00 0
66528 0.00 0.00 0.00 0
66529 0.00 0.00 0.00 0
66547 0.00 0.00 0.00 0
66548 0.00 0.00 0.00 0
66549 0.00 0.00 0.00 0
66565 0.00 0.00 0.00 0
66566 0.00 0.00 0.00 0
66567 0.00 0.00 0.00 0
66580 0.00 0.00 0.00 0
66581 0.00 0.00 0.00 0
66589 0.00 0.00 0.00 0
66590 0.00 0.00 0.00 0
66599 0.00 0.00 0.00 0
67450 0.00 0.00 0.00 0
67451 0.00 0.00 0.00 0
67452 0.00 0.00 0.00 0
67468 0.00 0.00 0.00 0
67469 0.00 0.00 0.00 0
67470 0.00 0.00 0.00 0
67471 0.00 0.00 0.00 0
67482 0.00 0.00 0.00 0
67483 0.00 0.00 0.00 0
67484 0.00 0.00 0.00 0
67485 0.00 0.00 0.00 0
67517 0.00 0.00 0.00 0
67518 0.00 0.00 0.00 0
67834 0.00 0.00 0.00 0
67838 0.00 0.00 0.00 0
67839 0.00 0.00 0.00 0
67840 0.00 0.00 0.00 0
67841 0.00 0.00 0.00 0
67842 0.00 0.00 0.00 0
67868 0.00 0.00 0.00 0
67917 0.00 0.00 0.00 0
67918 0.00 0.00 0.00 0
67919 0.00 0.00 0.00 0
67920 0.00 0.00 0.00 0
67921 0.00 0.00 0.00 0
67922 0.00 0.00 0.00 0
67923 0.00 0.00 0.00 0
67937 0.00 0.00 0.00 0
67943 0.00 0.00 0.00 0
67944 0.00 0.00 0.00 0
67963 0.00 0.00 0.00 0
67964 0.00 0.00 0.00 0
67982 0.00 0.00 0.00 0
67983 0.00 0.00 0.00 0
67984 0.00 0.00 0.00 0
68002 0.00 0.00 0.00 0
68003 0.00 0.00 0.00 0
68016 0.00 0.00 0.00 0
68017 0.00 0.00 0.00 0
68025 0.00 0.00 0.00 0
69208 0.00 0.00 0.00 0
69209 0.00 0.00 0.00 0
69221 0.00 0.00 0.00 0
69222 0.00 0.00 0.00 0
69238 0.00 0.00 0.00 0
69239 0.00 0.00 0.00 0
69260 0.00 0.00 0.00 0
69261 0.00 0.00 0.00 0
70384 0.00 0.00 0.00 0
70395 0.00 0.00 0.00 0
70405 0.00 0.00 0.00 0
70406 0.00 0.00 0.00 0
70428 0.00 0.00 0.00 0
156041 0.00 0.00 0.00 0
156042 0.00 0.00 0.00 0
156043 0.00 0.00 0.00 0
156044 0.00 0.00 0.00 0
156045 0.00 0.00 0.00 0
156046 0.00 0.00 0.00 0
156047 0.00 0.00 0.00 0
156048 0.00 0.00 0.00 0
156049 0.00 0.00 0.00 0
156050 0.00 0.00 0.00 0
