# isthmuscingulate
2210
35470 0.00 0.00 0.00 0
36610 0.00 0.00 0.00 0
36625 0.00 0.00 0.00 0
36645 0.00 0.00 0.00 0
36646 0.00 0.00 0.00 0
36647 0.00 0.00 0.00 0
36654 0.00 0.00 0.00 0
36655 0.00 0.00 0.00 0
36662 0.00 0.00 0.00 0
37791 0.00 0.00 0.00 0
37792 0.00 0.00 0.00 0
37793 0.00 0.00 0.00 0
37802 0.00 0.00 0.00 0
37803 0.00 0.00 0.00 0
37823 0.00 0.00 0.00 0
37824 0.00 0.00 0.00 0
37825 0.00 0.00 0.00 0
37836 0.00 0.00 0.00 0
37837 0.00 0.00 0.00 0
37845 0.00 0.00 0.00 0
37846 0.00 0.00 0.00 0
37859 0.00 0.00 0.00 0
38886 0.00 0.00 0.00 0
38887 0.00 0.00 0.00 0
38894 0.00 0.00 0.00 0
38895 0.00 0.00 0.00 0
38907 0.00 0.00 0.00 0
38908 0.00 0.00 0.00 0
38909 0.00 0.00 0.00 0
38910 0.00 0.00 0.00 0
38929 0.00 0.00 0.00 0
38930 0.00 0.00 0.00 0
38931 0.00 0.00 0.00 0
38932 0.00 0.00 0.00 0
38933 0.00 0.00 0.00 0
38952 0.00 0.00 0.00 0
38953 0.00 0.00 0.00 0
38954 0.00 0.00 0.00 0
38955 0.00 0.00 0.00 0
38956 0.00 0.00 0.00 0
38978 0.00 0.00 0.00 0
38979 0.00 0.00 0.00 0
38980 0.00 0.00 0.00 0
38981 0.00 0.00 0.00 0
38982 0.00 0.00 0.00 0
39002 0.00 0.00 0.00 0
39003 0.00 0.00 0.00 0
39004 0.00 0.00 0.00 0
39005 0.00 0.00 0.00 0
39006 0.00 0.00 0.00 0
39014 0.00 0.00 0.00 0
39021 0.00 0.00 0.00 0
39025 0.00 0.00 0.00 0
39029 0.00 0.00 0.00 0
39033 0.00 0.00 0.00 0
39034 0.00 0.00 0.00 0
39035 0.00 0.00 0.00 0
39036 0.00 0.00 0.00 0
39041 0.00 0.00 0.00 0
39042 0.00 0.00 0.00 0
39046 0.00 0.00 0.00 0
39047 0.00 0.00 0.00 0
39048 0.00 0.00 0.00 0
39049 0.00 0.00 0.00 0
39059 0.00 0.00 0.00 0
39060 0.00 0.00 0.00 0
39076 0.00 0.00 0.00 0
39077 0.00 0.00 0.00 0
39090 0.00 0.00 0.00 0
39091 0.00 0.00 0.00 0
39103 0.00 0.00 0.00 0
39112 0.00 0.00 0.00 0
40054 0.00 0.00 0.00 0
40055 0.00 0.00 0.00 0
40056 0.00 0.00 0.00 0
40057 0.00 0.00 0.00 0
40074 0.00 0.00 0.00 0
40075 0.00 0.00 0.00 0
40076 0.00 0.00 0.00 0
40160 0.00 0.00 0.00 0
40161 0.00 0.00 0.00 0
40173 0.00 0.00 0.00 0
40174 0.00 0.00 0.00 0
40175 0.00 0.00 0.00 0
40176 0.00 0.00 0.00 0
40182 0.00 0.00 0.00 0
40183 0.00 0.00 0.00 0
40184 0.00 0.00 0.00 0
40185 0.00 0.00 0.00 0
40186 0.00 0.00 0.00 0
40192 0.00 0.00 0.00 0
40193 0.00 0.00 0.00 0
40194 0.00 0.00 0.00 0
40195 0.00 0.00 0.00 0
40196 0.00 0.00 0.00 0
40209 0.00 0.00 0.00 0
40210 0.00 0.00 0.00 0
40211 0.00 0.00 0.00 0
40212 0.00 0.00 0.00 0
40213 0.00 0.00 0.00 0
40236 0.00 0.00 0.00 0
40237 0.00 0.00 0.00 0
40253 0.00 0.00 0.00 0
40261 0.00 0.00 0.00 0
40270 0.00 0.00 0.00 0
40271 0.00 0.00 0.00 0
40272 0.00 0.00 0.00 0
40273 0.00 0.00 0.00 0
40274 0.00 0.00 0.00 0
40282 0.00 0.00 0.00 0
40283 0.00 0.00 0.00 0
40290 0.00 0.00 0.00 0
40291 0.00 0.00 0.00 0
40297 0.00 0.00 0.00 0
40298 0.00 0.00 0.00 0
40303 0.00 0.00 0.00 0
40304 0.00 0.00 0.00 0
40305 0.00 0.00 0.00 0
40308 0.00 0.00 0.00 0
40309 0.00 0.00 0.00 0
40310 0.00 0.00 0.00 0
40314 0.00 0.00 0.00 0
40315 0.00 0.00 0.00 0
40319 0.00 0.00 0.00 0
40320 0.00 0.00 0.00 0
40321 0.00 0.00 0.00 0
40334 0.00 0.00 0.00 0
40352 0.00 0.00 0.00 0
40353 0.00 0.00 0.00 0
40367 0.00 0.00 0.00 0
40368 0.00 0.00 0.00 0
40382 0.00 0.00 0.00 0
40389 0.00 0.00 0.00 0
40394 0.00 0.00 0.00 0
40414 0.00 0.00 0.00 0
40437 0.00 0.00 0.00 0
40462 0.00 0.00 0.00 0
40488 0.00 0.00 0.00 0
41334 0.00 0.00 0.00 0
41335 0.00 0.00 0.00 0
41336 0.00 0.00 0.00 0
41337 0.00 0.00 0.00 0
41338 0.00 0.00 0.00 0
41339 0.00 0.00 0.00 0
41340 0.00 0.00 0.00 0
41341 0.00 0.00 0.00 0
41353 0.00 0.00 0.00 0
41354 0.00 0.00 0.00 0
41355 0.00 0.00 0.00 0
41356 0.00 0.00 0.00 0
41357 0.00 0.00 0.00 0
41358 0.00 0.00 0.00 0
41359 0.00 0.00 0.00 0
41373 0.00 0.00 0.00 0
41374 0.00 0.00 0.00 0
41375 0.00 0.00 0.00 0
41376 0.00 0.00 0.00 0
41377 0.00 0.00 0.00 0
41378 0.00 0.00 0.00 0
41379 0.00 0.00 0.00 0
41380 0.00 0.00 0.00 0
41392 0.00 0.00 0.00 0
41393 0.00 0.00 0.00 0
41394 0.00 0.00 0.00 0
41395 0.00 0.00 0.00 0
41396 0.00 0.00 0.00 0
41397 0.00 0.00 0.00 0
41398 0.00 0.00 0.00 0
41399 0.00 0.00 0.00 0
41413 0.00 0.00 0.00 0
41414 0.00 0.00 0.00 0
41415 0.00 0.00 0.00 0
41431 0.00 0.00 0.00 0
41432 0.00 0.00 0.00 0
41441 0.00 0.00 0.00 0
41442 0.00 0.00 0.00 0
41447 0.00 0.00 0.00 0
41448 0.00 0.00 0.00 0
41453 0.00 0.00 0.00 0
41454 0.00 0.00 0.00 0
41455 0.00 0.00 0.00 0
41460 0.00 0.00 0.00 0
41461 0.00 0.00 0.00 0
41462 0.00 0.00 0.00 0
41463 0.00 0.00 0.00 0
41474 0.00 0.00 0.00 0
41475 0.00 0.00 0.00 0
41476 0.00 0.00 0.00 0
41477 0.00 0.00 0.00 0
41478 0.00 0.00 0.00 0
41487 0.00 0.00 0.00 0
41488 0.00 0.00 0.00 0
41489 0.00 0.00 0.00 0
41497 0.00 0.00 0.00 0
41498 0.00 0.00 0.00 0
41513 0.00 0.00 0.00 0
41532 0.00 0.00 0.00 0
41541 0.00 0.00 0.00 0
41549 0.00 0.00 0.00 0
41557 0.00 0.00 0.00 0
41558 0.00 0.00 0.00 0
41559 0.00 0.00 0.00 0
41560 0.00 0.00 0.00 0
41568 0.00 0.00 0.00 0
41569 0.00 0.00 0.00 0
41576 0.00 0.00 0.00 0
41577 0.00 0.00 0.00 0
41578 0.00 0.00 0.00 0
41585 0.00 0.00 0.00 0
41586 0.00 0.00 0.00 0
41587 0.00 0.00 0.00 0
41593 0.00 0.00 0.00 0
41594 0.00 0.00 0.00 0
41595 0.00 0.00 0.00 0
41602 0.00 0.00 0.00 0
41603 0.00 0.00 0.00 0
41612 0.00 0.00 0.00 0
41613 0.00 0.00 0.00 0
41626 0.00 0.00 0.00 0
41627 0.00 0.00 0.00 0
41647 0.00 0.00 0.00 0
41648 0.00 0.00 0.00 0
41664 0.00 0.00 0.00 0
41665 0.00 0.00 0.00 0
41667 0.00 0.00 0.00 0
41683 0.00 0.00 0.00 0
41687 0.00 0.00 0.00 0
41688 0.00 0.00 0.00 0
41698 0.00 0.00 0.00 0
41699 0.00 0.00 0.00 0
41700 0.00 0.00 0.00 0
41701 0.00 0.00 0.00 0
41702 0.00 0.00 0.00 0
41713 0.00 0.00 0.00 0
41715 0.00 0.00 0.00 0
41716 0.00 0.00 0.00 0
41729 0.00 0.00 0.00 0
41730 0.00 0.00 0.00 0
41731 0.00 0.00 0.00 0
41749 0.00 0.00 0.00 0
41750 0.00 0.00 0.00 0
41767 0.00 0.00 0.00 0
41768 0.00 0.00 0.00 0
41769 0.00 0.00 0.00 0
42576 0.00 0.00 0.00 0
42577 0.00 0.00 0.00 0
42578 0.00 0.00 0.00 0
42579 0.00 0.00 0.00 0
42580 0.00 0.00 0.00 0
42581 0.00 0.00 0.00 0
42582 0.00 0.00 0.00 0
42597 0.00 0.00 0.00 0
42598 0.00 0.00 0.00 0
42599 0.00 0.00 0.00 0
42600 0.00 0.00 0.00 0
42601 0.00 0.00 0.00 0
42602 0.00 0.00 0.00 0
42603 0.00 0.00 0.00 0
42604 0.00 0.00 0.00 0
42605 0.00 0.00 0.00 0
42619 0.00 0.00 0.00 0
42620 0.00 0.00 0.00 0
42621 0.00 0.00 0.00 0
42622 0.00 0.00 0.00 0
42623 0.00 0.00 0.00 0
42624 0.00 0.00 0.00 0
42625 0.00 0.00 0.00 0
42626 0.00 0.00 0.00 0
42638 0.00 0.00 0.00 0
42639 0.00 0.00 0.00 0
42640 0.00 0.00 0.00 0
42641 0.00 0.00 0.00 0
42642 0.00 0.00 0.00 0
42643 0.00 0.00 0.00 0
42644 0.00 0.00 0.00 0
42645 0.00 0.00 0.00 0
42646 0.00 0.00 0.00 0
42660 0.00 0.00 0.00 0
42661 0.00 0.00 0.00 0
42662 0.00 0.00 0.00 0
42663 0.00 0.00 0.00 0
42664 0.00 0.00 0.00 0
42665 0.00 0.00 0.00 0
42676 0.00 0.00 0.00 0
42677 0.00 0.00 0.00 0
42678 0.00 0.00 0.00 0
42679 0.00 0.00 0.00 0
42687 0.00 0.00 0.00 0
42688 0.00 0.00 0.00 0
42689 0.00 0.00 0.00 0
42690 0.00 0.00 0.00 0
42699 0.00 0.00 0.00 0
42700 0.00 0.00 0.00 0
42701 0.00 0.00 0.00 0
42702 0.00 0.00 0.00 0
42703 0.00 0.00 0.00 0
42711 0.00 0.00 0.00 0
42712 0.00 0.00 0.00 0
42713 0.00 0.00 0.00 0
42714 0.00 0.00 0.00 0
42715 0.00 0.00 0.00 0
42716 0.00 0.00 0.00 0
42724 0.00 0.00 0.00 0
42725 0.00 0.00 0.00 0
42726 0.00 0.00 0.00 0
42727 0.00 0.00 0.00 0
42739 0.00 0.00 0.00 0
42740 0.00 0.00 0.00 0
42751 0.00 0.00 0.00 0
42758 0.00 0.00 0.00 0
42770 0.00 0.00 0.00 0
42785 0.00 0.00 0.00 0
42794 0.00 0.00 0.00 0
42802 0.00 0.00 0.00 0
42809 0.00 0.00 0.00 0
42810 0.00 0.00 0.00 0
42811 0.00 0.00 0.00 0
42818 0.00 0.00 0.00 0
42819 0.00 0.00 0.00 0
42820 0.00 0.00 0.00 0
42828 0.00 0.00 0.00 0
42829 0.00 0.00 0.00 0
42830 0.00 0.00 0.00 0
42837 0.00 0.00 0.00 0
42838 0.00 0.00 0.00 0
42844 0.00 0.00 0.00 0
42845 0.00 0.00 0.00 0
42856 0.00 0.00 0.00 0
42857 0.00 0.00 0.00 0
42875 0.00 0.00 0.00 0
42876 0.00 0.00 0.00 0
42893 0.00 0.00 0.00 0
42894 0.00 0.00 0.00 0
42908 0.00 0.00 0.00 0
42915 0.00 0.00 0.00 0
42920 0.00 0.00 0.00 0
42921 0.00 0.00 0.00 0
42922 0.00 0.00 0.00 0
42923 0.00 0.00 0.00 0
42924 0.00 0.00 0.00 0
42925 0.00 0.00 0.00 0
42932 0.00 0.00 0.00 0
42933 0.00 0.00 0.00 0
42934 0.00 0.00 0.00 0
42935 0.00 0.00 0.00 0
42936 0.00 0.00 0.00 0
42946 0.00 0.00 0.00 0
42947 0.00 0.00 0.00 0
42948 0.00 0.00 0.00 0
42949 0.00 0.00 0.00 0
42950 0.00 0.00 0.00 0
42958 0.00 0.00 0.00 0
42959 0.00 0.00 0.00 0
42960 0.00 0.00 0.00 0
42973 0.00 0.00 0.00 0
42974 0.00 0.00 0.00 0
42975 0.00 0.00 0.00 0
42976 0.00 0.00 0.00 0
42977 0.00 0.00 0.00 0
42985 0.00 0.00 0.00 0
42986 0.00 0.00 0.00 0
42987 0.00 0.00 0.00 0
42988 0.00 0.00 0.00 0
42998 0.00 0.00 0.00 0
42999 0.00 0.00 0.00 0
43000 0.00 0.00 0.00 0
43001 0.00 0.00 0.00 0
43856 0.00 0.00 0.00 0
43857 0.00 0.00 0.00 0
43858 0.00 0.00 0.00 0
43859 0.00 0.00 0.00 0
43860 0.00 0.00 0.00 0
43866 0.00 0.00 0.00 0
43867 0.00 0.00 0.00 0
43868 0.00 0.00 0.00 0
43869 0.00 0.00 0.00 0
43870 0.00 0.00 0.00 0
43871 0.00 0.00 0.00 0
43872 0.00 0.00 0.00 0
43873 0.00 0.00 0.00 0
43874 0.00 0.00 0.00 0
43875 0.00 0.00 0.00 0
43876 0.00 0.00 0.00 0
43883 0.00 0.00 0.00 0
43884 0.00 0.00 0.00 0
43885 0.00 0.00 0.00 0
43886 0.00 0.00 0.00 0
43887 0.00 0.00 0.00 0
43888 0.00 0.00 0.00 0
43889 0.00 0.00 0.00 0
43890 0.00 0.00 0.00 0
43891 0.00 0.00 0.00 0
43898 0.00 0.00 0.00 0
43899 0.00 0.00 0.00 0
43900 0.00 0.00 0.00 0
43901 0.00 0.00 0.00 0
43902 0.00 0.00 0.00 0
43911 0.00 0.00 0.00 0
43912 0.00 0.00 0.00 0
43913 0.00 0.00 0.00 0
43914 0.00 0.00 0.00 0
43915 0.00 0.00 0.00 0
43916 0.00 0.00 0.00 0
43917 0.00 0.00 0.00 0
43918 0.00 0.00 0.00 0
43924 0.00 0.00 0.00 0
43925 0.00 0.00 0.00 0
43926 0.00 0.00 0.00 0
43927 0.00 0.00 0.00 0
43928 0.00 0.00 0.00 0
43929 0.00 0.00 0.00 0
43930 0.00 0.00 0.00 0
43931 0.00 0.00 0.00 0
43943 0.00 0.00 0.00 0
43944 0.00 0.00 0.00 0
43945 0.00 0.00 0.00 0
43946 0.00 0.00 0.00 0
43947 0.00 0.00 0.00 0
43948 0.00 0.00 0.00 0
43959 0.00 0.00 0.00 0
43960 0.00 0.00 0.00 0
43961 0.00 0.00 0.00 0
43962 0.00 0.00 0.00 0
43963 0.00 0.00 0.00 0
43974 0.00 0.00 0.00 0
43975 0.00 0.00 0.00 0
43988 0.00 0.00 0.00 0
44003 0.00 0.00 0.00 0
44011 0.00 0.00 0.00 0
44018 0.00 0.00 0.00 0
44030 0.00 0.00 0.00 0
44042 0.00 0.00 0.00 0
44051 0.00 0.00 0.00 0
44059 0.00 0.00 0.00 0
44066 0.00 0.00 0.00 0
44067 0.00 0.00 0.00 0
44068 0.00 0.00 0.00 0
44069 0.00 0.00 0.00 0
44070 0.00 0.00 0.00 0
44077 0.00 0.00 0.00 0
44078 0.00 0.00 0.00 0
44079 0.00 0.00 0.00 0
44080 0.00 0.00 0.00 0
44081 0.00 0.00 0.00 0
44089 0.00 0.00 0.00 0
44090 0.00 0.00 0.00 0
44091 0.00 0.00 0.00 0
44092 0.00 0.00 0.00 0
44093 0.00 0.00 0.00 0
44100 0.00 0.00 0.00 0
44101 0.00 0.00 0.00 0
44102 0.00 0.00 0.00 0
44103 0.00 0.00 0.00 0
44104 0.00 0.00 0.00 0
44121 0.00 0.00 0.00 0
44122 0.00 0.00 0.00 0
44123 0.00 0.00 0.00 0
44124 0.00 0.00 0.00 0
44145 0.00 0.00 0.00 0
44146 0.00 0.00 0.00 0
44147 0.00 0.00 0.00 0
44148 0.00 0.00 0.00 0
44149 0.00 0.00 0.00 0
44170 0.00 0.00 0.00 0
44171 0.00 0.00 0.00 0
44172 0.00 0.00 0.00 0
44188 0.00 0.00 0.00 0
44189 0.00 0.00 0.00 0
44198 0.00 0.00 0.00 0
44199 0.00 0.00 0.00 0
44208 0.00 0.00 0.00 0
44209 0.00 0.00 0.00 0
44219 0.00 0.00 0.00 0
44220 0.00 0.00 0.00 0
44221 0.00 0.00 0.00 0
44222 0.00 0.00 0.00 0
44223 0.00 0.00 0.00 0
44224 0.00 0.00 0.00 0
44231 0.00 0.00 0.00 0
44232 0.00 0.00 0.00 0
44233 0.00 0.00 0.00 0
44234 0.00 0.00 0.00 0
44235 0.00 0.00 0.00 0
44236 0.00 0.00 0.00 0
44237 0.00 0.00 0.00 0
44238 0.00 0.00 0.00 0
44249 0.00 0.00 0.00 0
44250 0.00 0.00 0.00 0
44251 0.00 0.00 0.00 0
44252 0.00 0.00 0.00 0
44253 0.00 0.00 0.00 0
44265 0.00 0.00 0.00 0
44266 0.00 0.00 0.00 0
44267 0.00 0.00 0.00 0
44282 0.00 0.00 0.00 0
44283 0.00 0.00 0.00 0
44284 0.00 0.00 0.00 0
44285 0.00 0.00 0.00 0
44286 0.00 0.00 0.00 0
44287 0.00 0.00 0.00 0
44299 0.00 0.00 0.00 0
44300 0.00 0.00 0.00 0
44301 0.00 0.00 0.00 0
44309 0.00 0.00 0.00 0
44310 0.00 0.00 0.00 0
44311 0.00 0.00 0.00 0
44324 0.00 0.00 0.00 0
44325 0.00 0.00 0.00 0
45217 0.00 0.00 0.00 0
45218 0.00 0.00 0.00 0
45219 0.00 0.00 0.00 0
45220 0.00 0.00 0.00 0
45223 0.00 0.00 0.00 0
45224 0.00 0.00 0.00 0
45225 0.00 0.00 0.00 0
45226 0.00 0.00 0.00 0
45227 0.00 0.00 0.00 0
45228 0.00 0.00 0.00 0
45229 0.00 0.00 0.00 0
45230 0.00 0.00 0.00 0
45231 0.00 0.00 0.00 0
45232 0.00 0.00 0.00 0
45233 0.00 0.00 0.00 0
45236 0.00 0.00 0.00 0
45237 0.00 0.00 0.00 0
45238 0.00 0.00 0.00 0
45239 0.00 0.00 0.00 0
45240 0.00 0.00 0.00 0
45241 0.00 0.00 0.00 0
45242 0.00 0.00 0.00 0
45243 0.00 0.00 0.00 0
45246 0.00 0.00 0.00 0
45247 0.00 0.00 0.00 0
45258 0.00 0.00 0.00 0
45259 0.00 0.00 0.00 0
45260 0.00 0.00 0.00 0
45275 0.00 0.00 0.00 0
45276 0.00 0.00 0.00 0
45290 0.00 0.00 0.00 0
45291 0.00 0.00 0.00 0
45292 0.00 0.00 0.00 0
45307 0.00 0.00 0.00 0
45308 0.00 0.00 0.00 0
45320 0.00 0.00 0.00 0
45330 0.00 0.00 0.00 0
45338 0.00 0.00 0.00 0
45346 0.00 0.00 0.00 0
45362 0.00 0.00 0.00 0
45363 0.00 0.00 0.00 0
45364 0.00 0.00 0.00 0
45365 0.00 0.00 0.00 0
45366 0.00 0.00 0.00 0
45380 0.00 0.00 0.00 0
45381 0.00 0.00 0.00 0
45382 0.00 0.00 0.00 0
45383 0.00 0.00 0.00 0
45384 0.00 0.00 0.00 0
45385 0.00 0.00 0.00 0
45398 0.00 0.00 0.00 0
45399 0.00 0.00 0.00 0
45400 0.00 0.00 0.00 0
45401 0.00 0.00 0.00 0
45402 0.00 0.00 0.00 0
45403 0.00 0.00 0.00 0
45414 0.00 0.00 0.00 0
45415 0.00 0.00 0.00 0
45416 0.00 0.00 0.00 0
45417 0.00 0.00 0.00 0
45418 0.00 0.00 0.00 0
45419 0.00 0.00 0.00 0
45427 0.00 0.00 0.00 0
45428 0.00 0.00 0.00 0
45429 0.00 0.00 0.00 0
45430 0.00 0.00 0.00 0
45431 0.00 0.00 0.00 0
45432 0.00 0.00 0.00 0
45443 0.00 0.00 0.00 0
45444 0.00 0.00 0.00 0
45445 0.00 0.00 0.00 0
45446 0.00 0.00 0.00 0
45455 0.00 0.00 0.00 0
45456 0.00 0.00 0.00 0
45457 0.00 0.00 0.00 0
45458 0.00 0.00 0.00 0
45468 0.00 0.00 0.00 0
45469 0.00 0.00 0.00 0
45470 0.00 0.00 0.00 0
45471 0.00 0.00 0.00 0
45472 0.00 0.00 0.00 0
45473 0.00 0.00 0.00 0
45492 0.00 0.00 0.00 0
45493 0.00 0.00 0.00 0
45494 0.00 0.00 0.00 0
45495 0.00 0.00 0.00 0
45496 0.00 0.00 0.00 0
45512 0.00 0.00 0.00 0
45513 0.00 0.00 0.00 0
45514 0.00 0.00 0.00 0
45515 0.00 0.00 0.00 0
45516 0.00 0.00 0.00 0
45517 0.00 0.00 0.00 0
45529 0.00 0.00 0.00 0
45530 0.00 0.00 0.00 0
45531 0.00 0.00 0.00 0
45532 0.00 0.00 0.00 0
45533 0.00 0.00 0.00 0
45542 0.00 0.00 0.00 0
45543 0.00 0.00 0.00 0
45544 0.00 0.00 0.00 0
45545 0.00 0.00 0.00 0
45546 0.00 0.00 0.00 0
45553 0.00 0.00 0.00 0
45554 0.00 0.00 0.00 0
45555 0.00 0.00 0.00 0
45562 0.00 0.00 0.00 0
45563 0.00 0.00 0.00 0
45574 0.00 0.00 0.00 0
45587 0.00 0.00 0.00 0
45588 0.00 0.00 0.00 0
45589 0.00 0.00 0.00 0
45590 0.00 0.00 0.00 0
45591 0.00 0.00 0.00 0
45592 0.00 0.00 0.00 0
45599 0.00 0.00 0.00 0
45600 0.00 0.00 0.00 0
45601 0.00 0.00 0.00 0
45602 0.00 0.00 0.00 0
45603 0.00 0.00 0.00 0
45604 0.00 0.00 0.00 0
45615 0.00 0.00 0.00 0
45616 0.00 0.00 0.00 0
45617 0.00 0.00 0.00 0
45634 0.00 0.00 0.00 0
45635 0.00 0.00 0.00 0
45636 0.00 0.00 0.00 0
45637 0.00 0.00 0.00 0
45638 0.00 0.00 0.00 0
45639 0.00 0.00 0.00 0
45640 0.00 0.00 0.00 0
45655 0.00 0.00 0.00 0
45656 0.00 0.00 0.00 0
45657 0.00 0.00 0.00 0
45658 0.00 0.00 0.00 0
45668 0.00 0.00 0.00 0
45669 0.00 0.00 0.00 0
45670 0.00 0.00 0.00 0
45671 0.00 0.00 0.00 0
45680 0.00 0.00 0.00 0
45681 0.00 0.00 0.00 0
45682 0.00 0.00 0.00 0
46510 0.00 0.00 0.00 0
46511 0.00 0.00 0.00 0
46512 0.00 0.00 0.00 0
46515 0.00 0.00 0.00 0
46516 0.00 0.00 0.00 0
46517 0.00 0.00 0.00 0
46518 0.00 0.00 0.00 0
46519 0.00 0.00 0.00 0
46520 0.00 0.00 0.00 0
46521 0.00 0.00 0.00 0
46522 0.00 0.00 0.00 0
46528 0.00 0.00 0.00 0
46529 0.00 0.00 0.00 0
46530 0.00 0.00 0.00 0
46531 0.00 0.00 0.00 0
46532 0.00 0.00 0.00 0
46533 0.00 0.00 0.00 0
46534 0.00 0.00 0.00 0
46535 0.00 0.00 0.00 0
46536 0.00 0.00 0.00 0
46537 0.00 0.00 0.00 0
46544 0.00 0.00 0.00 0
46556 0.00 0.00 0.00 0
46566 0.00 0.00 0.00 0
46576 0.00 0.00 0.00 0
46577 0.00 0.00 0.00 0
46592 0.00 0.00 0.00 0
46593 0.00 0.00 0.00 0
46607 0.00 0.00 0.00 0
46619 0.00 0.00 0.00 0
46631 0.00 0.00 0.00 0
46632 0.00 0.00 0.00 0
46633 0.00 0.00 0.00 0
46634 0.00 0.00 0.00 0
46635 0.00 0.00 0.00 0
46636 0.00 0.00 0.00 0
46637 0.00 0.00 0.00 0
46650 0.00 0.00 0.00 0
46651 0.00 0.00 0.00 0
46652 0.00 0.00 0.00 0
46653 0.00 0.00 0.00 0
46654 0.00 0.00 0.00 0
46655 0.00 0.00 0.00 0
46656 0.00 0.00 0.00 0
46673 0.00 0.00 0.00 0
46674 0.00 0.00 0.00 0
46675 0.00 0.00 0.00 0
46676 0.00 0.00 0.00 0
46677 0.00 0.00 0.00 0
46678 0.00 0.00 0.00 0
46697 0.00 0.00 0.00 0
46698 0.00 0.00 0.00 0
46699 0.00 0.00 0.00 0
46700 0.00 0.00 0.00 0
46715 0.00 0.00 0.00 0
46729 0.00 0.00 0.00 0
46740 0.00 0.00 0.00 0
46751 0.00 0.00 0.00 0
46757 0.00 0.00 0.00 0
46758 0.00 0.00 0.00 0
46765 0.00 0.00 0.00 0
46766 0.00 0.00 0.00 0
46767 0.00 0.00 0.00 0
46775 0.00 0.00 0.00 0
46776 0.00 0.00 0.00 0
46783 0.00 0.00 0.00 0
46784 0.00 0.00 0.00 0
46791 0.00 0.00 0.00 0
46795 0.00 0.00 0.00 0
46796 0.00 0.00 0.00 0
46797 0.00 0.00 0.00 0
46798 0.00 0.00 0.00 0
46799 0.00 0.00 0.00 0
46804 0.00 0.00 0.00 0
46805 0.00 0.00 0.00 0
46806 0.00 0.00 0.00 0
46807 0.00 0.00 0.00 0
46808 0.00 0.00 0.00 0
46813 0.00 0.00 0.00 0
46814 0.00 0.00 0.00 0
46819 0.00 0.00 0.00 0
46831 0.00 0.00 0.00 0
46832 0.00 0.00 0.00 0
46833 0.00 0.00 0.00 0
46834 0.00 0.00 0.00 0
46835 0.00 0.00 0.00 0
46848 0.00 0.00 0.00 0
46849 0.00 0.00 0.00 0
46850 0.00 0.00 0.00 0
46851 0.00 0.00 0.00 0
46852 0.00 0.00 0.00 0
46853 0.00 0.00 0.00 0
46860 0.00 0.00 0.00 0
46861 0.00 0.00 0.00 0
46862 0.00 0.00 0.00 0
46873 0.00 0.00 0.00 0
46874 0.00 0.00 0.00 0
46875 0.00 0.00 0.00 0
46876 0.00 0.00 0.00 0
46877 0.00 0.00 0.00 0
46878 0.00 0.00 0.00 0
46879 0.00 0.00 0.00 0
46896 0.00 0.00 0.00 0
46897 0.00 0.00 0.00 0
46898 0.00 0.00 0.00 0
46899 0.00 0.00 0.00 0
46916 0.00 0.00 0.00 0
46917 0.00 0.00 0.00 0
46918 0.00 0.00 0.00 0
46928 0.00 0.00 0.00 0
46929 0.00 0.00 0.00 0
46930 0.00 0.00 0.00 0
47712 0.00 0.00 0.00 0
47713 0.00 0.00 0.00 0
47714 0.00 0.00 0.00 0
47722 0.00 0.00 0.00 0
47723 0.00 0.00 0.00 0
47724 0.00 0.00 0.00 0
47725 0.00 0.00 0.00 0
47726 0.00 0.00 0.00 0
47727 0.00 0.00 0.00 0
47728 0.00 0.00 0.00 0
47735 0.00 0.00 0.00 0
47736 0.00 0.00 0.00 0
47737 0.00 0.00 0.00 0
47738 0.00 0.00 0.00 0
47739 0.00 0.00 0.00 0
47740 0.00 0.00 0.00 0
47741 0.00 0.00 0.00 0
47742 0.00 0.00 0.00 0
47743 0.00 0.00 0.00 0
47744 0.00 0.00 0.00 0
47751 0.00 0.00 0.00 0
47752 0.00 0.00 0.00 0
47765 0.00 0.00 0.00 0
47778 0.00 0.00 0.00 0
47789 0.00 0.00 0.00 0
47790 0.00 0.00 0.00 0
47801 0.00 0.00 0.00 0
47802 0.00 0.00 0.00 0
47813 0.00 0.00 0.00 0
47814 0.00 0.00 0.00 0
47826 0.00 0.00 0.00 0
47827 0.00 0.00 0.00 0
47828 0.00 0.00 0.00 0
47829 0.00 0.00 0.00 0
47830 0.00 0.00 0.00 0
47831 0.00 0.00 0.00 0
47832 0.00 0.00 0.00 0
47843 0.00 0.00 0.00 0
47844 0.00 0.00 0.00 0
47845 0.00 0.00 0.00 0
47846 0.00 0.00 0.00 0
47847 0.00 0.00 0.00 0
47848 0.00 0.00 0.00 0
47849 0.00 0.00 0.00 0
47857 0.00 0.00 0.00 0
47858 0.00 0.00 0.00 0
47863 0.00 0.00 0.00 0
47876 0.00 0.00 0.00 0
47877 0.00 0.00 0.00 0
47895 0.00 0.00 0.00 0
47896 0.00 0.00 0.00 0
47913 0.00 0.00 0.00 0
47914 0.00 0.00 0.00 0
47915 0.00 0.00 0.00 0
47924 0.00 0.00 0.00 0
47925 0.00 0.00 0.00 0
47926 0.00 0.00 0.00 0
47927 0.00 0.00 0.00 0
47935 0.00 0.00 0.00 0
47936 0.00 0.00 0.00 0
47937 0.00 0.00 0.00 0
47938 0.00 0.00 0.00 0
47945 0.00 0.00 0.00 0
47946 0.00 0.00 0.00 0
47947 0.00 0.00 0.00 0
47948 0.00 0.00 0.00 0
47955 0.00 0.00 0.00 0
47956 0.00 0.00 0.00 0
47957 0.00 0.00 0.00 0
47958 0.00 0.00 0.00 0
47965 0.00 0.00 0.00 0
47966 0.00 0.00 0.00 0
47967 0.00 0.00 0.00 0
47973 0.00 0.00 0.00 0
47974 0.00 0.00 0.00 0
47975 0.00 0.00 0.00 0
47976 0.00 0.00 0.00 0
47982 0.00 0.00 0.00 0
47983 0.00 0.00 0.00 0
47984 0.00 0.00 0.00 0
47990 0.00 0.00 0.00 0
47991 0.00 0.00 0.00 0
47994 0.00 0.00 0.00 0
47995 0.00 0.00 0.00 0
47996 0.00 0.00 0.00 0
47997 0.00 0.00 0.00 0
47998 0.00 0.00 0.00 0
48002 0.00 0.00 0.00 0
48003 0.00 0.00 0.00 0
48004 0.00 0.00 0.00 0
48005 0.00 0.00 0.00 0
48006 0.00 0.00 0.00 0
48010 0.00 0.00 0.00 0
48011 0.00 0.00 0.00 0
48016 0.00 0.00 0.00 0
48017 0.00 0.00 0.00 0
48030 0.00 0.00 0.00 0
48031 0.00 0.00 0.00 0
48032 0.00 0.00 0.00 0
48033 0.00 0.00 0.00 0
48049 0.00 0.00 0.00 0
48050 0.00 0.00 0.00 0
48051 0.00 0.00 0.00 0
48058 0.00 0.00 0.00 0
48059 0.00 0.00 0.00 0
48060 0.00 0.00 0.00 0
48061 0.00 0.00 0.00 0
48062 0.00 0.00 0.00 0
48063 0.00 0.00 0.00 0
48064 0.00 0.00 0.00 0
48077 0.00 0.00 0.00 0
48078 0.00 0.00 0.00 0
48079 0.00 0.00 0.00 0
48080 0.00 0.00 0.00 0
48081 0.00 0.00 0.00 0
48082 0.00 0.00 0.00 0
48099 0.00 0.00 0.00 0
48100 0.00 0.00 0.00 0
48101 0.00 0.00 0.00 0
48114 0.00 0.00 0.00 0
48115 0.00 0.00 0.00 0
48900 0.00 0.00 0.00 0
48901 0.00 0.00 0.00 0
48910 0.00 0.00 0.00 0
48911 0.00 0.00 0.00 0
48912 0.00 0.00 0.00 0
48913 0.00 0.00 0.00 0
48914 0.00 0.00 0.00 0
48915 0.00 0.00 0.00 0
48916 0.00 0.00 0.00 0
48922 0.00 0.00 0.00 0
48923 0.00 0.00 0.00 0
48924 0.00 0.00 0.00 0
48925 0.00 0.00 0.00 0
48926 0.00 0.00 0.00 0
48927 0.00 0.00 0.00 0
48928 0.00 0.00 0.00 0
48929 0.00 0.00 0.00 0
48930 0.00 0.00 0.00 0
48937 0.00 0.00 0.00 0
48938 0.00 0.00 0.00 0
48939 0.00 0.00 0.00 0
48954 0.00 0.00 0.00 0
48955 0.00 0.00 0.00 0
48966 0.00 0.00 0.00 0
48967 0.00 0.00 0.00 0
48970 0.00 0.00 0.00 0
48971 0.00 0.00 0.00 0
48975 0.00 0.00 0.00 0
48976 0.00 0.00 0.00 0
48977 0.00 0.00 0.00 0
48978 0.00 0.00 0.00 0
48983 0.00 0.00 0.00 0
48984 0.00 0.00 0.00 0
48985 0.00 0.00 0.00 0
48986 0.00 0.00 0.00 0
48987 0.00 0.00 0.00 0
48988 0.00 0.00 0.00 0
48989 0.00 0.00 0.00 0
48993 0.00 0.00 0.00 0
48994 0.00 0.00 0.00 0
48995 0.00 0.00 0.00 0
48996 0.00 0.00 0.00 0
48997 0.00 0.00 0.00 0
48998 0.00 0.00 0.00 0
49001 0.00 0.00 0.00 0
49004 0.00 0.00 0.00 0
49005 0.00 0.00 0.00 0
49006 0.00 0.00 0.00 0
49009 0.00 0.00 0.00 0
49010 0.00 0.00 0.00 0
49011 0.00 0.00 0.00 0
49015 0.00 0.00 0.00 0
49016 0.00 0.00 0.00 0
49017 0.00 0.00 0.00 0
49018 0.00 0.00 0.00 0
49027 0.00 0.00 0.00 0
49028 0.00 0.00 0.00 0
49029 0.00 0.00 0.00 0
49030 0.00 0.00 0.00 0
49047 0.00 0.00 0.00 0
49048 0.00 0.00 0.00 0
49049 0.00 0.00 0.00 0
49050 0.00 0.00 0.00 0
49051 0.00 0.00 0.00 0
49070 0.00 0.00 0.00 0
49071 0.00 0.00 0.00 0
49072 0.00 0.00 0.00 0
49073 0.00 0.00 0.00 0
49083 0.00 0.00 0.00 0
49084 0.00 0.00 0.00 0
49085 0.00 0.00 0.00 0
49093 0.00 0.00 0.00 0
49094 0.00 0.00 0.00 0
49095 0.00 0.00 0.00 0
49102 0.00 0.00 0.00 0
49103 0.00 0.00 0.00 0
49104 0.00 0.00 0.00 0
49105 0.00 0.00 0.00 0
49111 0.00 0.00 0.00 0
49112 0.00 0.00 0.00 0
49113 0.00 0.00 0.00 0
49114 0.00 0.00 0.00 0
49122 0.00 0.00 0.00 0
49123 0.00 0.00 0.00 0
49124 0.00 0.00 0.00 0
49125 0.00 0.00 0.00 0
49133 0.00 0.00 0.00 0
49134 0.00 0.00 0.00 0
49135 0.00 0.00 0.00 0
49136 0.00 0.00 0.00 0
49137 0.00 0.00 0.00 0
49144 0.00 0.00 0.00 0
49145 0.00 0.00 0.00 0
49146 0.00 0.00 0.00 0
49147 0.00 0.00 0.00 0
49151 0.00 0.00 0.00 0
49154 0.00 0.00 0.00 0
49155 0.00 0.00 0.00 0
49156 0.00 0.00 0.00 0
49157 0.00 0.00 0.00 0
49160 0.00 0.00 0.00 0
49161 0.00 0.00 0.00 0
49162 0.00 0.00 0.00 0
49163 0.00 0.00 0.00 0
49167 0.00 0.00 0.00 0
49168 0.00 0.00 0.00 0
49172 0.00 0.00 0.00 0
49173 0.00 0.00 0.00 0
49174 0.00 0.00 0.00 0
49188 0.00 0.00 0.00 0
49189 0.00 0.00 0.00 0
49205 0.00 0.00 0.00 0
49206 0.00 0.00 0.00 0
49207 0.00 0.00 0.00 0
49208 0.00 0.00 0.00 0
49209 0.00 0.00 0.00 0
49210 0.00 0.00 0.00 0
49220 0.00 0.00 0.00 0
49221 0.00 0.00 0.00 0
49222 0.00 0.00 0.00 0
49223 0.00 0.00 0.00 0
49224 0.00 0.00 0.00 0
49225 0.00 0.00 0.00 0
49226 0.00 0.00 0.00 0
49227 0.00 0.00 0.00 0
49243 0.00 0.00 0.00 0
49244 0.00 0.00 0.00 0
49245 0.00 0.00 0.00 0
50111 0.00 0.00 0.00 0
50112 0.00 0.00 0.00 0
50123 0.00 0.00 0.00 0
50124 0.00 0.00 0.00 0
50125 0.00 0.00 0.00 0
50126 0.00 0.00 0.00 0
50135 0.00 0.00 0.00 0
50136 0.00 0.00 0.00 0
50137 0.00 0.00 0.00 0
50138 0.00 0.00 0.00 0
50139 0.00 0.00 0.00 0
50140 0.00 0.00 0.00 0
50141 0.00 0.00 0.00 0
50142 0.00 0.00 0.00 0
50143 0.00 0.00 0.00 0
50144 0.00 0.00 0.00 0
50154 0.00 0.00 0.00 0
50155 0.00 0.00 0.00 0
50156 0.00 0.00 0.00 0
50157 0.00 0.00 0.00 0
50158 0.00 0.00 0.00 0
50159 0.00 0.00 0.00 0
50160 0.00 0.00 0.00 0
50171 0.00 0.00 0.00 0
50172 0.00 0.00 0.00 0
50185 0.00 0.00 0.00 0
50186 0.00 0.00 0.00 0
50189 0.00 0.00 0.00 0
50190 0.00 0.00 0.00 0
50197 0.00 0.00 0.00 0
50198 0.00 0.00 0.00 0
50199 0.00 0.00 0.00 0
50207 0.00 0.00 0.00 0
50208 0.00 0.00 0.00 0
50209 0.00 0.00 0.00 0
50210 0.00 0.00 0.00 0
50211 0.00 0.00 0.00 0
50212 0.00 0.00 0.00 0
50223 0.00 0.00 0.00 0
50224 0.00 0.00 0.00 0
50225 0.00 0.00 0.00 0
50226 0.00 0.00 0.00 0
50227 0.00 0.00 0.00 0
50228 0.00 0.00 0.00 0
50240 0.00 0.00 0.00 0
50241 0.00 0.00 0.00 0
50254 0.00 0.00 0.00 0
50255 0.00 0.00 0.00 0
50256 0.00 0.00 0.00 0
50257 0.00 0.00 0.00 0
50269 0.00 0.00 0.00 0
50270 0.00 0.00 0.00 0
50271 0.00 0.00 0.00 0
50272 0.00 0.00 0.00 0
50273 0.00 0.00 0.00 0
50274 0.00 0.00 0.00 0
50286 0.00 0.00 0.00 0
50287 0.00 0.00 0.00 0
50288 0.00 0.00 0.00 0
50289 0.00 0.00 0.00 0
50290 0.00 0.00 0.00 0
50300 0.00 0.00 0.00 0
50301 0.00 0.00 0.00 0
50302 0.00 0.00 0.00 0
50303 0.00 0.00 0.00 0
50304 0.00 0.00 0.00 0
50313 0.00 0.00 0.00 0
50314 0.00 0.00 0.00 0
50315 0.00 0.00 0.00 0
50316 0.00 0.00 0.00 0
50324 0.00 0.00 0.00 0
50325 0.00 0.00 0.00 0
50326 0.00 0.00 0.00 0
50346 0.00 0.00 0.00 0
50347 0.00 0.00 0.00 0
50371 0.00 0.00 0.00 0
50372 0.00 0.00 0.00 0
50392 0.00 0.00 0.00 0
50393 0.00 0.00 0.00 0
50409 0.00 0.00 0.00 0
50410 0.00 0.00 0.00 0
50411 0.00 0.00 0.00 0
50426 0.00 0.00 0.00 0
50427 0.00 0.00 0.00 0
50428 0.00 0.00 0.00 0
50429 0.00 0.00 0.00 0
50444 0.00 0.00 0.00 0
50445 0.00 0.00 0.00 0
50446 0.00 0.00 0.00 0
50447 0.00 0.00 0.00 0
50448 0.00 0.00 0.00 0
50463 0.00 0.00 0.00 0
50464 0.00 0.00 0.00 0
50465 0.00 0.00 0.00 0
50466 0.00 0.00 0.00 0
50467 0.00 0.00 0.00 0
50482 0.00 0.00 0.00 0
50483 0.00 0.00 0.00 0
50484 0.00 0.00 0.00 0
50485 0.00 0.00 0.00 0
50486 0.00 0.00 0.00 0
50487 0.00 0.00 0.00 0
50502 0.00 0.00 0.00 0
50503 0.00 0.00 0.00 0
50504 0.00 0.00 0.00 0
50507 0.00 0.00 0.00 0
50508 0.00 0.00 0.00 0
50510 0.00 0.00 0.00 0
50511 0.00 0.00 0.00 0
50512 0.00 0.00 0.00 0
50513 0.00 0.00 0.00 0
50516 0.00 0.00 0.00 0
50517 0.00 0.00 0.00 0
50520 0.00 0.00 0.00 0
50521 0.00 0.00 0.00 0
50524 0.00 0.00 0.00 0
50525 0.00 0.00 0.00 0
50538 0.00 0.00 0.00 0
50556 0.00 0.00 0.00 0
50557 0.00 0.00 0.00 0
50558 0.00 0.00 0.00 0
50559 0.00 0.00 0.00 0
50560 0.00 0.00 0.00 0
50561 0.00 0.00 0.00 0
50562 0.00 0.00 0.00 0
50563 0.00 0.00 0.00 0
50575 0.00 0.00 0.00 0
50576 0.00 0.00 0.00 0
50577 0.00 0.00 0.00 0
50578 0.00 0.00 0.00 0
50579 0.00 0.00 0.00 0
50580 0.00 0.00 0.00 0
51517 0.00 0.00 0.00 0
51518 0.00 0.00 0.00 0
51519 0.00 0.00 0.00 0
51534 0.00 0.00 0.00 0
51535 0.00 0.00 0.00 0
51536 0.00 0.00 0.00 0
51537 0.00 0.00 0.00 0
51538 0.00 0.00 0.00 0
51549 0.00 0.00 0.00 0
51550 0.00 0.00 0.00 0
51551 0.00 0.00 0.00 0
51552 0.00 0.00 0.00 0
51553 0.00 0.00 0.00 0
51554 0.00 0.00 0.00 0
51555 0.00 0.00 0.00 0
51567 0.00 0.00 0.00 0
51568 0.00 0.00 0.00 0
51569 0.00 0.00 0.00 0
51578 0.00 0.00 0.00 0
51589 0.00 0.00 0.00 0
51599 0.00 0.00 0.00 0
51600 0.00 0.00 0.00 0
51601 0.00 0.00 0.00 0
51602 0.00 0.00 0.00 0
51603 0.00 0.00 0.00 0
51617 0.00 0.00 0.00 0
51618 0.00 0.00 0.00 0
51619 0.00 0.00 0.00 0
51620 0.00 0.00 0.00 0
51621 0.00 0.00 0.00 0
51622 0.00 0.00 0.00 0
51635 0.00 0.00 0.00 0
51636 0.00 0.00 0.00 0
51637 0.00 0.00 0.00 0
51638 0.00 0.00 0.00 0
51639 0.00 0.00 0.00 0
51640 0.00 0.00 0.00 0
51652 0.00 0.00 0.00 0
51653 0.00 0.00 0.00 0
51665 0.00 0.00 0.00 0
51666 0.00 0.00 0.00 0
51667 0.00 0.00 0.00 0
51668 0.00 0.00 0.00 0
51680 0.00 0.00 0.00 0
51681 0.00 0.00 0.00 0
51682 0.00 0.00 0.00 0
51683 0.00 0.00 0.00 0
51684 0.00 0.00 0.00 0
51685 0.00 0.00 0.00 0
51686 0.00 0.00 0.00 0
51698 0.00 0.00 0.00 0
51699 0.00 0.00 0.00 0
51700 0.00 0.00 0.00 0
51701 0.00 0.00 0.00 0
51702 0.00 0.00 0.00 0
51713 0.00 0.00 0.00 0
51714 0.00 0.00 0.00 0
51715 0.00 0.00 0.00 0
51726 0.00 0.00 0.00 0
51727 0.00 0.00 0.00 0
51858 0.00 0.00 0.00 0
51859 0.00 0.00 0.00 0
51876 0.00 0.00 0.00 0
51877 0.00 0.00 0.00 0
51878 0.00 0.00 0.00 0
51879 0.00 0.00 0.00 0
51890 0.00 0.00 0.00 0
51891 0.00 0.00 0.00 0
51892 0.00 0.00 0.00 0
51893 0.00 0.00 0.00 0
51894 0.00 0.00 0.00 0
51895 0.00 0.00 0.00 0
51916 0.00 0.00 0.00 0
51917 0.00 0.00 0.00 0
51918 0.00 0.00 0.00 0
51919 0.00 0.00 0.00 0
51920 0.00 0.00 0.00 0
51923 0.00 0.00 0.00 0
51924 0.00 0.00 0.00 0
51927 0.00 0.00 0.00 0
51928 0.00 0.00 0.00 0
51929 0.00 0.00 0.00 0
51930 0.00 0.00 0.00 0
51933 0.00 0.00 0.00 0
51934 0.00 0.00 0.00 0
51935 0.00 0.00 0.00 0
51936 0.00 0.00 0.00 0
51939 0.00 0.00 0.00 0
51942 0.00 0.00 0.00 0
51943 0.00 0.00 0.00 0
51947 0.00 0.00 0.00 0
51962 0.00 0.00 0.00 0
51963 0.00 0.00 0.00 0
51964 0.00 0.00 0.00 0
51965 0.00 0.00 0.00 0
51966 0.00 0.00 0.00 0
51967 0.00 0.00 0.00 0
51985 0.00 0.00 0.00 0
51986 0.00 0.00 0.00 0
51987 0.00 0.00 0.00 0
51988 0.00 0.00 0.00 0
51989 0.00 0.00 0.00 0
51990 0.00 0.00 0.00 0
51991 0.00 0.00 0.00 0
51992 0.00 0.00 0.00 0
52913 0.00 0.00 0.00 0
52914 0.00 0.00 0.00 0
52915 0.00 0.00 0.00 0
52916 0.00 0.00 0.00 0
52933 0.00 0.00 0.00 0
52934 0.00 0.00 0.00 0
52935 0.00 0.00 0.00 0
52936 0.00 0.00 0.00 0
52937 0.00 0.00 0.00 0
52938 0.00 0.00 0.00 0
52939 0.00 0.00 0.00 0
52940 0.00 0.00 0.00 0
52941 0.00 0.00 0.00 0
52953 0.00 0.00 0.00 0
52954 0.00 0.00 0.00 0
52955 0.00 0.00 0.00 0
52956 0.00 0.00 0.00 0
52957 0.00 0.00 0.00 0
52958 0.00 0.00 0.00 0
52967 0.00 0.00 0.00 0
52975 0.00 0.00 0.00 0
52976 0.00 0.00 0.00 0
52987 0.00 0.00 0.00 0
52988 0.00 0.00 0.00 0
52989 0.00 0.00 0.00 0
52990 0.00 0.00 0.00 0
53000 0.00 0.00 0.00 0
53001 0.00 0.00 0.00 0
53002 0.00 0.00 0.00 0
53003 0.00 0.00 0.00 0
53004 0.00 0.00 0.00 0
53005 0.00 0.00 0.00 0
53006 0.00 0.00 0.00 0
53015 0.00 0.00 0.00 0
53016 0.00 0.00 0.00 0
53017 0.00 0.00 0.00 0
53018 0.00 0.00 0.00 0
53019 0.00 0.00 0.00 0
53023 0.00 0.00 0.00 0
53029 0.00 0.00 0.00 0
53030 0.00 0.00 0.00 0
53038 0.00 0.00 0.00 0
53039 0.00 0.00 0.00 0
53040 0.00 0.00 0.00 0
53041 0.00 0.00 0.00 0
53042 0.00 0.00 0.00 0
53043 0.00 0.00 0.00 0
53044 0.00 0.00 0.00 0
53054 0.00 0.00 0.00 0
53055 0.00 0.00 0.00 0
53056 0.00 0.00 0.00 0
53057 0.00 0.00 0.00 0
53058 0.00 0.00 0.00 0
53070 0.00 0.00 0.00 0
53179 0.00 0.00 0.00 0
53199 0.00 0.00 0.00 0
53200 0.00 0.00 0.00 0
53201 0.00 0.00 0.00 0
53202 0.00 0.00 0.00 0
53203 0.00 0.00 0.00 0
53224 0.00 0.00 0.00 0
53225 0.00 0.00 0.00 0
53226 0.00 0.00 0.00 0
53227 0.00 0.00 0.00 0
53228 0.00 0.00 0.00 0
53229 0.00 0.00 0.00 0
53236 0.00 0.00 0.00 0
53237 0.00 0.00 0.00 0
53238 0.00 0.00 0.00 0
53239 0.00 0.00 0.00 0
53244 0.00 0.00 0.00 0
53245 0.00 0.00 0.00 0
53246 0.00 0.00 0.00 0
53249 0.00 0.00 0.00 0
53250 0.00 0.00 0.00 0
53251 0.00 0.00 0.00 0
53252 0.00 0.00 0.00 0
53253 0.00 0.00 0.00 0
53256 0.00 0.00 0.00 0
53257 0.00 0.00 0.00 0
53258 0.00 0.00 0.00 0
53259 0.00 0.00 0.00 0
53260 0.00 0.00 0.00 0
53262 0.00 0.00 0.00 0
53263 0.00 0.00 0.00 0
53267 0.00 0.00 0.00 0
53268 0.00 0.00 0.00 0
53277 0.00 0.00 0.00 0
53278 0.00 0.00 0.00 0
53279 0.00 0.00 0.00 0
53280 0.00 0.00 0.00 0
53295 0.00 0.00 0.00 0
53296 0.00 0.00 0.00 0
53297 0.00 0.00 0.00 0
53298 0.00 0.00 0.00 0
53299 0.00 0.00 0.00 0
53300 0.00 0.00 0.00 0
53301 0.00 0.00 0.00 0
53315 0.00 0.00 0.00 0
53316 0.00 0.00 0.00 0
54270 0.00 0.00 0.00 0
54271 0.00 0.00 0.00 0
54272 0.00 0.00 0.00 0
54273 0.00 0.00 0.00 0
54274 0.00 0.00 0.00 0
54275 0.00 0.00 0.00 0
54294 0.00 0.00 0.00 0
54295 0.00 0.00 0.00 0
54296 0.00 0.00 0.00 0
54297 0.00 0.00 0.00 0
54298 0.00 0.00 0.00 0
54299 0.00 0.00 0.00 0
54300 0.00 0.00 0.00 0
54301 0.00 0.00 0.00 0
54302 0.00 0.00 0.00 0
54311 0.00 0.00 0.00 0
54312 0.00 0.00 0.00 0
54317 0.00 0.00 0.00 0
54318 0.00 0.00 0.00 0
54328 0.00 0.00 0.00 0
54329 0.00 0.00 0.00 0
54330 0.00 0.00 0.00 0
54331 0.00 0.00 0.00 0
54341 0.00 0.00 0.00 0
54342 0.00 0.00 0.00 0
54343 0.00 0.00 0.00 0
54344 0.00 0.00 0.00 0
54345 0.00 0.00 0.00 0
54346 0.00 0.00 0.00 0
54347 0.00 0.00 0.00 0
54353 0.00 0.00 0.00 0
54354 0.00 0.00 0.00 0
54355 0.00 0.00 0.00 0
54356 0.00 0.00 0.00 0
54357 0.00 0.00 0.00 0
54358 0.00 0.00 0.00 0
54359 0.00 0.00 0.00 0
54364 0.00 0.00 0.00 0
54365 0.00 0.00 0.00 0
54366 0.00 0.00 0.00 0
54367 0.00 0.00 0.00 0
54370 0.00 0.00 0.00 0
54371 0.00 0.00 0.00 0
54372 0.00 0.00 0.00 0
54376 0.00 0.00 0.00 0
54377 0.00 0.00 0.00 0
54378 0.00 0.00 0.00 0
54379 0.00 0.00 0.00 0
54380 0.00 0.00 0.00 0
54387 0.00 0.00 0.00 0
54388 0.00 0.00 0.00 0
54389 0.00 0.00 0.00 0
54390 0.00 0.00 0.00 0
54391 0.00 0.00 0.00 0
54392 0.00 0.00 0.00 0
54520 0.00 0.00 0.00 0
54521 0.00 0.00 0.00 0
54522 0.00 0.00 0.00 0
54523 0.00 0.00 0.00 0
54524 0.00 0.00 0.00 0
54535 0.00 0.00 0.00 0
54536 0.00 0.00 0.00 0
54537 0.00 0.00 0.00 0
54538 0.00 0.00 0.00 0
54539 0.00 0.00 0.00 0
54540 0.00 0.00 0.00 0
54544 0.00 0.00 0.00 0
54545 0.00 0.00 0.00 0
54546 0.00 0.00 0.00 0
54547 0.00 0.00 0.00 0
54548 0.00 0.00 0.00 0
54552 0.00 0.00 0.00 0
54553 0.00 0.00 0.00 0
54554 0.00 0.00 0.00 0
54555 0.00 0.00 0.00 0
54556 0.00 0.00 0.00 0
54559 0.00 0.00 0.00 0
54560 0.00 0.00 0.00 0
54562 0.00 0.00 0.00 0
54563 0.00 0.00 0.00 0
54564 0.00 0.00 0.00 0
54565 0.00 0.00 0.00 0
54566 0.00 0.00 0.00 0
54567 0.00 0.00 0.00 0
54570 0.00 0.00 0.00 0
54574 0.00 0.00 0.00 0
54575 0.00 0.00 0.00 0
54583 0.00 0.00 0.00 0
54584 0.00 0.00 0.00 0
54585 0.00 0.00 0.00 0
54596 0.00 0.00 0.00 0
54597 0.00 0.00 0.00 0
54598 0.00 0.00 0.00 0
54599 0.00 0.00 0.00 0
54600 0.00 0.00 0.00 0
54601 0.00 0.00 0.00 0
54602 0.00 0.00 0.00 0
54616 0.00 0.00 0.00 0
54617 0.00 0.00 0.00 0
54618 0.00 0.00 0.00 0
54619 0.00 0.00 0.00 0
55530 0.00 0.00 0.00 0
55531 0.00 0.00 0.00 0
55544 0.00 0.00 0.00 0
55545 0.00 0.00 0.00 0
55546 0.00 0.00 0.00 0
55547 0.00 0.00 0.00 0
55548 0.00 0.00 0.00 0
55549 0.00 0.00 0.00 0
55550 0.00 0.00 0.00 0
55551 0.00 0.00 0.00 0
55552 0.00 0.00 0.00 0
55553 0.00 0.00 0.00 0
55568 0.00 0.00 0.00 0
55569 0.00 0.00 0.00 0
55570 0.00 0.00 0.00 0
55571 0.00 0.00 0.00 0
55572 0.00 0.00 0.00 0
55573 0.00 0.00 0.00 0
55574 0.00 0.00 0.00 0
55579 0.00 0.00 0.00 0
55580 0.00 0.00 0.00 0
55589 0.00 0.00 0.00 0
55590 0.00 0.00 0.00 0
55591 0.00 0.00 0.00 0
55592 0.00 0.00 0.00 0
55604 0.00 0.00 0.00 0
55605 0.00 0.00 0.00 0
55606 0.00 0.00 0.00 0
55607 0.00 0.00 0.00 0
55608 0.00 0.00 0.00 0
55609 0.00 0.00 0.00 0
55610 0.00 0.00 0.00 0
55618 0.00 0.00 0.00 0
55619 0.00 0.00 0.00 0
55620 0.00 0.00 0.00 0
55621 0.00 0.00 0.00 0
55622 0.00 0.00 0.00 0
55623 0.00 0.00 0.00 0
55624 0.00 0.00 0.00 0
55629 0.00 0.00 0.00 0
55630 0.00 0.00 0.00 0
55631 0.00 0.00 0.00 0
55632 0.00 0.00 0.00 0
55636 0.00 0.00 0.00 0
55637 0.00 0.00 0.00 0
55638 0.00 0.00 0.00 0
55647 0.00 0.00 0.00 0
55648 0.00 0.00 0.00 0
55649 0.00 0.00 0.00 0
55650 0.00 0.00 0.00 0
55657 0.00 0.00 0.00 0
55658 0.00 0.00 0.00 0
55659 0.00 0.00 0.00 0
55660 0.00 0.00 0.00 0
55661 0.00 0.00 0.00 0
55662 0.00 0.00 0.00 0
55669 0.00 0.00 0.00 0
55670 0.00 0.00 0.00 0
55671 0.00 0.00 0.00 0
55766 0.00 0.00 0.00 0
55767 0.00 0.00 0.00 0
55780 0.00 0.00 0.00 0
55781 0.00 0.00 0.00 0
55782 0.00 0.00 0.00 0
55783 0.00 0.00 0.00 0
55784 0.00 0.00 0.00 0
55785 0.00 0.00 0.00 0
55789 0.00 0.00 0.00 0
55790 0.00 0.00 0.00 0
55791 0.00 0.00 0.00 0
55792 0.00 0.00 0.00 0
55793 0.00 0.00 0.00 0
55796 0.00 0.00 0.00 0
55797 0.00 0.00 0.00 0
55798 0.00 0.00 0.00 0
55799 0.00 0.00 0.00 0
55800 0.00 0.00 0.00 0
55801 0.00 0.00 0.00 0
55804 0.00 0.00 0.00 0
55805 0.00 0.00 0.00 0
55806 0.00 0.00 0.00 0
55809 0.00 0.00 0.00 0
55810 0.00 0.00 0.00 0
55811 0.00 0.00 0.00 0
55812 0.00 0.00 0.00 0
55813 0.00 0.00 0.00 0
55814 0.00 0.00 0.00 0
55815 0.00 0.00 0.00 0
55818 0.00 0.00 0.00 0
55819 0.00 0.00 0.00 0
55820 0.00 0.00 0.00 0
55821 0.00 0.00 0.00 0
55822 0.00 0.00 0.00 0
55823 0.00 0.00 0.00 0
55827 0.00 0.00 0.00 0
55837 0.00 0.00 0.00 0
55838 0.00 0.00 0.00 0
55839 0.00 0.00 0.00 0
55851 0.00 0.00 0.00 0
55852 0.00 0.00 0.00 0
55853 0.00 0.00 0.00 0
55854 0.00 0.00 0.00 0
55870 0.00 0.00 0.00 0
55871 0.00 0.00 0.00 0
55872 0.00 0.00 0.00 0
55873 0.00 0.00 0.00 0
55874 0.00 0.00 0.00 0
56758 0.00 0.00 0.00 0
56771 0.00 0.00 0.00 0
56772 0.00 0.00 0.00 0
56773 0.00 0.00 0.00 0
56774 0.00 0.00 0.00 0
56775 0.00 0.00 0.00 0
56776 0.00 0.00 0.00 0
56777 0.00 0.00 0.00 0
56788 0.00 0.00 0.00 0
56789 0.00 0.00 0.00 0
56790 0.00 0.00 0.00 0
56791 0.00 0.00 0.00 0
56792 0.00 0.00 0.00 0
56793 0.00 0.00 0.00 0
56794 0.00 0.00 0.00 0
56795 0.00 0.00 0.00 0
56796 0.00 0.00 0.00 0
56805 0.00 0.00 0.00 0
56809 0.00 0.00 0.00 0
56820 0.00 0.00 0.00 0
56821 0.00 0.00 0.00 0
56822 0.00 0.00 0.00 0
56823 0.00 0.00 0.00 0
56824 0.00 0.00 0.00 0
56825 0.00 0.00 0.00 0
56835 0.00 0.00 0.00 0
56836 0.00 0.00 0.00 0
56837 0.00 0.00 0.00 0
56838 0.00 0.00 0.00 0
56839 0.00 0.00 0.00 0
56840 0.00 0.00 0.00 0
56841 0.00 0.00 0.00 0
56847 0.00 0.00 0.00 0
56848 0.00 0.00 0.00 0
56849 0.00 0.00 0.00 0
56850 0.00 0.00 0.00 0
56852 0.00 0.00 0.00 0
56853 0.00 0.00 0.00 0
56854 0.00 0.00 0.00 0
56860 0.00 0.00 0.00 0
56861 0.00 0.00 0.00 0
56862 0.00 0.00 0.00 0
56863 0.00 0.00 0.00 0
56864 0.00 0.00 0.00 0
56875 0.00 0.00 0.00 0
56876 0.00 0.00 0.00 0
56877 0.00 0.00 0.00 0
56878 0.00 0.00 0.00 0
56879 0.00 0.00 0.00 0
56884 0.00 0.00 0.00 0
56885 0.00 0.00 0.00 0
56886 0.00 0.00 0.00 0
56887 0.00 0.00 0.00 0
57010 0.00 0.00 0.00 0
57011 0.00 0.00 0.00 0
57012 0.00 0.00 0.00 0
57013 0.00 0.00 0.00 0
57014 0.00 0.00 0.00 0
57016 0.00 0.00 0.00 0
57017 0.00 0.00 0.00 0
57018 0.00 0.00 0.00 0
57019 0.00 0.00 0.00 0
57020 0.00 0.00 0.00 0
57021 0.00 0.00 0.00 0
57022 0.00 0.00 0.00 0
57023 0.00 0.00 0.00 0
57025 0.00 0.00 0.00 0
57026 0.00 0.00 0.00 0
57027 0.00 0.00 0.00 0
57028 0.00 0.00 0.00 0
57029 0.00 0.00 0.00 0
57030 0.00 0.00 0.00 0
57032 0.00 0.00 0.00 0
57033 0.00 0.00 0.00 0
57034 0.00 0.00 0.00 0
57037 0.00 0.00 0.00 0
57038 0.00 0.00 0.00 0
57039 0.00 0.00 0.00 0
57040 0.00 0.00 0.00 0
57041 0.00 0.00 0.00 0
57051 0.00 0.00 0.00 0
57052 0.00 0.00 0.00 0
57053 0.00 0.00 0.00 0
57054 0.00 0.00 0.00 0
57055 0.00 0.00 0.00 0
57056 0.00 0.00 0.00 0
57057 0.00 0.00 0.00 0
57058 0.00 0.00 0.00 0
57073 0.00 0.00 0.00 0
57091 0.00 0.00 0.00 0
57092 0.00 0.00 0.00 0
57093 0.00 0.00 0.00 0
57107 0.00 0.00 0.00 0
57108 0.00 0.00 0.00 0
57109 0.00 0.00 0.00 0
57120 0.00 0.00 0.00 0
57121 0.00 0.00 0.00 0
57122 0.00 0.00 0.00 0
57123 0.00 0.00 0.00 0
57124 0.00 0.00 0.00 0
57956 0.00 0.00 0.00 0
57957 0.00 0.00 0.00 0
57958 0.00 0.00 0.00 0
57959 0.00 0.00 0.00 0
57969 0.00 0.00 0.00 0
57970 0.00 0.00 0.00 0
57971 0.00 0.00 0.00 0
57972 0.00 0.00 0.00 0
57973 0.00 0.00 0.00 0
57974 0.00 0.00 0.00 0
57975 0.00 0.00 0.00 0
57987 0.00 0.00 0.00 0
57988 0.00 0.00 0.00 0
57989 0.00 0.00 0.00 0
57990 0.00 0.00 0.00 0
57997 0.00 0.00 0.00 0
58004 0.00 0.00 0.00 0
58005 0.00 0.00 0.00 0
58006 0.00 0.00 0.00 0
58007 0.00 0.00 0.00 0
58008 0.00 0.00 0.00 0
58020 0.00 0.00 0.00 0
58021 0.00 0.00 0.00 0
58022 0.00 0.00 0.00 0
58023 0.00 0.00 0.00 0
58024 0.00 0.00 0.00 0
58025 0.00 0.00 0.00 0
58026 0.00 0.00 0.00 0
58034 0.00 0.00 0.00 0
58035 0.00 0.00 0.00 0
58036 0.00 0.00 0.00 0
58037 0.00 0.00 0.00 0
58041 0.00 0.00 0.00 0
58042 0.00 0.00 0.00 0
58043 0.00 0.00 0.00 0
58046 0.00 0.00 0.00 0
58047 0.00 0.00 0.00 0
58048 0.00 0.00 0.00 0
58049 0.00 0.00 0.00 0
58050 0.00 0.00 0.00 0
58057 0.00 0.00 0.00 0
58058 0.00 0.00 0.00 0
58059 0.00 0.00 0.00 0
58060 0.00 0.00 0.00 0
58061 0.00 0.00 0.00 0
58074 0.00 0.00 0.00 0
58075 0.00 0.00 0.00 0
58217 0.00 0.00 0.00 0
58218 0.00 0.00 0.00 0
58219 0.00 0.00 0.00 0
58220 0.00 0.00 0.00 0
58221 0.00 0.00 0.00 0
58222 0.00 0.00 0.00 0
58223 0.00 0.00 0.00 0
58224 0.00 0.00 0.00 0
58225 0.00 0.00 0.00 0
58229 0.00 0.00 0.00 0
58230 0.00 0.00 0.00 0
58231 0.00 0.00 0.00 0
58232 0.00 0.00 0.00 0
58233 0.00 0.00 0.00 0
58234 0.00 0.00 0.00 0
58235 0.00 0.00 0.00 0
58236 0.00 0.00 0.00 0
58237 0.00 0.00 0.00 0
58238 0.00 0.00 0.00 0
58239 0.00 0.00 0.00 0
58241 0.00 0.00 0.00 0
58242 0.00 0.00 0.00 0
58243 0.00 0.00 0.00 0
58244 0.00 0.00 0.00 0
58245 0.00 0.00 0.00 0
58246 0.00 0.00 0.00 0
58249 0.00 0.00 0.00 0
58250 0.00 0.00 0.00 0
58251 0.00 0.00 0.00 0
58265 0.00 0.00 0.00 0
58266 0.00 0.00 0.00 0
58281 0.00 0.00 0.00 0
58282 0.00 0.00 0.00 0
58283 0.00 0.00 0.00 0
58284 0.00 0.00 0.00 0
58285 0.00 0.00 0.00 0
58286 0.00 0.00 0.00 0
58287 0.00 0.00 0.00 0
58288 0.00 0.00 0.00 0
58289 0.00 0.00 0.00 0
58303 0.00 0.00 0.00 0
58304 0.00 0.00 0.00 0
58305 0.00 0.00 0.00 0
58306 0.00 0.00 0.00 0
58307 0.00 0.00 0.00 0
58316 0.00 0.00 0.00 0
58317 0.00 0.00 0.00 0
58318 0.00 0.00 0.00 0
58322 0.00 0.00 0.00 0
58323 0.00 0.00 0.00 0
58324 0.00 0.00 0.00 0
58333 0.00 0.00 0.00 0
58334 0.00 0.00 0.00 0
58335 0.00 0.00 0.00 0
58336 0.00 0.00 0.00 0
58337 0.00 0.00 0.00 0
58338 0.00 0.00 0.00 0
58350 0.00 0.00 0.00 0
58351 0.00 0.00 0.00 0
58352 0.00 0.00 0.00 0
59152 0.00 0.00 0.00 0
59153 0.00 0.00 0.00 0
59154 0.00 0.00 0.00 0
59155 0.00 0.00 0.00 0
59167 0.00 0.00 0.00 0
59168 0.00 0.00 0.00 0
59176 0.00 0.00 0.00 0
59186 0.00 0.00 0.00 0
59187 0.00 0.00 0.00 0
59188 0.00 0.00 0.00 0
59189 0.00 0.00 0.00 0
59190 0.00 0.00 0.00 0
59191 0.00 0.00 0.00 0
59192 0.00 0.00 0.00 0
59201 0.00 0.00 0.00 0
59202 0.00 0.00 0.00 0
59203 0.00 0.00 0.00 0
59204 0.00 0.00 0.00 0
59205 0.00 0.00 0.00 0
59210 0.00 0.00 0.00 0
59211 0.00 0.00 0.00 0
59214 0.00 0.00 0.00 0
59215 0.00 0.00 0.00 0
59216 0.00 0.00 0.00 0
59217 0.00 0.00 0.00 0
59218 0.00 0.00 0.00 0
59224 0.00 0.00 0.00 0
59225 0.00 0.00 0.00 0
59226 0.00 0.00 0.00 0
59227 0.00 0.00 0.00 0
59228 0.00 0.00 0.00 0
59239 0.00 0.00 0.00 0
59240 0.00 0.00 0.00 0
59400 0.00 0.00 0.00 0
59401 0.00 0.00 0.00 0
59402 0.00 0.00 0.00 0
59403 0.00 0.00 0.00 0
59404 0.00 0.00 0.00 0
59405 0.00 0.00 0.00 0
59406 0.00 0.00 0.00 0
59407 0.00 0.00 0.00 0
59408 0.00 0.00 0.00 0
59409 0.00 0.00 0.00 0
59414 0.00 0.00 0.00 0
59415 0.00 0.00 0.00 0
59416 0.00 0.00 0.00 0
59417 0.00 0.00 0.00 0
59418 0.00 0.00 0.00 0
59419 0.00 0.00 0.00 0
59420 0.00 0.00 0.00 0
59421 0.00 0.00 0.00 0
59431 0.00 0.00 0.00 0
59432 0.00 0.00 0.00 0
59433 0.00 0.00 0.00 0
59434 0.00 0.00 0.00 0
59435 0.00 0.00 0.00 0
59449 0.00 0.00 0.00 0
59450 0.00 0.00 0.00 0
59451 0.00 0.00 0.00 0
59467 0.00 0.00 0.00 0
59468 0.00 0.00 0.00 0
59469 0.00 0.00 0.00 0
59470 0.00 0.00 0.00 0
59477 0.00 0.00 0.00 0
59478 0.00 0.00 0.00 0
59479 0.00 0.00 0.00 0
59480 0.00 0.00 0.00 0
59481 0.00 0.00 0.00 0
59482 0.00 0.00 0.00 0
59483 0.00 0.00 0.00 0
59484 0.00 0.00 0.00 0
59485 0.00 0.00 0.00 0
59486 0.00 0.00 0.00 0
59493 0.00 0.00 0.00 0
59494 0.00 0.00 0.00 0
59495 0.00 0.00 0.00 0
59496 0.00 0.00 0.00 0
59497 0.00 0.00 0.00 0
59498 0.00 0.00 0.00 0
59499 0.00 0.00 0.00 0
59500 0.00 0.00 0.00 0
59501 0.00 0.00 0.00 0
59502 0.00 0.00 0.00 0
59507 0.00 0.00 0.00 0
59508 0.00 0.00 0.00 0
59509 0.00 0.00 0.00 0
59510 0.00 0.00 0.00 0
59511 0.00 0.00 0.00 0
59512 0.00 0.00 0.00 0
59521 0.00 0.00 0.00 0
59522 0.00 0.00 0.00 0
59523 0.00 0.00 0.00 0
59536 0.00 0.00 0.00 0
59537 0.00 0.00 0.00 0
59538 0.00 0.00 0.00 0
59539 0.00 0.00 0.00 0
59540 0.00 0.00 0.00 0
59550 0.00 0.00 0.00 0
59551 0.00 0.00 0.00 0
59552 0.00 0.00 0.00 0
59553 0.00 0.00 0.00 0
60288 0.00 0.00 0.00 0
60289 0.00 0.00 0.00 0
60290 0.00 0.00 0.00 0
60291 0.00 0.00 0.00 0
60295 0.00 0.00 0.00 0
60296 0.00 0.00 0.00 0
60297 0.00 0.00 0.00 0
60298 0.00 0.00 0.00 0
60299 0.00 0.00 0.00 0
60300 0.00 0.00 0.00 0
60301 0.00 0.00 0.00 0
60305 0.00 0.00 0.00 0
60306 0.00 0.00 0.00 0
60309 0.00 0.00 0.00 0
60310 0.00 0.00 0.00 0
60311 0.00 0.00 0.00 0
60312 0.00 0.00 0.00 0
60317 0.00 0.00 0.00 0
60318 0.00 0.00 0.00 0
60319 0.00 0.00 0.00 0
60320 0.00 0.00 0.00 0
60321 0.00 0.00 0.00 0
60322 0.00 0.00 0.00 0
60323 0.00 0.00 0.00 0
60330 0.00 0.00 0.00 0
60331 0.00 0.00 0.00 0
60332 0.00 0.00 0.00 0
60513 0.00 0.00 0.00 0
60514 0.00 0.00 0.00 0
60515 0.00 0.00 0.00 0
60516 0.00 0.00 0.00 0
60517 0.00 0.00 0.00 0
60518 0.00 0.00 0.00 0
60519 0.00 0.00 0.00 0
60520 0.00 0.00 0.00 0
60521 0.00 0.00 0.00 0
60522 0.00 0.00 0.00 0
60533 0.00 0.00 0.00 0
60534 0.00 0.00 0.00 0
60535 0.00 0.00 0.00 0
60536 0.00 0.00 0.00 0
60537 0.00 0.00 0.00 0
60538 0.00 0.00 0.00 0
60539 0.00 0.00 0.00 0
60551 0.00 0.00 0.00 0
60552 0.00 0.00 0.00 0
60553 0.00 0.00 0.00 0
60554 0.00 0.00 0.00 0
60555 0.00 0.00 0.00 0
60565 0.00 0.00 0.00 0
60566 0.00 0.00 0.00 0
60567 0.00 0.00 0.00 0
60574 0.00 0.00 0.00 0
60575 0.00 0.00 0.00 0
60576 0.00 0.00 0.00 0
60577 0.00 0.00 0.00 0
60590 0.00 0.00 0.00 0
60591 0.00 0.00 0.00 0
60592 0.00 0.00 0.00 0
60593 0.00 0.00 0.00 0
60594 0.00 0.00 0.00 0
60595 0.00 0.00 0.00 0
60611 0.00 0.00 0.00 0
60612 0.00 0.00 0.00 0
60613 0.00 0.00 0.00 0
60614 0.00 0.00 0.00 0
60615 0.00 0.00 0.00 0
60616 0.00 0.00 0.00 0
60617 0.00 0.00 0.00 0
60618 0.00 0.00 0.00 0
60619 0.00 0.00 0.00 0
60620 0.00 0.00 0.00 0
60636 0.00 0.00 0.00 0
60637 0.00 0.00 0.00 0
60638 0.00 0.00 0.00 0
60639 0.00 0.00 0.00 0
60640 0.00 0.00 0.00 0
60641 0.00 0.00 0.00 0
60642 0.00 0.00 0.00 0
60658 0.00 0.00 0.00 0
60659 0.00 0.00 0.00 0
60681 0.00 0.00 0.00 0
60682 0.00 0.00 0.00 0
60683 0.00 0.00 0.00 0
60702 0.00 0.00 0.00 0
60703 0.00 0.00 0.00 0
60704 0.00 0.00 0.00 0
61490 0.00 0.00 0.00 0
61491 0.00 0.00 0.00 0
61492 0.00 0.00 0.00 0
61493 0.00 0.00 0.00 0
61494 0.00 0.00 0.00 0
61499 0.00 0.00 0.00 0
61500 0.00 0.00 0.00 0
61505 0.00 0.00 0.00 0
61506 0.00 0.00 0.00 0
61507 0.00 0.00 0.00 0
61508 0.00 0.00 0.00 0
61509 0.00 0.00 0.00 0
61516 0.00 0.00 0.00 0
61517 0.00 0.00 0.00 0
61518 0.00 0.00 0.00 0
61519 0.00 0.00 0.00 0
61760 0.00 0.00 0.00 0
61761 0.00 0.00 0.00 0
61762 0.00 0.00 0.00 0
61763 0.00 0.00 0.00 0
61764 0.00 0.00 0.00 0
61765 0.00 0.00 0.00 0
61766 0.00 0.00 0.00 0
61767 0.00 0.00 0.00 0
61768 0.00 0.00 0.00 0
61769 0.00 0.00 0.00 0
61770 0.00 0.00 0.00 0
61771 0.00 0.00 0.00 0
61779 0.00 0.00 0.00 0
61780 0.00 0.00 0.00 0
61781 0.00 0.00 0.00 0
61782 0.00 0.00 0.00 0
61783 0.00 0.00 0.00 0
61789 0.00 0.00 0.00 0
61790 0.00 0.00 0.00 0
61791 0.00 0.00 0.00 0
61792 0.00 0.00 0.00 0
61806 0.00 0.00 0.00 0
61807 0.00 0.00 0.00 0
61824 0.00 0.00 0.00 0
61825 0.00 0.00 0.00 0
61826 0.00 0.00 0.00 0
61827 0.00 0.00 0.00 0
61847 0.00 0.00 0.00 0
61848 0.00 0.00 0.00 0
61849 0.00 0.00 0.00 0
61850 0.00 0.00 0.00 0
61863 0.00 0.00 0.00 0
61864 0.00 0.00 0.00 0
61865 0.00 0.00 0.00 0
61866 0.00 0.00 0.00 0
61867 0.00 0.00 0.00 0
61868 0.00 0.00 0.00 0
61869 0.00 0.00 0.00 0
61870 0.00 0.00 0.00 0
61871 0.00 0.00 0.00 0
61872 0.00 0.00 0.00 0
61873 0.00 0.00 0.00 0
61883 0.00 0.00 0.00 0
61884 0.00 0.00 0.00 0
61885 0.00 0.00 0.00 0
61886 0.00 0.00 0.00 0
61887 0.00 0.00 0.00 0
61888 0.00 0.00 0.00 0
61889 0.00 0.00 0.00 0
61890 0.00 0.00 0.00 0
61900 0.00 0.00 0.00 0
61901 0.00 0.00 0.00 0
61902 0.00 0.00 0.00 0
61903 0.00 0.00 0.00 0
61922 0.00 0.00 0.00 0
61923 0.00 0.00 0.00 0
61924 0.00 0.00 0.00 0
61944 0.00 0.00 0.00 0
61945 0.00 0.00 0.00 0
61946 0.00 0.00 0.00 0
61947 0.00 0.00 0.00 0
62764 0.00 0.00 0.00 0
62765 0.00 0.00 0.00 0
62772 0.00 0.00 0.00 0
62773 0.00 0.00 0.00 0
62774 0.00 0.00 0.00 0
62775 0.00 0.00 0.00 0
62776 0.00 0.00 0.00 0
62777 0.00 0.00 0.00 0
62785 0.00 0.00 0.00 0
62786 0.00 0.00 0.00 0
63013 0.00 0.00 0.00 0
63014 0.00 0.00 0.00 0
63015 0.00 0.00 0.00 0
63016 0.00 0.00 0.00 0
63017 0.00 0.00 0.00 0
63018 0.00 0.00 0.00 0
63019 0.00 0.00 0.00 0
63020 0.00 0.00 0.00 0
63026 0.00 0.00 0.00 0
63027 0.00 0.00 0.00 0
63028 0.00 0.00 0.00 0
63029 0.00 0.00 0.00 0
63030 0.00 0.00 0.00 0
63031 0.00 0.00 0.00 0
63032 0.00 0.00 0.00 0
63033 0.00 0.00 0.00 0
63034 0.00 0.00 0.00 0
63035 0.00 0.00 0.00 0
63036 0.00 0.00 0.00 0
63037 0.00 0.00 0.00 0
63038 0.00 0.00 0.00 0
63039 0.00 0.00 0.00 0
63047 0.00 0.00 0.00 0
63048 0.00 0.00 0.00 0
63049 0.00 0.00 0.00 0
63050 0.00 0.00 0.00 0
63058 0.00 0.00 0.00 0
63059 0.00 0.00 0.00 0
63060 0.00 0.00 0.00 0
63061 0.00 0.00 0.00 0
63074 0.00 0.00 0.00 0
63075 0.00 0.00 0.00 0
63076 0.00 0.00 0.00 0
63077 0.00 0.00 0.00 0
63090 0.00 0.00 0.00 0
63091 0.00 0.00 0.00 0
63092 0.00 0.00 0.00 0
63093 0.00 0.00 0.00 0
63094 0.00 0.00 0.00 0
63095 0.00 0.00 0.00 0
63113 0.00 0.00 0.00 0
63114 0.00 0.00 0.00 0
63115 0.00 0.00 0.00 0
63116 0.00 0.00 0.00 0
63117 0.00 0.00 0.00 0
63118 0.00 0.00 0.00 0
63119 0.00 0.00 0.00 0
63138 0.00 0.00 0.00 0
63139 0.00 0.00 0.00 0
63140 0.00 0.00 0.00 0
63141 0.00 0.00 0.00 0
63142 0.00 0.00 0.00 0
63143 0.00 0.00 0.00 0
63144 0.00 0.00 0.00 0
63145 0.00 0.00 0.00 0
63146 0.00 0.00 0.00 0
63147 0.00 0.00 0.00 0
63148 0.00 0.00 0.00 0
63155 0.00 0.00 0.00 0
63157 0.00 0.00 0.00 0
63158 0.00 0.00 0.00 0
63159 0.00 0.00 0.00 0
63160 0.00 0.00 0.00 0
63161 0.00 0.00 0.00 0
63162 0.00 0.00 0.00 0
63169 0.00 0.00 0.00 0
63170 0.00 0.00 0.00 0
63171 0.00 0.00 0.00 0
63172 0.00 0.00 0.00 0
63188 0.00 0.00 0.00 0
63189 0.00 0.00 0.00 0
63211 0.00 0.00 0.00 0
64000 0.00 0.00 0.00 0
64001 0.00 0.00 0.00 0
64014 0.00 0.00 0.00 0
64015 0.00 0.00 0.00 0
64016 0.00 0.00 0.00 0
64017 0.00 0.00 0.00 0
64018 0.00 0.00 0.00 0
64260 0.00 0.00 0.00 0
64261 0.00 0.00 0.00 0
64262 0.00 0.00 0.00 0
64263 0.00 0.00 0.00 0
64264 0.00 0.00 0.00 0
64270 0.00 0.00 0.00 0
64271 0.00 0.00 0.00 0
64272 0.00 0.00 0.00 0
64273 0.00 0.00 0.00 0
64274 0.00 0.00 0.00 0
64275 0.00 0.00 0.00 0
64276 0.00 0.00 0.00 0
64277 0.00 0.00 0.00 0
64278 0.00 0.00 0.00 0
64279 0.00 0.00 0.00 0
64287 0.00 0.00 0.00 0
64288 0.00 0.00 0.00 0
64289 0.00 0.00 0.00 0
64290 0.00 0.00 0.00 0
64291 0.00 0.00 0.00 0
64301 0.00 0.00 0.00 0
64311 0.00 0.00 0.00 0
64312 0.00 0.00 0.00 0
64322 0.00 0.00 0.00 0
64323 0.00 0.00 0.00 0
64334 0.00 0.00 0.00 0
64335 0.00 0.00 0.00 0
64336 0.00 0.00 0.00 0
64357 0.00 0.00 0.00 0
64358 0.00 0.00 0.00 0
64359 0.00 0.00 0.00 0
64382 0.00 0.00 0.00 0
64383 0.00 0.00 0.00 0
64384 0.00 0.00 0.00 0
64408 0.00 0.00 0.00 0
64409 0.00 0.00 0.00 0
64429 0.00 0.00 0.00 0
64430 0.00 0.00 0.00 0
64450 0.00 0.00 0.00 0
64451 0.00 0.00 0.00 0
65365 0.00 0.00 0.00 0
65366 0.00 0.00 0.00 0
65383 0.00 0.00 0.00 0
65384 0.00 0.00 0.00 0
65385 0.00 0.00 0.00 0
65622 0.00 0.00 0.00 0
65623 0.00 0.00 0.00 0
65624 0.00 0.00 0.00 0
65625 0.00 0.00 0.00 0
65633 0.00 0.00 0.00 0
65634 0.00 0.00 0.00 0
65635 0.00 0.00 0.00 0
65636 0.00 0.00 0.00 0
65637 0.00 0.00 0.00 0
65649 0.00 0.00 0.00 0
65650 0.00 0.00 0.00 0
65651 0.00 0.00 0.00 0
65652 0.00 0.00 0.00 0
65653 0.00 0.00 0.00 0
65654 0.00 0.00 0.00 0
65668 0.00 0.00 0.00 0
65669 0.00 0.00 0.00 0
65670 0.00 0.00 0.00 0
65671 0.00 0.00 0.00 0
65672 0.00 0.00 0.00 0
65673 0.00 0.00 0.00 0
65674 0.00 0.00 0.00 0
65685 0.00 0.00 0.00 0
65686 0.00 0.00 0.00 0
65687 0.00 0.00 0.00 0
65688 0.00 0.00 0.00 0
65689 0.00 0.00 0.00 0
65736 0.00 0.00 0.00 0
65752 0.00 0.00 0.00 0
65753 0.00 0.00 0.00 0
65768 0.00 0.00 0.00 0
66654 0.00 0.00 0.00 0
66926 0.00 0.00 0.00 0
66940 0.00 0.00 0.00 0
66941 0.00 0.00 0.00 0
154427 0.00 0.00 0.00 0
154428 0.00 0.00 0.00 0
154429 0.00 0.00 0.00 0
154430 0.00 0.00 0.00 0
154431 0.00 0.00 0.00 0
154432 0.00 0.00 0.00 0
154433 0.00 0.00 0.00 0
154434 0.00 0.00 0.00 0
154435 0.00 0.00 0.00 0
154436 0.00 0.00 0.00 0
154437 0.00 0.00 0.00 0
154438 0.00 0.00 0.00 0
154439 0.00 0.00 0.00 0
