# medialorbitofrontal
3683
108689 0.00 0.00 0.00 0
108690 0.00 0.00 0.00 0
108691 0.00 0.00 0.00 0
108711 0.00 0.00 0.00 0
108712 0.00 0.00 0.00 0
108713 0.00 0.00 0.00 0
108714 0.00 0.00 0.00 0
108731 0.00 0.00 0.00 0
108732 0.00 0.00 0.00 0
108733 0.00 0.00 0.00 0
109649 0.00 0.00 0.00 0
109650 0.00 0.00 0.00 0
109651 0.00 0.00 0.00 0
109652 0.00 0.00 0.00 0
109653 0.00 0.00 0.00 0
109654 0.00 0.00 0.00 0
109655 0.00 0.00 0.00 0
109656 0.00 0.00 0.00 0
109657 0.00 0.00 0.00 0
109676 0.00 0.00 0.00 0
109677 0.00 0.00 0.00 0
109678 0.00 0.00 0.00 0
109679 0.00 0.00 0.00 0
109680 0.00 0.00 0.00 0
109681 0.00 0.00 0.00 0
109682 0.00 0.00 0.00 0
109683 0.00 0.00 0.00 0
109684 0.00 0.00 0.00 0
109685 0.00 0.00 0.00 0
109686 0.00 0.00 0.00 0
109687 0.00 0.00 0.00 0
109688 0.00 0.00 0.00 0
109689 0.00 0.00 0.00 0
109712 0.00 0.00 0.00 0
109713 0.00 0.00 0.00 0
109714 0.00 0.00 0.00 0
109715 0.00 0.00 0.00 0
109716 0.00 0.00 0.00 0
109717 0.00 0.00 0.00 0
109718 0.00 0.00 0.00 0
109719 0.00 0.00 0.00 0
109734 0.00 0.00 0.00 0
109735 0.00 0.00 0.00 0
109736 0.00 0.00 0.00 0
109737 0.00 0.00 0.00 0
109738 0.00 0.00 0.00 0
109739 0.00 0.00 0.00 0
109756 0.00 0.00 0.00 0
109757 0.00 0.00 0.00 0
109758 0.00 0.00 0.00 0
109776 0.00 0.00 0.00 0
109777 0.00 0.00 0.00 0
109778 0.00 0.00 0.00 0
110707 0.00 0.00 0.00 0
110708 0.00 0.00 0.00 0
110709 0.00 0.00 0.00 0
110710 0.00 0.00 0.00 0
110711 0.00 0.00 0.00 0
110712 0.00 0.00 0.00 0
110726 0.00 0.00 0.00 0
110727 0.00 0.00 0.00 0
110728 0.00 0.00 0.00 0
110729 0.00 0.00 0.00 0
110730 0.00 0.00 0.00 0
110731 0.00 0.00 0.00 0
110732 0.00 0.00 0.00 0
110733 0.00 0.00 0.00 0
110734 0.00 0.00 0.00 0
110735 0.00 0.00 0.00 0
110736 0.00 0.00 0.00 0
110737 0.00 0.00 0.00 0
110738 0.00 0.00 0.00 0
110739 0.00 0.00 0.00 0
110740 0.00 0.00 0.00 0
110741 0.00 0.00 0.00 0
110742 0.00 0.00 0.00 0
110743 0.00 0.00 0.00 0
110744 0.00 0.00 0.00 0
110745 0.00 0.00 0.00 0
110757 0.00 0.00 0.00 0
110758 0.00 0.00 0.00 0
110759 0.00 0.00 0.00 0
110760 0.00 0.00 0.00 0
110761 0.00 0.00 0.00 0
110762 0.00 0.00 0.00 0
110763 0.00 0.00 0.00 0
110764 0.00 0.00 0.00 0
110765 0.00 0.00 0.00 0
110766 0.00 0.00 0.00 0
110767 0.00 0.00 0.00 0
110768 0.00 0.00 0.00 0
110769 0.00 0.00 0.00 0
110781 0.00 0.00 0.00 0
110782 0.00 0.00 0.00 0
110783 0.00 0.00 0.00 0
110784 0.00 0.00 0.00 0
110785 0.00 0.00 0.00 0
110786 0.00 0.00 0.00 0
110787 0.00 0.00 0.00 0
110799 0.00 0.00 0.00 0
110800 0.00 0.00 0.00 0
110801 0.00 0.00 0.00 0
110802 0.00 0.00 0.00 0
110803 0.00 0.00 0.00 0
110804 0.00 0.00 0.00 0
110813 0.00 0.00 0.00 0
110814 0.00 0.00 0.00 0
110815 0.00 0.00 0.00 0
110833 0.00 0.00 0.00 0
110834 0.00 0.00 0.00 0
110835 0.00 0.00 0.00 0
110836 0.00 0.00 0.00 0
110853 0.00 0.00 0.00 0
110854 0.00 0.00 0.00 0
111748 0.00 0.00 0.00 0
111749 0.00 0.00 0.00 0
111750 0.00 0.00 0.00 0
111751 0.00 0.00 0.00 0
111752 0.00 0.00 0.00 0
111753 0.00 0.00 0.00 0
111754 0.00 0.00 0.00 0
111755 0.00 0.00 0.00 0
111756 0.00 0.00 0.00 0
111767 0.00 0.00 0.00 0
111768 0.00 0.00 0.00 0
111769 0.00 0.00 0.00 0
111770 0.00 0.00 0.00 0
111771 0.00 0.00 0.00 0
111772 0.00 0.00 0.00 0
111773 0.00 0.00 0.00 0
111774 0.00 0.00 0.00 0
111775 0.00 0.00 0.00 0
111776 0.00 0.00 0.00 0
111777 0.00 0.00 0.00 0
111778 0.00 0.00 0.00 0
111779 0.00 0.00 0.00 0
111780 0.00 0.00 0.00 0
111781 0.00 0.00 0.00 0
111782 0.00 0.00 0.00 0
111783 0.00 0.00 0.00 0
111784 0.00 0.00 0.00 0
111785 0.00 0.00 0.00 0
111797 0.00 0.00 0.00 0
111798 0.00 0.00 0.00 0
111799 0.00 0.00 0.00 0
111800 0.00 0.00 0.00 0
111801 0.00 0.00 0.00 0
111812 0.00 0.00 0.00 0
111813 0.00 0.00 0.00 0
111823 0.00 0.00 0.00 0
111824 0.00 0.00 0.00 0
111825 0.00 0.00 0.00 0
111826 0.00 0.00 0.00 0
111837 0.00 0.00 0.00 0
111838 0.00 0.00 0.00 0
111839 0.00 0.00 0.00 0
111840 0.00 0.00 0.00 0
111860 0.00 0.00 0.00 0
111861 0.00 0.00 0.00 0
111862 0.00 0.00 0.00 0
112792 0.00 0.00 0.00 0
112793 0.00 0.00 0.00 0
112794 0.00 0.00 0.00 0
112803 0.00 0.00 0.00 0
112804 0.00 0.00 0.00 0
112805 0.00 0.00 0.00 0
112806 0.00 0.00 0.00 0
112807 0.00 0.00 0.00 0
112808 0.00 0.00 0.00 0
112809 0.00 0.00 0.00 0
112810 0.00 0.00 0.00 0
112811 0.00 0.00 0.00 0
112817 0.00 0.00 0.00 0
112818 0.00 0.00 0.00 0
112819 0.00 0.00 0.00 0
112820 0.00 0.00 0.00 0
112821 0.00 0.00 0.00 0
112822 0.00 0.00 0.00 0
112823 0.00 0.00 0.00 0
112824 0.00 0.00 0.00 0
112825 0.00 0.00 0.00 0
112826 0.00 0.00 0.00 0
112827 0.00 0.00 0.00 0
112828 0.00 0.00 0.00 0
112829 0.00 0.00 0.00 0
112830 0.00 0.00 0.00 0
112831 0.00 0.00 0.00 0
112832 0.00 0.00 0.00 0
112833 0.00 0.00 0.00 0
112841 0.00 0.00 0.00 0
112842 0.00 0.00 0.00 0
112843 0.00 0.00 0.00 0
112844 0.00 0.00 0.00 0
112845 0.00 0.00 0.00 0
112846 0.00 0.00 0.00 0
112857 0.00 0.00 0.00 0
112858 0.00 0.00 0.00 0
112859 0.00 0.00 0.00 0
112860 0.00 0.00 0.00 0
112870 0.00 0.00 0.00 0
112871 0.00 0.00 0.00 0
112872 0.00 0.00 0.00 0
112873 0.00 0.00 0.00 0
112882 0.00 0.00 0.00 0
112883 0.00 0.00 0.00 0
112903 0.00 0.00 0.00 0
112904 0.00 0.00 0.00 0
112905 0.00 0.00 0.00 0
112924 0.00 0.00 0.00 0
112925 0.00 0.00 0.00 0
112926 0.00 0.00 0.00 0
113938 0.00 0.00 0.00 0
113946 0.00 0.00 0.00 0
113947 0.00 0.00 0.00 0
113948 0.00 0.00 0.00 0
113955 0.00 0.00 0.00 0
113956 0.00 0.00 0.00 0
113957 0.00 0.00 0.00 0
113958 0.00 0.00 0.00 0
113959 0.00 0.00 0.00 0
113960 0.00 0.00 0.00 0
113961 0.00 0.00 0.00 0
113965 0.00 0.00 0.00 0
113966 0.00 0.00 0.00 0
113967 0.00 0.00 0.00 0
113968 0.00 0.00 0.00 0
113969 0.00 0.00 0.00 0
113970 0.00 0.00 0.00 0
113971 0.00 0.00 0.00 0
113972 0.00 0.00 0.00 0
113973 0.00 0.00 0.00 0
113974 0.00 0.00 0.00 0
113975 0.00 0.00 0.00 0
113976 0.00 0.00 0.00 0
113977 0.00 0.00 0.00 0
113978 0.00 0.00 0.00 0
113979 0.00 0.00 0.00 0
113980 0.00 0.00 0.00 0
113981 0.00 0.00 0.00 0
113982 0.00 0.00 0.00 0
113983 0.00 0.00 0.00 0
113984 0.00 0.00 0.00 0
113985 0.00 0.00 0.00 0
113986 0.00 0.00 0.00 0
113987 0.00 0.00 0.00 0
113988 0.00 0.00 0.00 0
113994 0.00 0.00 0.00 0
113995 0.00 0.00 0.00 0
113996 0.00 0.00 0.00 0
113997 0.00 0.00 0.00 0
113998 0.00 0.00 0.00 0
113999 0.00 0.00 0.00 0
114000 0.00 0.00 0.00 0
114001 0.00 0.00 0.00 0
114002 0.00 0.00 0.00 0
114003 0.00 0.00 0.00 0
114004 0.00 0.00 0.00 0
114010 0.00 0.00 0.00 0
114011 0.00 0.00 0.00 0
114012 0.00 0.00 0.00 0
114013 0.00 0.00 0.00 0
114023 0.00 0.00 0.00 0
114024 0.00 0.00 0.00 0
114036 0.00 0.00 0.00 0
114052 0.00 0.00 0.00 0
114073 0.00 0.00 0.00 0
114074 0.00 0.00 0.00 0
114075 0.00 0.00 0.00 0
114076 0.00 0.00 0.00 0
114087 0.00 0.00 0.00 0
114088 0.00 0.00 0.00 0
114089 0.00 0.00 0.00 0
114090 0.00 0.00 0.00 0
114106 0.00 0.00 0.00 0
114107 0.00 0.00 0.00 0
114108 0.00 0.00 0.00 0
114109 0.00 0.00 0.00 0
114122 0.00 0.00 0.00 0
114123 0.00 0.00 0.00 0
114124 0.00 0.00 0.00 0
114146 0.00 0.00 0.00 0
114147 0.00 0.00 0.00 0
114153 0.00 0.00 0.00 0
114154 0.00 0.00 0.00 0
114162 0.00 0.00 0.00 0
114163 0.00 0.00 0.00 0
115022 0.00 0.00 0.00 0
115023 0.00 0.00 0.00 0
115031 0.00 0.00 0.00 0
115032 0.00 0.00 0.00 0
115039 0.00 0.00 0.00 0
115040 0.00 0.00 0.00 0
115046 0.00 0.00 0.00 0
115047 0.00 0.00 0.00 0
115048 0.00 0.00 0.00 0
115052 0.00 0.00 0.00 0
115053 0.00 0.00 0.00 0
115054 0.00 0.00 0.00 0
115055 0.00 0.00 0.00 0
115056 0.00 0.00 0.00 0
115057 0.00 0.00 0.00 0
115058 0.00 0.00 0.00 0
115059 0.00 0.00 0.00 0
115060 0.00 0.00 0.00 0
115061 0.00 0.00 0.00 0
115062 0.00 0.00 0.00 0
115063 0.00 0.00 0.00 0
115064 0.00 0.00 0.00 0
115065 0.00 0.00 0.00 0
115066 0.00 0.00 0.00 0
115067 0.00 0.00 0.00 0
115068 0.00 0.00 0.00 0
115069 0.00 0.00 0.00 0
115070 0.00 0.00 0.00 0
115071 0.00 0.00 0.00 0
115077 0.00 0.00 0.00 0
115078 0.00 0.00 0.00 0
115079 0.00 0.00 0.00 0
115080 0.00 0.00 0.00 0
115081 0.00 0.00 0.00 0
115082 0.00 0.00 0.00 0
115083 0.00 0.00 0.00 0
115084 0.00 0.00 0.00 0
115085 0.00 0.00 0.00 0
115086 0.00 0.00 0.00 0
115087 0.00 0.00 0.00 0
115088 0.00 0.00 0.00 0
115089 0.00 0.00 0.00 0
115090 0.00 0.00 0.00 0
115091 0.00 0.00 0.00 0
115092 0.00 0.00 0.00 0
115093 0.00 0.00 0.00 0
115094 0.00 0.00 0.00 0
115100 0.00 0.00 0.00 0
115101 0.00 0.00 0.00 0
115108 0.00 0.00 0.00 0
115109 0.00 0.00 0.00 0
115118 0.00 0.00 0.00 0
115119 0.00 0.00 0.00 0
115133 0.00 0.00 0.00 0
115134 0.00 0.00 0.00 0
115135 0.00 0.00 0.00 0
115154 0.00 0.00 0.00 0
115155 0.00 0.00 0.00 0
115156 0.00 0.00 0.00 0
115168 0.00 0.00 0.00 0
115169 0.00 0.00 0.00 0
115189 0.00 0.00 0.00 0
115190 0.00 0.00 0.00 0
115206 0.00 0.00 0.00 0
115207 0.00 0.00 0.00 0
115208 0.00 0.00 0.00 0
115221 0.00 0.00 0.00 0
115222 0.00 0.00 0.00 0
115223 0.00 0.00 0.00 0
115224 0.00 0.00 0.00 0
115240 0.00 0.00 0.00 0
115241 0.00 0.00 0.00 0
115242 0.00 0.00 0.00 0
115243 0.00 0.00 0.00 0
115244 0.00 0.00 0.00 0
115253 0.00 0.00 0.00 0
115254 0.00 0.00 0.00 0
115255 0.00 0.00 0.00 0
115265 0.00 0.00 0.00 0
115266 0.00 0.00 0.00 0
116075 0.00 0.00 0.00 0
116081 0.00 0.00 0.00 0
116082 0.00 0.00 0.00 0
116091 0.00 0.00 0.00 0
116092 0.00 0.00 0.00 0
116099 0.00 0.00 0.00 0
116100 0.00 0.00 0.00 0
116106 0.00 0.00 0.00 0
116107 0.00 0.00 0.00 0
116108 0.00 0.00 0.00 0
116109 0.00 0.00 0.00 0
116110 0.00 0.00 0.00 0
116114 0.00 0.00 0.00 0
116115 0.00 0.00 0.00 0
116116 0.00 0.00 0.00 0
116117 0.00 0.00 0.00 0
116118 0.00 0.00 0.00 0
116119 0.00 0.00 0.00 0
116120 0.00 0.00 0.00 0
116121 0.00 0.00 0.00 0
116122 0.00 0.00 0.00 0
116123 0.00 0.00 0.00 0
116125 0.00 0.00 0.00 0
116126 0.00 0.00 0.00 0
116131 0.00 0.00 0.00 0
116132 0.00 0.00 0.00 0
116133 0.00 0.00 0.00 0
116134 0.00 0.00 0.00 0
116135 0.00 0.00 0.00 0
116136 0.00 0.00 0.00 0
116137 0.00 0.00 0.00 0
116138 0.00 0.00 0.00 0
116139 0.00 0.00 0.00 0
116140 0.00 0.00 0.00 0
116141 0.00 0.00 0.00 0
116142 0.00 0.00 0.00 0
116143 0.00 0.00 0.00 0
116144 0.00 0.00 0.00 0
116145 0.00 0.00 0.00 0
116146 0.00 0.00 0.00 0
116147 0.00 0.00 0.00 0
116148 0.00 0.00 0.00 0
116154 0.00 0.00 0.00 0
116155 0.00 0.00 0.00 0
116156 0.00 0.00 0.00 0
116157 0.00 0.00 0.00 0
116158 0.00 0.00 0.00 0
116159 0.00 0.00 0.00 0
116160 0.00 0.00 0.00 0
116161 0.00 0.00 0.00 0
116162 0.00 0.00 0.00 0
116163 0.00 0.00 0.00 0
116164 0.00 0.00 0.00 0
116171 0.00 0.00 0.00 0
116172 0.00 0.00 0.00 0
116173 0.00 0.00 0.00 0
116183 0.00 0.00 0.00 0
116184 0.00 0.00 0.00 0
116185 0.00 0.00 0.00 0
116201 0.00 0.00 0.00 0
116202 0.00 0.00 0.00 0
116223 0.00 0.00 0.00 0
116267 0.00 0.00 0.00 0
116285 0.00 0.00 0.00 0
116286 0.00 0.00 0.00 0
116287 0.00 0.00 0.00 0
116288 0.00 0.00 0.00 0
116301 0.00 0.00 0.00 0
116302 0.00 0.00 0.00 0
116303 0.00 0.00 0.00 0
116304 0.00 0.00 0.00 0
117123 0.00 0.00 0.00 0
117129 0.00 0.00 0.00 0
117130 0.00 0.00 0.00 0
117137 0.00 0.00 0.00 0
117138 0.00 0.00 0.00 0
117148 0.00 0.00 0.00 0
117149 0.00 0.00 0.00 0
117156 0.00 0.00 0.00 0
117157 0.00 0.00 0.00 0
117166 0.00 0.00 0.00 0
117167 0.00 0.00 0.00 0
117168 0.00 0.00 0.00 0
117169 0.00 0.00 0.00 0
117170 0.00 0.00 0.00 0
117171 0.00 0.00 0.00 0
117172 0.00 0.00 0.00 0
117176 0.00 0.00 0.00 0
117177 0.00 0.00 0.00 0
117178 0.00 0.00 0.00 0
117179 0.00 0.00 0.00 0
117180 0.00 0.00 0.00 0
117181 0.00 0.00 0.00 0
117182 0.00 0.00 0.00 0
117183 0.00 0.00 0.00 0
117184 0.00 0.00 0.00 0
117187 0.00 0.00 0.00 0
117192 0.00 0.00 0.00 0
117193 0.00 0.00 0.00 0
117194 0.00 0.00 0.00 0
117195 0.00 0.00 0.00 0
117196 0.00 0.00 0.00 0
117197 0.00 0.00 0.00 0
117198 0.00 0.00 0.00 0
117199 0.00 0.00 0.00 0
117200 0.00 0.00 0.00 0
117201 0.00 0.00 0.00 0
117202 0.00 0.00 0.00 0
117203 0.00 0.00 0.00 0
117209 0.00 0.00 0.00 0
117210 0.00 0.00 0.00 0
117211 0.00 0.00 0.00 0
117212 0.00 0.00 0.00 0
117213 0.00 0.00 0.00 0
117214 0.00 0.00 0.00 0
117215 0.00 0.00 0.00 0
117216 0.00 0.00 0.00 0
117217 0.00 0.00 0.00 0
117218 0.00 0.00 0.00 0
117219 0.00 0.00 0.00 0
117220 0.00 0.00 0.00 0
117221 0.00 0.00 0.00 0
117222 0.00 0.00 0.00 0
117227 0.00 0.00 0.00 0
117228 0.00 0.00 0.00 0
117241 0.00 0.00 0.00 0
117258 0.00 0.00 0.00 0
117259 0.00 0.00 0.00 0
117272 0.00 0.00 0.00 0
117337 0.00 0.00 0.00 0
117338 0.00 0.00 0.00 0
117339 0.00 0.00 0.00 0
117340 0.00 0.00 0.00 0
117352 0.00 0.00 0.00 0
117353 0.00 0.00 0.00 0
117354 0.00 0.00 0.00 0
117355 0.00 0.00 0.00 0
117356 0.00 0.00 0.00 0
117364 0.00 0.00 0.00 0
118110 0.00 0.00 0.00 0
118114 0.00 0.00 0.00 0
118121 0.00 0.00 0.00 0
118127 0.00 0.00 0.00 0
118134 0.00 0.00 0.00 0
118144 0.00 0.00 0.00 0
118145 0.00 0.00 0.00 0
118153 0.00 0.00 0.00 0
118154 0.00 0.00 0.00 0
118164 0.00 0.00 0.00 0
118165 0.00 0.00 0.00 0
118166 0.00 0.00 0.00 0
118170 0.00 0.00 0.00 0
118176 0.00 0.00 0.00 0
118177 0.00 0.00 0.00 0
118178 0.00 0.00 0.00 0
118179 0.00 0.00 0.00 0
118180 0.00 0.00 0.00 0
118181 0.00 0.00 0.00 0
118182 0.00 0.00 0.00 0
118183 0.00 0.00 0.00 0
118192 0.00 0.00 0.00 0
118193 0.00 0.00 0.00 0
118194 0.00 0.00 0.00 0
118195 0.00 0.00 0.00 0
118196 0.00 0.00 0.00 0
118197 0.00 0.00 0.00 0
118198 0.00 0.00 0.00 0
118199 0.00 0.00 0.00 0
118208 0.00 0.00 0.00 0
118209 0.00 0.00 0.00 0
118210 0.00 0.00 0.00 0
118211 0.00 0.00 0.00 0
118212 0.00 0.00 0.00 0
118213 0.00 0.00 0.00 0
118214 0.00 0.00 0.00 0
118215 0.00 0.00 0.00 0
118216 0.00 0.00 0.00 0
118217 0.00 0.00 0.00 0
118218 0.00 0.00 0.00 0
118219 0.00 0.00 0.00 0
118220 0.00 0.00 0.00 0
118350 0.00 0.00 0.00 0
118351 0.00 0.00 0.00 0
118363 0.00 0.00 0.00 0
118364 0.00 0.00 0.00 0
118365 0.00 0.00 0.00 0
118366 0.00 0.00 0.00 0
118367 0.00 0.00 0.00 0
118379 0.00 0.00 0.00 0
118380 0.00 0.00 0.00 0
119110 0.00 0.00 0.00 0
119113 0.00 0.00 0.00 0
119114 0.00 0.00 0.00 0
119118 0.00 0.00 0.00 0
119119 0.00 0.00 0.00 0
119125 0.00 0.00 0.00 0
119130 0.00 0.00 0.00 0
119136 0.00 0.00 0.00 0
119142 0.00 0.00 0.00 0
119143 0.00 0.00 0.00 0
119144 0.00 0.00 0.00 0
119151 0.00 0.00 0.00 0
119152 0.00 0.00 0.00 0
119161 0.00 0.00 0.00 0
119162 0.00 0.00 0.00 0
119163 0.00 0.00 0.00 0
119169 0.00 0.00 0.00 0
119175 0.00 0.00 0.00 0
119176 0.00 0.00 0.00 0
119177 0.00 0.00 0.00 0
119178 0.00 0.00 0.00 0
119179 0.00 0.00 0.00 0
119180 0.00 0.00 0.00 0
119181 0.00 0.00 0.00 0
119182 0.00 0.00 0.00 0
119194 0.00 0.00 0.00 0
119195 0.00 0.00 0.00 0
119196 0.00 0.00 0.00 0
119197 0.00 0.00 0.00 0
119198 0.00 0.00 0.00 0
119199 0.00 0.00 0.00 0
119200 0.00 0.00 0.00 0
119201 0.00 0.00 0.00 0
119202 0.00 0.00 0.00 0
119212 0.00 0.00 0.00 0
119213 0.00 0.00 0.00 0
119214 0.00 0.00 0.00 0
119215 0.00 0.00 0.00 0
119216 0.00 0.00 0.00 0
119217 0.00 0.00 0.00 0
119218 0.00 0.00 0.00 0
119219 0.00 0.00 0.00 0
119220 0.00 0.00 0.00 0
119221 0.00 0.00 0.00 0
119222 0.00 0.00 0.00 0
119223 0.00 0.00 0.00 0
119330 0.00 0.00 0.00 0
119331 0.00 0.00 0.00 0
119343 0.00 0.00 0.00 0
119344 0.00 0.00 0.00 0
119345 0.00 0.00 0.00 0
119346 0.00 0.00 0.00 0
119354 0.00 0.00 0.00 0
120056 0.00 0.00 0.00 0
120060 0.00 0.00 0.00 0
120064 0.00 0.00 0.00 0
120065 0.00 0.00 0.00 0
120069 0.00 0.00 0.00 0
120070 0.00 0.00 0.00 0
120073 0.00 0.00 0.00 0
120074 0.00 0.00 0.00 0
120079 0.00 0.00 0.00 0
120080 0.00 0.00 0.00 0
120086 0.00 0.00 0.00 0
120087 0.00 0.00 0.00 0
120094 0.00 0.00 0.00 0
120095 0.00 0.00 0.00 0
120102 0.00 0.00 0.00 0
120103 0.00 0.00 0.00 0
120104 0.00 0.00 0.00 0
120112 0.00 0.00 0.00 0
120113 0.00 0.00 0.00 0
120121 0.00 0.00 0.00 0
120122 0.00 0.00 0.00 0
120123 0.00 0.00 0.00 0
120132 0.00 0.00 0.00 0
120133 0.00 0.00 0.00 0
120134 0.00 0.00 0.00 0
120135 0.00 0.00 0.00 0
120150 0.00 0.00 0.00 0
120151 0.00 0.00 0.00 0
120152 0.00 0.00 0.00 0
120153 0.00 0.00 0.00 0
120154 0.00 0.00 0.00 0
120155 0.00 0.00 0.00 0
120156 0.00 0.00 0.00 0
120164 0.00 0.00 0.00 0
120165 0.00 0.00 0.00 0
120166 0.00 0.00 0.00 0
120167 0.00 0.00 0.00 0
120168 0.00 0.00 0.00 0
120169 0.00 0.00 0.00 0
120170 0.00 0.00 0.00 0
120171 0.00 0.00 0.00 0
120172 0.00 0.00 0.00 0
120173 0.00 0.00 0.00 0
120174 0.00 0.00 0.00 0
120175 0.00 0.00 0.00 0
120176 0.00 0.00 0.00 0
120177 0.00 0.00 0.00 0
120178 0.00 0.00 0.00 0
120181 0.00 0.00 0.00 0
120182 0.00 0.00 0.00 0
120183 0.00 0.00 0.00 0
120184 0.00 0.00 0.00 0
120185 0.00 0.00 0.00 0
120186 0.00 0.00 0.00 0
120301 0.00 0.00 0.00 0
120302 0.00 0.00 0.00 0
120303 0.00 0.00 0.00 0
120995 0.00 0.00 0.00 0
121001 0.00 0.00 0.00 0
121002 0.00 0.00 0.00 0
121003 0.00 0.00 0.00 0
121008 0.00 0.00 0.00 0
121009 0.00 0.00 0.00 0
121010 0.00 0.00 0.00 0
121015 0.00 0.00 0.00 0
121018 0.00 0.00 0.00 0
121023 0.00 0.00 0.00 0
121024 0.00 0.00 0.00 0
121032 0.00 0.00 0.00 0
121033 0.00 0.00 0.00 0
121040 0.00 0.00 0.00 0
121041 0.00 0.00 0.00 0
121047 0.00 0.00 0.00 0
121048 0.00 0.00 0.00 0
121056 0.00 0.00 0.00 0
121057 0.00 0.00 0.00 0
121065 0.00 0.00 0.00 0
121066 0.00 0.00 0.00 0
121075 0.00 0.00 0.00 0
121089 0.00 0.00 0.00 0
121090 0.00 0.00 0.00 0
121091 0.00 0.00 0.00 0
121092 0.00 0.00 0.00 0
121093 0.00 0.00 0.00 0
121094 0.00 0.00 0.00 0
121100 0.00 0.00 0.00 0
121101 0.00 0.00 0.00 0
121102 0.00 0.00 0.00 0
121103 0.00 0.00 0.00 0
121104 0.00 0.00 0.00 0
121105 0.00 0.00 0.00 0
121106 0.00 0.00 0.00 0
121107 0.00 0.00 0.00 0
121108 0.00 0.00 0.00 0
121109 0.00 0.00 0.00 0
121110 0.00 0.00 0.00 0
121111 0.00 0.00 0.00 0
121112 0.00 0.00 0.00 0
121113 0.00 0.00 0.00 0
121114 0.00 0.00 0.00 0
121120 0.00 0.00 0.00 0
121121 0.00 0.00 0.00 0
121122 0.00 0.00 0.00 0
121123 0.00 0.00 0.00 0
121124 0.00 0.00 0.00 0
121125 0.00 0.00 0.00 0
121126 0.00 0.00 0.00 0
121127 0.00 0.00 0.00 0
121128 0.00 0.00 0.00 0
121129 0.00 0.00 0.00 0
121134 0.00 0.00 0.00 0
121135 0.00 0.00 0.00 0
121221 0.00 0.00 0.00 0
121222 0.00 0.00 0.00 0
121223 0.00 0.00 0.00 0
121977 0.00 0.00 0.00 0
121981 0.00 0.00 0.00 0
121982 0.00 0.00 0.00 0
121986 0.00 0.00 0.00 0
121991 0.00 0.00 0.00 0
121997 0.00 0.00 0.00 0
121998 0.00 0.00 0.00 0
122004 0.00 0.00 0.00 0
122005 0.00 0.00 0.00 0
122012 0.00 0.00 0.00 0
122013 0.00 0.00 0.00 0
122020 0.00 0.00 0.00 0
122021 0.00 0.00 0.00 0
122022 0.00 0.00 0.00 0
122029 0.00 0.00 0.00 0
122030 0.00 0.00 0.00 0
122037 0.00 0.00 0.00 0
122038 0.00 0.00 0.00 0
122049 0.00 0.00 0.00 0
122050 0.00 0.00 0.00 0
122051 0.00 0.00 0.00 0
122052 0.00 0.00 0.00 0
122053 0.00 0.00 0.00 0
122054 0.00 0.00 0.00 0
122065 0.00 0.00 0.00 0
122066 0.00 0.00 0.00 0
122067 0.00 0.00 0.00 0
122068 0.00 0.00 0.00 0
122069 0.00 0.00 0.00 0
122070 0.00 0.00 0.00 0
122071 0.00 0.00 0.00 0
122072 0.00 0.00 0.00 0
122073 0.00 0.00 0.00 0
122074 0.00 0.00 0.00 0
122083 0.00 0.00 0.00 0
122084 0.00 0.00 0.00 0
122085 0.00 0.00 0.00 0
122086 0.00 0.00 0.00 0
122087 0.00 0.00 0.00 0
122088 0.00 0.00 0.00 0
122089 0.00 0.00 0.00 0
122090 0.00 0.00 0.00 0
122091 0.00 0.00 0.00 0
122092 0.00 0.00 0.00 0
122093 0.00 0.00 0.00 0
122094 0.00 0.00 0.00 0
122103 0.00 0.00 0.00 0
122104 0.00 0.00 0.00 0
122105 0.00 0.00 0.00 0
122106 0.00 0.00 0.00 0
122107 0.00 0.00 0.00 0
122108 0.00 0.00 0.00 0
122109 0.00 0.00 0.00 0
122118 0.00 0.00 0.00 0
122188 0.00 0.00 0.00 0
123019 0.00 0.00 0.00 0
123022 0.00 0.00 0.00 0
123027 0.00 0.00 0.00 0
123030 0.00 0.00 0.00 0
123035 0.00 0.00 0.00 0
123036 0.00 0.00 0.00 0
123043 0.00 0.00 0.00 0
123044 0.00 0.00 0.00 0
123052 0.00 0.00 0.00 0
123053 0.00 0.00 0.00 0
123054 0.00 0.00 0.00 0
123061 0.00 0.00 0.00 0
123070 0.00 0.00 0.00 0
123071 0.00 0.00 0.00 0
123072 0.00 0.00 0.00 0
123073 0.00 0.00 0.00 0
123074 0.00 0.00 0.00 0
123088 0.00 0.00 0.00 0
123089 0.00 0.00 0.00 0
123090 0.00 0.00 0.00 0
123091 0.00 0.00 0.00 0
123092 0.00 0.00 0.00 0
123093 0.00 0.00 0.00 0
123094 0.00 0.00 0.00 0
123095 0.00 0.00 0.00 0
123096 0.00 0.00 0.00 0
123097 0.00 0.00 0.00 0
123098 0.00 0.00 0.00 0
123099 0.00 0.00 0.00 0
123109 0.00 0.00 0.00 0
123110 0.00 0.00 0.00 0
123111 0.00 0.00 0.00 0
123112 0.00 0.00 0.00 0
123113 0.00 0.00 0.00 0
123114 0.00 0.00 0.00 0
123115 0.00 0.00 0.00 0
123116 0.00 0.00 0.00 0
123117 0.00 0.00 0.00 0
123126 0.00 0.00 0.00 0
123127 0.00 0.00 0.00 0
123128 0.00 0.00 0.00 0
123129 0.00 0.00 0.00 0
123130 0.00 0.00 0.00 0
123131 0.00 0.00 0.00 0
123132 0.00 0.00 0.00 0
123140 0.00 0.00 0.00 0
123141 0.00 0.00 0.00 0
123142 0.00 0.00 0.00 0
123143 0.00 0.00 0.00 0
123144 0.00 0.00 0.00 0
123226 0.00 0.00 0.00 0
124035 0.00 0.00 0.00 0
124038 0.00 0.00 0.00 0
124039 0.00 0.00 0.00 0
124043 0.00 0.00 0.00 0
124044 0.00 0.00 0.00 0
124046 0.00 0.00 0.00 0
124049 0.00 0.00 0.00 0
124050 0.00 0.00 0.00 0
124057 0.00 0.00 0.00 0
124058 0.00 0.00 0.00 0
124066 0.00 0.00 0.00 0
124067 0.00 0.00 0.00 0
124068 0.00 0.00 0.00 0
124077 0.00 0.00 0.00 0
124078 0.00 0.00 0.00 0
124079 0.00 0.00 0.00 0
124080 0.00 0.00 0.00 0
124081 0.00 0.00 0.00 0
124082 0.00 0.00 0.00 0
124083 0.00 0.00 0.00 0
124084 0.00 0.00 0.00 0
124096 0.00 0.00 0.00 0
124097 0.00 0.00 0.00 0
124098 0.00 0.00 0.00 0
124099 0.00 0.00 0.00 0
124100 0.00 0.00 0.00 0
124101 0.00 0.00 0.00 0
124102 0.00 0.00 0.00 0
124115 0.00 0.00 0.00 0
124116 0.00 0.00 0.00 0
124117 0.00 0.00 0.00 0
124118 0.00 0.00 0.00 0
124119 0.00 0.00 0.00 0
124120 0.00 0.00 0.00 0
124121 0.00 0.00 0.00 0
124122 0.00 0.00 0.00 0
124131 0.00 0.00 0.00 0
124132 0.00 0.00 0.00 0
124133 0.00 0.00 0.00 0
124134 0.00 0.00 0.00 0
124144 0.00 0.00 0.00 0
124145 0.00 0.00 0.00 0
124146 0.00 0.00 0.00 0
124154 0.00 0.00 0.00 0
124155 0.00 0.00 0.00 0
124156 0.00 0.00 0.00 0
124985 0.00 0.00 0.00 0
124986 0.00 0.00 0.00 0
124987 0.00 0.00 0.00 0
124990 0.00 0.00 0.00 0
124991 0.00 0.00 0.00 0
124992 0.00 0.00 0.00 0
124995 0.00 0.00 0.00 0
124996 0.00 0.00 0.00 0
124997 0.00 0.00 0.00 0
125005 0.00 0.00 0.00 0
125015 0.00 0.00 0.00 0
125016 0.00 0.00 0.00 0
125025 0.00 0.00 0.00 0
125026 0.00 0.00 0.00 0
125027 0.00 0.00 0.00 0
125028 0.00 0.00 0.00 0
125029 0.00 0.00 0.00 0
125030 0.00 0.00 0.00 0
125045 0.00 0.00 0.00 0
125046 0.00 0.00 0.00 0
125047 0.00 0.00 0.00 0
125048 0.00 0.00 0.00 0
125049 0.00 0.00 0.00 0
125050 0.00 0.00 0.00 0
125052 0.00 0.00 0.00 0
125065 0.00 0.00 0.00 0
125066 0.00 0.00 0.00 0
125067 0.00 0.00 0.00 0
125079 0.00 0.00 0.00 0
125080 0.00 0.00 0.00 0
125081 0.00 0.00 0.00 0
125091 0.00 0.00 0.00 0
125092 0.00 0.00 0.00 0
125102 0.00 0.00 0.00 0
125103 0.00 0.00 0.00 0
125115 0.00 0.00 0.00 0
125116 0.00 0.00 0.00 0
125117 0.00 0.00 0.00 0
125128 0.00 0.00 0.00 0
125129 0.00 0.00 0.00 0
125130 0.00 0.00 0.00 0
125911 0.00 0.00 0.00 0
125919 0.00 0.00 0.00 0
125928 0.00 0.00 0.00 0
125938 0.00 0.00 0.00 0
125939 0.00 0.00 0.00 0
125944 0.00 0.00 0.00 0
125945 0.00 0.00 0.00 0
125957 0.00 0.00 0.00 0
125958 0.00 0.00 0.00 0
125959 0.00 0.00 0.00 0
125976 0.00 0.00 0.00 0
125978 0.00 0.00 0.00 0
125989 0.00 0.00 0.00 0
125990 0.00 0.00 0.00 0
125991 0.00 0.00 0.00 0
126003 0.00 0.00 0.00 0
126004 0.00 0.00 0.00 0
126005 0.00 0.00 0.00 0
126016 0.00 0.00 0.00 0
126017 0.00 0.00 0.00 0
126018 0.00 0.00 0.00 0
126030 0.00 0.00 0.00 0
126031 0.00 0.00 0.00 0
126032 0.00 0.00 0.00 0
126045 0.00 0.00 0.00 0
126046 0.00 0.00 0.00 0
126047 0.00 0.00 0.00 0
126058 0.00 0.00 0.00 0
126059 0.00 0.00 0.00 0
126060 0.00 0.00 0.00 0
126828 0.00 0.00 0.00 0
126845 0.00 0.00 0.00 0
126853 0.00 0.00 0.00 0
126854 0.00 0.00 0.00 0
126858 0.00 0.00 0.00 0
126859 0.00 0.00 0.00 0
126868 0.00 0.00 0.00 0
126879 0.00 0.00 0.00 0
126880 0.00 0.00 0.00 0
126890 0.00 0.00 0.00 0
126899 0.00 0.00 0.00 0
126900 0.00 0.00 0.00 0
126909 0.00 0.00 0.00 0
126910 0.00 0.00 0.00 0
126922 0.00 0.00 0.00 0
126923 0.00 0.00 0.00 0
126924 0.00 0.00 0.00 0
126937 0.00 0.00 0.00 0
126938 0.00 0.00 0.00 0
126939 0.00 0.00 0.00 0
126940 0.00 0.00 0.00 0
126952 0.00 0.00 0.00 0
126953 0.00 0.00 0.00 0
126954 0.00 0.00 0.00 0
126955 0.00 0.00 0.00 0
126965 0.00 0.00 0.00 0
126966 0.00 0.00 0.00 0
126967 0.00 0.00 0.00 0
126968 0.00 0.00 0.00 0
127796 0.00 0.00 0.00 0
127797 0.00 0.00 0.00 0
127800 0.00 0.00 0.00 0
127801 0.00 0.00 0.00 0
127802 0.00 0.00 0.00 0
127811 0.00 0.00 0.00 0
127819 0.00 0.00 0.00 0
127820 0.00 0.00 0.00 0
127821 0.00 0.00 0.00 0
127829 0.00 0.00 0.00 0
127838 0.00 0.00 0.00 0
127839 0.00 0.00 0.00 0
127840 0.00 0.00 0.00 0
127851 0.00 0.00 0.00 0
127852 0.00 0.00 0.00 0
127853 0.00 0.00 0.00 0
127865 0.00 0.00 0.00 0
127866 0.00 0.00 0.00 0
127867 0.00 0.00 0.00 0
127868 0.00 0.00 0.00 0
127880 0.00 0.00 0.00 0
127881 0.00 0.00 0.00 0
127882 0.00 0.00 0.00 0
127883 0.00 0.00 0.00 0
127884 0.00 0.00 0.00 0
127897 0.00 0.00 0.00 0
127898 0.00 0.00 0.00 0
127899 0.00 0.00 0.00 0
127910 0.00 0.00 0.00 0
127911 0.00 0.00 0.00 0
127912 0.00 0.00 0.00 0
127913 0.00 0.00 0.00 0
128762 0.00 0.00 0.00 0
128768 0.00 0.00 0.00 0
128770 0.00 0.00 0.00 0
128778 0.00 0.00 0.00 0
128779 0.00 0.00 0.00 0
128786 0.00 0.00 0.00 0
128787 0.00 0.00 0.00 0
128788 0.00 0.00 0.00 0
128789 0.00 0.00 0.00 0
128793 0.00 0.00 0.00 0
128794 0.00 0.00 0.00 0
128795 0.00 0.00 0.00 0
128799 0.00 0.00 0.00 0
128800 0.00 0.00 0.00 0
128801 0.00 0.00 0.00 0
128812 0.00 0.00 0.00 0
128813 0.00 0.00 0.00 0
128814 0.00 0.00 0.00 0
128827 0.00 0.00 0.00 0
128828 0.00 0.00 0.00 0
128839 0.00 0.00 0.00 0
128840 0.00 0.00 0.00 0
128841 0.00 0.00 0.00 0
128842 0.00 0.00 0.00 0
128856 0.00 0.00 0.00 0
128857 0.00 0.00 0.00 0
128858 0.00 0.00 0.00 0
128859 0.00 0.00 0.00 0
128873 0.00 0.00 0.00 0
128874 0.00 0.00 0.00 0
128875 0.00 0.00 0.00 0
128876 0.00 0.00 0.00 0
129644 0.00 0.00 0.00 0
129647 0.00 0.00 0.00 0
129648 0.00 0.00 0.00 0
129650 0.00 0.00 0.00 0
129656 0.00 0.00 0.00 0
129665 0.00 0.00 0.00 0
129666 0.00 0.00 0.00 0
129667 0.00 0.00 0.00 0
129673 0.00 0.00 0.00 0
129674 0.00 0.00 0.00 0
129675 0.00 0.00 0.00 0
129676 0.00 0.00 0.00 0
129677 0.00 0.00 0.00 0
129681 0.00 0.00 0.00 0
129682 0.00 0.00 0.00 0
129683 0.00 0.00 0.00 0
129689 0.00 0.00 0.00 0
129690 0.00 0.00 0.00 0
129699 0.00 0.00 0.00 0
129700 0.00 0.00 0.00 0
129701 0.00 0.00 0.00 0
129712 0.00 0.00 0.00 0
129713 0.00 0.00 0.00 0
129714 0.00 0.00 0.00 0
129724 0.00 0.00 0.00 0
129725 0.00 0.00 0.00 0
129726 0.00 0.00 0.00 0
129727 0.00 0.00 0.00 0
129739 0.00 0.00 0.00 0
129740 0.00 0.00 0.00 0
129741 0.00 0.00 0.00 0
129742 0.00 0.00 0.00 0
129743 0.00 0.00 0.00 0
129758 0.00 0.00 0.00 0
129759 0.00 0.00 0.00 0
129760 0.00 0.00 0.00 0
129761 0.00 0.00 0.00 0
129762 0.00 0.00 0.00 0
130500 0.00 0.00 0.00 0
130501 0.00 0.00 0.00 0
130502 0.00 0.00 0.00 0
130517 0.00 0.00 0.00 0
130529 0.00 0.00 0.00 0
130530 0.00 0.00 0.00 0
130531 0.00 0.00 0.00 0
130532 0.00 0.00 0.00 0
130533 0.00 0.00 0.00 0
130542 0.00 0.00 0.00 0
130543 0.00 0.00 0.00 0
130544 0.00 0.00 0.00 0
130557 0.00 0.00 0.00 0
130558 0.00 0.00 0.00 0
130569 0.00 0.00 0.00 0
130570 0.00 0.00 0.00 0
130578 0.00 0.00 0.00 0
130579 0.00 0.00 0.00 0
130580 0.00 0.00 0.00 0
130588 0.00 0.00 0.00 0
130589 0.00 0.00 0.00 0
130590 0.00 0.00 0.00 0
130600 0.00 0.00 0.00 0
130601 0.00 0.00 0.00 0
130602 0.00 0.00 0.00 0
130603 0.00 0.00 0.00 0
130604 0.00 0.00 0.00 0
130616 0.00 0.00 0.00 0
130617 0.00 0.00 0.00 0
130618 0.00 0.00 0.00 0
130619 0.00 0.00 0.00 0
130633 0.00 0.00 0.00 0
130634 0.00 0.00 0.00 0
130635 0.00 0.00 0.00 0
130636 0.00 0.00 0.00 0
130637 0.00 0.00 0.00 0
131321 0.00 0.00 0.00 0
131322 0.00 0.00 0.00 0
131323 0.00 0.00 0.00 0
131339 0.00 0.00 0.00 0
131340 0.00 0.00 0.00 0
131352 0.00 0.00 0.00 0
131353 0.00 0.00 0.00 0
131354 0.00 0.00 0.00 0
131355 0.00 0.00 0.00 0
131356 0.00 0.00 0.00 0
131371 0.00 0.00 0.00 0
131372 0.00 0.00 0.00 0
131386 0.00 0.00 0.00 0
131387 0.00 0.00 0.00 0
131388 0.00 0.00 0.00 0
131400 0.00 0.00 0.00 0
131401 0.00 0.00 0.00 0
131402 0.00 0.00 0.00 0
131415 0.00 0.00 0.00 0
131416 0.00 0.00 0.00 0
131417 0.00 0.00 0.00 0
131418 0.00 0.00 0.00 0
131425 0.00 0.00 0.00 0
131426 0.00 0.00 0.00 0
131427 0.00 0.00 0.00 0
131428 0.00 0.00 0.00 0
131429 0.00 0.00 0.00 0
131438 0.00 0.00 0.00 0
131439 0.00 0.00 0.00 0
131440 0.00 0.00 0.00 0
131441 0.00 0.00 0.00 0
131442 0.00 0.00 0.00 0
131455 0.00 0.00 0.00 0
131456 0.00 0.00 0.00 0
131470 0.00 0.00 0.00 0
131471 0.00 0.00 0.00 0
131472 0.00 0.00 0.00 0
131473 0.00 0.00 0.00 0
131474 0.00 0.00 0.00 0
132119 0.00 0.00 0.00 0
132120 0.00 0.00 0.00 0
132121 0.00 0.00 0.00 0
132135 0.00 0.00 0.00 0
132136 0.00 0.00 0.00 0
132137 0.00 0.00 0.00 0
132154 0.00 0.00 0.00 0
132155 0.00 0.00 0.00 0
132156 0.00 0.00 0.00 0
132157 0.00 0.00 0.00 0
132158 0.00 0.00 0.00 0
132177 0.00 0.00 0.00 0
132178 0.00 0.00 0.00 0
132179 0.00 0.00 0.00 0
132180 0.00 0.00 0.00 0
132197 0.00 0.00 0.00 0
132198 0.00 0.00 0.00 0
132199 0.00 0.00 0.00 0
132200 0.00 0.00 0.00 0
132214 0.00 0.00 0.00 0
132215 0.00 0.00 0.00 0
132216 0.00 0.00 0.00 0
132217 0.00 0.00 0.00 0
132229 0.00 0.00 0.00 0
132230 0.00 0.00 0.00 0
132231 0.00 0.00 0.00 0
132232 0.00 0.00 0.00 0
132233 0.00 0.00 0.00 0
132244 0.00 0.00 0.00 0
132245 0.00 0.00 0.00 0
132246 0.00 0.00 0.00 0
132247 0.00 0.00 0.00 0
132256 0.00 0.00 0.00 0
132257 0.00 0.00 0.00 0
132258 0.00 0.00 0.00 0
132269 0.00 0.00 0.00 0
132270 0.00 0.00 0.00 0
132271 0.00 0.00 0.00 0
132272 0.00 0.00 0.00 0
132283 0.00 0.00 0.00 0
132284 0.00 0.00 0.00 0
132285 0.00 0.00 0.00 0
132286 0.00 0.00 0.00 0
132287 0.00 0.00 0.00 0
132935 0.00 0.00 0.00 0
132946 0.00 0.00 0.00 0
132947 0.00 0.00 0.00 0
132948 0.00 0.00 0.00 0
132949 0.00 0.00 0.00 0
132950 0.00 0.00 0.00 0
132965 0.00 0.00 0.00 0
132966 0.00 0.00 0.00 0
132967 0.00 0.00 0.00 0
132987 0.00 0.00 0.00 0
132988 0.00 0.00 0.00 0
132989 0.00 0.00 0.00 0
132990 0.00 0.00 0.00 0
132991 0.00 0.00 0.00 0
132992 0.00 0.00 0.00 0
133011 0.00 0.00 0.00 0
133012 0.00 0.00 0.00 0
133013 0.00 0.00 0.00 0
133014 0.00 0.00 0.00 0
133015 0.00 0.00 0.00 0
133034 0.00 0.00 0.00 0
133035 0.00 0.00 0.00 0
133036 0.00 0.00 0.00 0
133037 0.00 0.00 0.00 0
133056 0.00 0.00 0.00 0
133057 0.00 0.00 0.00 0
133058 0.00 0.00 0.00 0
133059 0.00 0.00 0.00 0
133073 0.00 0.00 0.00 0
133074 0.00 0.00 0.00 0
133075 0.00 0.00 0.00 0
133087 0.00 0.00 0.00 0
133088 0.00 0.00 0.00 0
133095 0.00 0.00 0.00 0
133096 0.00 0.00 0.00 0
133097 0.00 0.00 0.00 0
133098 0.00 0.00 0.00 0
133110 0.00 0.00 0.00 0
133111 0.00 0.00 0.00 0
133112 0.00 0.00 0.00 0
133113 0.00 0.00 0.00 0
133114 0.00 0.00 0.00 0
133122 0.00 0.00 0.00 0
133123 0.00 0.00 0.00 0
133124 0.00 0.00 0.00 0
133797 0.00 0.00 0.00 0
133805 0.00 0.00 0.00 0
133806 0.00 0.00 0.00 0
133807 0.00 0.00 0.00 0
133823 0.00 0.00 0.00 0
133824 0.00 0.00 0.00 0
133825 0.00 0.00 0.00 0
133826 0.00 0.00 0.00 0
133827 0.00 0.00 0.00 0
133828 0.00 0.00 0.00 0
133852 0.00 0.00 0.00 0
133853 0.00 0.00 0.00 0
133854 0.00 0.00 0.00 0
133876 0.00 0.00 0.00 0
133877 0.00 0.00 0.00 0
133878 0.00 0.00 0.00 0
133879 0.00 0.00 0.00 0
133880 0.00 0.00 0.00 0
133881 0.00 0.00 0.00 0
133894 0.00 0.00 0.00 0
133895 0.00 0.00 0.00 0
133896 0.00 0.00 0.00 0
133897 0.00 0.00 0.00 0
133898 0.00 0.00 0.00 0
133909 0.00 0.00 0.00 0
133910 0.00 0.00 0.00 0
133911 0.00 0.00 0.00 0
133912 0.00 0.00 0.00 0
133930 0.00 0.00 0.00 0
133931 0.00 0.00 0.00 0
133932 0.00 0.00 0.00 0
133952 0.00 0.00 0.00 0
133953 0.00 0.00 0.00 0
133962 0.00 0.00 0.00 0
133963 0.00 0.00 0.00 0
133964 0.00 0.00 0.00 0
133974 0.00 0.00 0.00 0
133975 0.00 0.00 0.00 0
133976 0.00 0.00 0.00 0
133977 0.00 0.00 0.00 0
133989 0.00 0.00 0.00 0
133990 0.00 0.00 0.00 0
133991 0.00 0.00 0.00 0
133992 0.00 0.00 0.00 0
134711 0.00 0.00 0.00 0
134728 0.00 0.00 0.00 0
134729 0.00 0.00 0.00 0
134730 0.00 0.00 0.00 0
134731 0.00 0.00 0.00 0
134752 0.00 0.00 0.00 0
134753 0.00 0.00 0.00 0
134754 0.00 0.00 0.00 0
134755 0.00 0.00 0.00 0
134756 0.00 0.00 0.00 0
134783 0.00 0.00 0.00 0
134784 0.00 0.00 0.00 0
134802 0.00 0.00 0.00 0
134803 0.00 0.00 0.00 0
134804 0.00 0.00 0.00 0
134805 0.00 0.00 0.00 0
134815 0.00 0.00 0.00 0
134816 0.00 0.00 0.00 0
134817 0.00 0.00 0.00 0
134818 0.00 0.00 0.00 0
134826 0.00 0.00 0.00 0
134827 0.00 0.00 0.00 0
134828 0.00 0.00 0.00 0
134829 0.00 0.00 0.00 0
134830 0.00 0.00 0.00 0
134839 0.00 0.00 0.00 0
134840 0.00 0.00 0.00 0
134841 0.00 0.00 0.00 0
134842 0.00 0.00 0.00 0
134861 0.00 0.00 0.00 0
134862 0.00 0.00 0.00 0
134863 0.00 0.00 0.00 0
134878 0.00 0.00 0.00 0
134879 0.00 0.00 0.00 0
134880 0.00 0.00 0.00 0
134892 0.00 0.00 0.00 0
134893 0.00 0.00 0.00 0
134894 0.00 0.00 0.00 0
134904 0.00 0.00 0.00 0
134905 0.00 0.00 0.00 0
134906 0.00 0.00 0.00 0
134907 0.00 0.00 0.00 0
135584 0.00 0.00 0.00 0
135585 0.00 0.00 0.00 0
135586 0.00 0.00 0.00 0
135600 0.00 0.00 0.00 0
135601 0.00 0.00 0.00 0
135602 0.00 0.00 0.00 0
135603 0.00 0.00 0.00 0
135604 0.00 0.00 0.00 0
135620 0.00 0.00 0.00 0
135621 0.00 0.00 0.00 0
135622 0.00 0.00 0.00 0
135623 0.00 0.00 0.00 0
135624 0.00 0.00 0.00 0
135643 0.00 0.00 0.00 0
135644 0.00 0.00 0.00 0
135645 0.00 0.00 0.00 0
135646 0.00 0.00 0.00 0
135647 0.00 0.00 0.00 0
135662 0.00 0.00 0.00 0
135663 0.00 0.00 0.00 0
135664 0.00 0.00 0.00 0
135665 0.00 0.00 0.00 0
135666 0.00 0.00 0.00 0
135667 0.00 0.00 0.00 0
135677 0.00 0.00 0.00 0
135678 0.00 0.00 0.00 0
135679 0.00 0.00 0.00 0
135680 0.00 0.00 0.00 0
135691 0.00 0.00 0.00 0
135692 0.00 0.00 0.00 0
135693 0.00 0.00 0.00 0
135694 0.00 0.00 0.00 0
135705 0.00 0.00 0.00 0
135706 0.00 0.00 0.00 0
135707 0.00 0.00 0.00 0
135708 0.00 0.00 0.00 0
135722 0.00 0.00 0.00 0
135723 0.00 0.00 0.00 0
135734 0.00 0.00 0.00 0
135735 0.00 0.00 0.00 0
135743 0.00 0.00 0.00 0
136347 0.00 0.00 0.00 0
136353 0.00 0.00 0.00 0
136367 0.00 0.00 0.00 0
136368 0.00 0.00 0.00 0
136369 0.00 0.00 0.00 0
136383 0.00 0.00 0.00 0
136384 0.00 0.00 0.00 0
136385 0.00 0.00 0.00 0
136386 0.00 0.00 0.00 0
136400 0.00 0.00 0.00 0
136401 0.00 0.00 0.00 0
136402 0.00 0.00 0.00 0
136403 0.00 0.00 0.00 0
136404 0.00 0.00 0.00 0
136405 0.00 0.00 0.00 0
136418 0.00 0.00 0.00 0
136419 0.00 0.00 0.00 0
136420 0.00 0.00 0.00 0
136421 0.00 0.00 0.00 0
136422 0.00 0.00 0.00 0
136423 0.00 0.00 0.00 0
136434 0.00 0.00 0.00 0
136435 0.00 0.00 0.00 0
136436 0.00 0.00 0.00 0
136437 0.00 0.00 0.00 0
136446 0.00 0.00 0.00 0
136447 0.00 0.00 0.00 0
136448 0.00 0.00 0.00 0
136449 0.00 0.00 0.00 0
136459 0.00 0.00 0.00 0
136460 0.00 0.00 0.00 0
136461 0.00 0.00 0.00 0
136462 0.00 0.00 0.00 0
136474 0.00 0.00 0.00 0
136475 0.00 0.00 0.00 0
136476 0.00 0.00 0.00 0
136477 0.00 0.00 0.00 0
136478 0.00 0.00 0.00 0
136493 0.00 0.00 0.00 0
136494 0.00 0.00 0.00 0
137037 0.00 0.00 0.00 0
137038 0.00 0.00 0.00 0
137048 0.00 0.00 0.00 0
137049 0.00 0.00 0.00 0
137067 0.00 0.00 0.00 0
137068 0.00 0.00 0.00 0
137069 0.00 0.00 0.00 0
137083 0.00 0.00 0.00 0
137084 0.00 0.00 0.00 0
137099 0.00 0.00 0.00 0
137100 0.00 0.00 0.00 0
137101 0.00 0.00 0.00 0
137102 0.00 0.00 0.00 0
137103 0.00 0.00 0.00 0
137119 0.00 0.00 0.00 0
137120 0.00 0.00 0.00 0
137121 0.00 0.00 0.00 0
137122 0.00 0.00 0.00 0
137138 0.00 0.00 0.00 0
137139 0.00 0.00 0.00 0
137140 0.00 0.00 0.00 0
137151 0.00 0.00 0.00 0
137152 0.00 0.00 0.00 0
137153 0.00 0.00 0.00 0
137154 0.00 0.00 0.00 0
137155 0.00 0.00 0.00 0
137167 0.00 0.00 0.00 0
137168 0.00 0.00 0.00 0
137169 0.00 0.00 0.00 0
137170 0.00 0.00 0.00 0
137184 0.00 0.00 0.00 0
137185 0.00 0.00 0.00 0
137186 0.00 0.00 0.00 0
137187 0.00 0.00 0.00 0
137204 0.00 0.00 0.00 0
137205 0.00 0.00 0.00 0
137686 0.00 0.00 0.00 0
137702 0.00 0.00 0.00 0
137715 0.00 0.00 0.00 0
137716 0.00 0.00 0.00 0
137733 0.00 0.00 0.00 0
137734 0.00 0.00 0.00 0
137735 0.00 0.00 0.00 0
137757 0.00 0.00 0.00 0
137758 0.00 0.00 0.00 0
137773 0.00 0.00 0.00 0
137774 0.00 0.00 0.00 0
137787 0.00 0.00 0.00 0
137788 0.00 0.00 0.00 0
137789 0.00 0.00 0.00 0
137790 0.00 0.00 0.00 0
137801 0.00 0.00 0.00 0
137802 0.00 0.00 0.00 0
137803 0.00 0.00 0.00 0
137816 0.00 0.00 0.00 0
137817 0.00 0.00 0.00 0
137818 0.00 0.00 0.00 0
137819 0.00 0.00 0.00 0
137832 0.00 0.00 0.00 0
137833 0.00 0.00 0.00 0
137834 0.00 0.00 0.00 0
137835 0.00 0.00 0.00 0
137836 0.00 0.00 0.00 0
137850 0.00 0.00 0.00 0
137851 0.00 0.00 0.00 0
137852 0.00 0.00 0.00 0
137853 0.00 0.00 0.00 0
137869 0.00 0.00 0.00 0
137870 0.00 0.00 0.00 0
137871 0.00 0.00 0.00 0
137872 0.00 0.00 0.00 0
137873 0.00 0.00 0.00 0
137886 0.00 0.00 0.00 0
137887 0.00 0.00 0.00 0
137888 0.00 0.00 0.00 0
137889 0.00 0.00 0.00 0
137890 0.00 0.00 0.00 0
137895 0.00 0.00 0.00 0
137899 0.00 0.00 0.00 0
137903 0.00 0.00 0.00 0
138315 0.00 0.00 0.00 0
138330 0.00 0.00 0.00 0
138347 0.00 0.00 0.00 0
138348 0.00 0.00 0.00 0
138367 0.00 0.00 0.00 0
138368 0.00 0.00 0.00 0
138369 0.00 0.00 0.00 0
138395 0.00 0.00 0.00 0
138396 0.00 0.00 0.00 0
138397 0.00 0.00 0.00 0
138398 0.00 0.00 0.00 0
138419 0.00 0.00 0.00 0
138420 0.00 0.00 0.00 0
138431 0.00 0.00 0.00 0
138432 0.00 0.00 0.00 0
138444 0.00 0.00 0.00 0
138445 0.00 0.00 0.00 0
138446 0.00 0.00 0.00 0
138447 0.00 0.00 0.00 0
138448 0.00 0.00 0.00 0
138459 0.00 0.00 0.00 0
138460 0.00 0.00 0.00 0
138461 0.00 0.00 0.00 0
138462 0.00 0.00 0.00 0
138474 0.00 0.00 0.00 0
138475 0.00 0.00 0.00 0
138476 0.00 0.00 0.00 0
138477 0.00 0.00 0.00 0
138493 0.00 0.00 0.00 0
138494 0.00 0.00 0.00 0
138495 0.00 0.00 0.00 0
138496 0.00 0.00 0.00 0
138497 0.00 0.00 0.00 0
138498 0.00 0.00 0.00 0
138514 0.00 0.00 0.00 0
138515 0.00 0.00 0.00 0
138516 0.00 0.00 0.00 0
138517 0.00 0.00 0.00 0
138530 0.00 0.00 0.00 0
138531 0.00 0.00 0.00 0
138532 0.00 0.00 0.00 0
138536 0.00 0.00 0.00 0
138537 0.00 0.00 0.00 0
138538 0.00 0.00 0.00 0
138543 0.00 0.00 0.00 0
138544 0.00 0.00 0.00 0
138548 0.00 0.00 0.00 0
138549 0.00 0.00 0.00 0
138550 0.00 0.00 0.00 0
138551 0.00 0.00 0.00 0
138556 0.00 0.00 0.00 0
138557 0.00 0.00 0.00 0
138558 0.00 0.00 0.00 0
138559 0.00 0.00 0.00 0
138563 0.00 0.00 0.00 0
138564 0.00 0.00 0.00 0
138565 0.00 0.00 0.00 0
138953 0.00 0.00 0.00 0
138973 0.00 0.00 0.00 0
138991 0.00 0.00 0.00 0
138998 0.00 0.00 0.00 0
139009 0.00 0.00 0.00 0
139010 0.00 0.00 0.00 0
139011 0.00 0.00 0.00 0
139031 0.00 0.00 0.00 0
139032 0.00 0.00 0.00 0
139033 0.00 0.00 0.00 0
139034 0.00 0.00 0.00 0
139059 0.00 0.00 0.00 0
139060 0.00 0.00 0.00 0
139061 0.00 0.00 0.00 0
139078 0.00 0.00 0.00 0
139079 0.00 0.00 0.00 0
139080 0.00 0.00 0.00 0
139092 0.00 0.00 0.00 0
139093 0.00 0.00 0.00 0
139107 0.00 0.00 0.00 0
139108 0.00 0.00 0.00 0
139125 0.00 0.00 0.00 0
139126 0.00 0.00 0.00 0
139127 0.00 0.00 0.00 0
139128 0.00 0.00 0.00 0
139140 0.00 0.00 0.00 0
139141 0.00 0.00 0.00 0
139142 0.00 0.00 0.00 0
139143 0.00 0.00 0.00 0
139144 0.00 0.00 0.00 0
139160 0.00 0.00 0.00 0
139161 0.00 0.00 0.00 0
139162 0.00 0.00 0.00 0
139163 0.00 0.00 0.00 0
139164 0.00 0.00 0.00 0
139165 0.00 0.00 0.00 0
139177 0.00 0.00 0.00 0
139178 0.00 0.00 0.00 0
139179 0.00 0.00 0.00 0
139184 0.00 0.00 0.00 0
139185 0.00 0.00 0.00 0
139186 0.00 0.00 0.00 0
139187 0.00 0.00 0.00 0
139190 0.00 0.00 0.00 0
139191 0.00 0.00 0.00 0
139192 0.00 0.00 0.00 0
139197 0.00 0.00 0.00 0
139198 0.00 0.00 0.00 0
139199 0.00 0.00 0.00 0
139204 0.00 0.00 0.00 0
139205 0.00 0.00 0.00 0
139206 0.00 0.00 0.00 0
139207 0.00 0.00 0.00 0
139211 0.00 0.00 0.00 0
139212 0.00 0.00 0.00 0
139213 0.00 0.00 0.00 0
139214 0.00 0.00 0.00 0
139215 0.00 0.00 0.00 0
139672 0.00 0.00 0.00 0
139684 0.00 0.00 0.00 0
139705 0.00 0.00 0.00 0
139715 0.00 0.00 0.00 0
139729 0.00 0.00 0.00 0
139730 0.00 0.00 0.00 0
139746 0.00 0.00 0.00 0
139747 0.00 0.00 0.00 0
139748 0.00 0.00 0.00 0
139749 0.00 0.00 0.00 0
139762 0.00 0.00 0.00 0
139763 0.00 0.00 0.00 0
139764 0.00 0.00 0.00 0
139777 0.00 0.00 0.00 0
139778 0.00 0.00 0.00 0
139779 0.00 0.00 0.00 0
139793 0.00 0.00 0.00 0
139794 0.00 0.00 0.00 0
139795 0.00 0.00 0.00 0
139810 0.00 0.00 0.00 0
139823 0.00 0.00 0.00 0
139824 0.00 0.00 0.00 0
139825 0.00 0.00 0.00 0
139842 0.00 0.00 0.00 0
139843 0.00 0.00 0.00 0
139844 0.00 0.00 0.00 0
139845 0.00 0.00 0.00 0
139846 0.00 0.00 0.00 0
139859 0.00 0.00 0.00 0
139860 0.00 0.00 0.00 0
139861 0.00 0.00 0.00 0
139862 0.00 0.00 0.00 0
139863 0.00 0.00 0.00 0
139880 0.00 0.00 0.00 0
139881 0.00 0.00 0.00 0
139882 0.00 0.00 0.00 0
139883 0.00 0.00 0.00 0
139884 0.00 0.00 0.00 0
139891 0.00 0.00 0.00 0
139892 0.00 0.00 0.00 0
139893 0.00 0.00 0.00 0
139894 0.00 0.00 0.00 0
139898 0.00 0.00 0.00 0
139899 0.00 0.00 0.00 0
139900 0.00 0.00 0.00 0
139901 0.00 0.00 0.00 0
139902 0.00 0.00 0.00 0
139905 0.00 0.00 0.00 0
139906 0.00 0.00 0.00 0
139907 0.00 0.00 0.00 0
139912 0.00 0.00 0.00 0
139913 0.00 0.00 0.00 0
139914 0.00 0.00 0.00 0
139915 0.00 0.00 0.00 0
139920 0.00 0.00 0.00 0
139921 0.00 0.00 0.00 0
139922 0.00 0.00 0.00 0
139923 0.00 0.00 0.00 0
139924 0.00 0.00 0.00 0
139925 0.00 0.00 0.00 0
140421 0.00 0.00 0.00 0
140431 0.00 0.00 0.00 0
140432 0.00 0.00 0.00 0
140441 0.00 0.00 0.00 0
140442 0.00 0.00 0.00 0
140452 0.00 0.00 0.00 0
140453 0.00 0.00 0.00 0
140470 0.00 0.00 0.00 0
140471 0.00 0.00 0.00 0
140497 0.00 0.00 0.00 0
140498 0.00 0.00 0.00 0
140515 0.00 0.00 0.00 0
140516 0.00 0.00 0.00 0
140533 0.00 0.00 0.00 0
140534 0.00 0.00 0.00 0
140535 0.00 0.00 0.00 0
140536 0.00 0.00 0.00 0
140550 0.00 0.00 0.00 0
140551 0.00 0.00 0.00 0
140552 0.00 0.00 0.00 0
140565 0.00 0.00 0.00 0
140566 0.00 0.00 0.00 0
140567 0.00 0.00 0.00 0
140579 0.00 0.00 0.00 0
140580 0.00 0.00 0.00 0
140581 0.00 0.00 0.00 0
140590 0.00 0.00 0.00 0
140591 0.00 0.00 0.00 0
140603 0.00 0.00 0.00 0
140604 0.00 0.00 0.00 0
140620 0.00 0.00 0.00 0
140621 0.00 0.00 0.00 0
140622 0.00 0.00 0.00 0
140623 0.00 0.00 0.00 0
140641 0.00 0.00 0.00 0
140642 0.00 0.00 0.00 0
140643 0.00 0.00 0.00 0
140644 0.00 0.00 0.00 0
140645 0.00 0.00 0.00 0
140646 0.00 0.00 0.00 0
140660 0.00 0.00 0.00 0
140661 0.00 0.00 0.00 0
140662 0.00 0.00 0.00 0
140663 0.00 0.00 0.00 0
140664 0.00 0.00 0.00 0
140665 0.00 0.00 0.00 0
140666 0.00 0.00 0.00 0
140680 0.00 0.00 0.00 0
140681 0.00 0.00 0.00 0
140682 0.00 0.00 0.00 0
140683 0.00 0.00 0.00 0
140684 0.00 0.00 0.00 0
140685 0.00 0.00 0.00 0
140686 0.00 0.00 0.00 0
140689 0.00 0.00 0.00 0
140690 0.00 0.00 0.00 0
140691 0.00 0.00 0.00 0
140692 0.00 0.00 0.00 0
140693 0.00 0.00 0.00 0
140697 0.00 0.00 0.00 0
140698 0.00 0.00 0.00 0
140699 0.00 0.00 0.00 0
140700 0.00 0.00 0.00 0
140705 0.00 0.00 0.00 0
140706 0.00 0.00 0.00 0
140712 0.00 0.00 0.00 0
140713 0.00 0.00 0.00 0
140714 0.00 0.00 0.00 0
140719 0.00 0.00 0.00 0
140720 0.00 0.00 0.00 0
140721 0.00 0.00 0.00 0
140722 0.00 0.00 0.00 0
140723 0.00 0.00 0.00 0
140724 0.00 0.00 0.00 0
141285 0.00 0.00 0.00 0
141299 0.00 0.00 0.00 0
141300 0.00 0.00 0.00 0
141312 0.00 0.00 0.00 0
141324 0.00 0.00 0.00 0
141345 0.00 0.00 0.00 0
141346 0.00 0.00 0.00 0
141372 0.00 0.00 0.00 0
141373 0.00 0.00 0.00 0
141374 0.00 0.00 0.00 0
141389 0.00 0.00 0.00 0
141390 0.00 0.00 0.00 0
141391 0.00 0.00 0.00 0
141402 0.00 0.00 0.00 0
141403 0.00 0.00 0.00 0
141404 0.00 0.00 0.00 0
141405 0.00 0.00 0.00 0
141411 0.00 0.00 0.00 0
141412 0.00 0.00 0.00 0
141413 0.00 0.00 0.00 0
141414 0.00 0.00 0.00 0
141421 0.00 0.00 0.00 0
141422 0.00 0.00 0.00 0
141423 0.00 0.00 0.00 0
141436 0.00 0.00 0.00 0
141448 0.00 0.00 0.00 0
141449 0.00 0.00 0.00 0
141456 0.00 0.00 0.00 0
141457 0.00 0.00 0.00 0
141458 0.00 0.00 0.00 0
141470 0.00 0.00 0.00 0
141471 0.00 0.00 0.00 0
141472 0.00 0.00 0.00 0
141486 0.00 0.00 0.00 0
141487 0.00 0.00 0.00 0
141488 0.00 0.00 0.00 0
141489 0.00 0.00 0.00 0
141490 0.00 0.00 0.00 0
141501 0.00 0.00 0.00 0
141502 0.00 0.00 0.00 0
141503 0.00 0.00 0.00 0
141504 0.00 0.00 0.00 0
141505 0.00 0.00 0.00 0
141506 0.00 0.00 0.00 0
141515 0.00 0.00 0.00 0
141516 0.00 0.00 0.00 0
141517 0.00 0.00 0.00 0
141518 0.00 0.00 0.00 0
141521 0.00 0.00 0.00 0
141522 0.00 0.00 0.00 0
141523 0.00 0.00 0.00 0
141524 0.00 0.00 0.00 0
141529 0.00 0.00 0.00 0
141530 0.00 0.00 0.00 0
141531 0.00 0.00 0.00 0
141536 0.00 0.00 0.00 0
141537 0.00 0.00 0.00 0
141538 0.00 0.00 0.00 0
141543 0.00 0.00 0.00 0
141544 0.00 0.00 0.00 0
141545 0.00 0.00 0.00 0
141549 0.00 0.00 0.00 0
141550 0.00 0.00 0.00 0
141551 0.00 0.00 0.00 0
141552 0.00 0.00 0.00 0
141553 0.00 0.00 0.00 0
142058 0.00 0.00 0.00 0
142074 0.00 0.00 0.00 0
142087 0.00 0.00 0.00 0
142097 0.00 0.00 0.00 0
142098 0.00 0.00 0.00 0
142117 0.00 0.00 0.00 0
142118 0.00 0.00 0.00 0
142138 0.00 0.00 0.00 0
142139 0.00 0.00 0.00 0
142140 0.00 0.00 0.00 0
142155 0.00 0.00 0.00 0
142156 0.00 0.00 0.00 0
142157 0.00 0.00 0.00 0
142158 0.00 0.00 0.00 0
142172 0.00 0.00 0.00 0
142173 0.00 0.00 0.00 0
142174 0.00 0.00 0.00 0
142180 0.00 0.00 0.00 0
142181 0.00 0.00 0.00 0
142182 0.00 0.00 0.00 0
142183 0.00 0.00 0.00 0
142189 0.00 0.00 0.00 0
142198 0.00 0.00 0.00 0
142211 0.00 0.00 0.00 0
142212 0.00 0.00 0.00 0
142222 0.00 0.00 0.00 0
142223 0.00 0.00 0.00 0
142235 0.00 0.00 0.00 0
142236 0.00 0.00 0.00 0
142237 0.00 0.00 0.00 0
142251 0.00 0.00 0.00 0
142252 0.00 0.00 0.00 0
142253 0.00 0.00 0.00 0
142254 0.00 0.00 0.00 0
142255 0.00 0.00 0.00 0
142256 0.00 0.00 0.00 0
142257 0.00 0.00 0.00 0
142268 0.00 0.00 0.00 0
142269 0.00 0.00 0.00 0
142270 0.00 0.00 0.00 0
142271 0.00 0.00 0.00 0
142272 0.00 0.00 0.00 0
142273 0.00 0.00 0.00 0
142277 0.00 0.00 0.00 0
142278 0.00 0.00 0.00 0
142279 0.00 0.00 0.00 0
142280 0.00 0.00 0.00 0
142281 0.00 0.00 0.00 0
142286 0.00 0.00 0.00 0
142287 0.00 0.00 0.00 0
142288 0.00 0.00 0.00 0
142289 0.00 0.00 0.00 0
142294 0.00 0.00 0.00 0
142295 0.00 0.00 0.00 0
142296 0.00 0.00 0.00 0
142301 0.00 0.00 0.00 0
142302 0.00 0.00 0.00 0
142303 0.00 0.00 0.00 0
142309 0.00 0.00 0.00 0
142310 0.00 0.00 0.00 0
142311 0.00 0.00 0.00 0
142315 0.00 0.00 0.00 0
142316 0.00 0.00 0.00 0
142317 0.00 0.00 0.00 0
142318 0.00 0.00 0.00 0
142321 0.00 0.00 0.00 0
142322 0.00 0.00 0.00 0
142690 0.00 0.00 0.00 0
142707 0.00 0.00 0.00 0
142797 0.00 0.00 0.00 0
142798 0.00 0.00 0.00 0
142812 0.00 0.00 0.00 0
142813 0.00 0.00 0.00 0
142824 0.00 0.00 0.00 0
142831 0.00 0.00 0.00 0
142832 0.00 0.00 0.00 0
142841 0.00 0.00 0.00 0
142842 0.00 0.00 0.00 0
142859 0.00 0.00 0.00 0
142860 0.00 0.00 0.00 0
142879 0.00 0.00 0.00 0
142880 0.00 0.00 0.00 0
142881 0.00 0.00 0.00 0
142882 0.00 0.00 0.00 0
142897 0.00 0.00 0.00 0
142898 0.00 0.00 0.00 0
142899 0.00 0.00 0.00 0
142909 0.00 0.00 0.00 0
142910 0.00 0.00 0.00 0
142911 0.00 0.00 0.00 0
142912 0.00 0.00 0.00 0
142919 0.00 0.00 0.00 0
142920 0.00 0.00 0.00 0
142921 0.00 0.00 0.00 0
142922 0.00 0.00 0.00 0
142933 0.00 0.00 0.00 0
142944 0.00 0.00 0.00 0
142945 0.00 0.00 0.00 0
142957 0.00 0.00 0.00 0
142958 0.00 0.00 0.00 0
142959 0.00 0.00 0.00 0
142970 0.00 0.00 0.00 0
142971 0.00 0.00 0.00 0
142972 0.00 0.00 0.00 0
142982 0.00 0.00 0.00 0
142983 0.00 0.00 0.00 0
142984 0.00 0.00 0.00 0
142985 0.00 0.00 0.00 0
142986 0.00 0.00 0.00 0
142999 0.00 0.00 0.00 0
143000 0.00 0.00 0.00 0
143001 0.00 0.00 0.00 0
143002 0.00 0.00 0.00 0
143003 0.00 0.00 0.00 0
143004 0.00 0.00 0.00 0
143005 0.00 0.00 0.00 0
143006 0.00 0.00 0.00 0
143016 0.00 0.00 0.00 0
143017 0.00 0.00 0.00 0
143018 0.00 0.00 0.00 0
143019 0.00 0.00 0.00 0
143020 0.00 0.00 0.00 0
143025 0.00 0.00 0.00 0
143026 0.00 0.00 0.00 0
143027 0.00 0.00 0.00 0
143028 0.00 0.00 0.00 0
143034 0.00 0.00 0.00 0
143035 0.00 0.00 0.00 0
143036 0.00 0.00 0.00 0
143041 0.00 0.00 0.00 0
143042 0.00 0.00 0.00 0
143043 0.00 0.00 0.00 0
143049 0.00 0.00 0.00 0
143050 0.00 0.00 0.00 0
143051 0.00 0.00 0.00 0
143052 0.00 0.00 0.00 0
143057 0.00 0.00 0.00 0
143058 0.00 0.00 0.00 0
143059 0.00 0.00 0.00 0
143060 0.00 0.00 0.00 0
143065 0.00 0.00 0.00 0
143066 0.00 0.00 0.00 0
143067 0.00 0.00 0.00 0
143068 0.00 0.00 0.00 0
143072 0.00 0.00 0.00 0
143073 0.00 0.00 0.00 0
143415 0.00 0.00 0.00 0
143429 0.00 0.00 0.00 0
143445 0.00 0.00 0.00 0
143457 0.00 0.00 0.00 0
143475 0.00 0.00 0.00 0
143489 0.00 0.00 0.00 0
143490 0.00 0.00 0.00 0
143499 0.00 0.00 0.00 0
143500 0.00 0.00 0.00 0
143510 0.00 0.00 0.00 0
143511 0.00 0.00 0.00 0
143520 0.00 0.00 0.00 0
143521 0.00 0.00 0.00 0
143522 0.00 0.00 0.00 0
143528 0.00 0.00 0.00 0
143529 0.00 0.00 0.00 0
143535 0.00 0.00 0.00 0
143536 0.00 0.00 0.00 0
143537 0.00 0.00 0.00 0
143545 0.00 0.00 0.00 0
143546 0.00 0.00 0.00 0
143547 0.00 0.00 0.00 0
143563 0.00 0.00 0.00 0
143564 0.00 0.00 0.00 0
143565 0.00 0.00 0.00 0
143566 0.00 0.00 0.00 0
143583 0.00 0.00 0.00 0
143584 0.00 0.00 0.00 0
143585 0.00 0.00 0.00 0
143597 0.00 0.00 0.00 0
143598 0.00 0.00 0.00 0
143599 0.00 0.00 0.00 0
143600 0.00 0.00 0.00 0
143609 0.00 0.00 0.00 0
143610 0.00 0.00 0.00 0
143611 0.00 0.00 0.00 0
143612 0.00 0.00 0.00 0
143613 0.00 0.00 0.00 0
143619 0.00 0.00 0.00 0
143620 0.00 0.00 0.00 0
143631 0.00 0.00 0.00 0
143640 0.00 0.00 0.00 0
143641 0.00 0.00 0.00 0
143648 0.00 0.00 0.00 0
143649 0.00 0.00 0.00 0
143650 0.00 0.00 0.00 0
143658 0.00 0.00 0.00 0
143659 0.00 0.00 0.00 0
143660 0.00 0.00 0.00 0
143667 0.00 0.00 0.00 0
143668 0.00 0.00 0.00 0
143669 0.00 0.00 0.00 0
143670 0.00 0.00 0.00 0
143671 0.00 0.00 0.00 0
143672 0.00 0.00 0.00 0
143686 0.00 0.00 0.00 0
143687 0.00 0.00 0.00 0
143688 0.00 0.00 0.00 0
143689 0.00 0.00 0.00 0
143690 0.00 0.00 0.00 0
143691 0.00 0.00 0.00 0
143699 0.00 0.00 0.00 0
143700 0.00 0.00 0.00 0
143701 0.00 0.00 0.00 0
143702 0.00 0.00 0.00 0
143706 0.00 0.00 0.00 0
143707 0.00 0.00 0.00 0
143708 0.00 0.00 0.00 0
143709 0.00 0.00 0.00 0
143715 0.00 0.00 0.00 0
143716 0.00 0.00 0.00 0
143717 0.00 0.00 0.00 0
143721 0.00 0.00 0.00 0
143722 0.00 0.00 0.00 0
143723 0.00 0.00 0.00 0
143724 0.00 0.00 0.00 0
143729 0.00 0.00 0.00 0
143730 0.00 0.00 0.00 0
143731 0.00 0.00 0.00 0
143732 0.00 0.00 0.00 0
143736 0.00 0.00 0.00 0
143737 0.00 0.00 0.00 0
143738 0.00 0.00 0.00 0
143743 0.00 0.00 0.00 0
143744 0.00 0.00 0.00 0
143745 0.00 0.00 0.00 0
144060 0.00 0.00 0.00 0
144071 0.00 0.00 0.00 0
144084 0.00 0.00 0.00 0
144098 0.00 0.00 0.00 0
144107 0.00 0.00 0.00 0
144108 0.00 0.00 0.00 0
144120 0.00 0.00 0.00 0
144128 0.00 0.00 0.00 0
144129 0.00 0.00 0.00 0
144136 0.00 0.00 0.00 0
144137 0.00 0.00 0.00 0
144141 0.00 0.00 0.00 0
144145 0.00 0.00 0.00 0
144146 0.00 0.00 0.00 0
144149 0.00 0.00 0.00 0
144150 0.00 0.00 0.00 0
144151 0.00 0.00 0.00 0
144154 0.00 0.00 0.00 0
144155 0.00 0.00 0.00 0
144156 0.00 0.00 0.00 0
144157 0.00 0.00 0.00 0
144158 0.00 0.00 0.00 0
144161 0.00 0.00 0.00 0
144162 0.00 0.00 0.00 0
144163 0.00 0.00 0.00 0
144164 0.00 0.00 0.00 0
144178 0.00 0.00 0.00 0
144179 0.00 0.00 0.00 0
144180 0.00 0.00 0.00 0
144195 0.00 0.00 0.00 0
144196 0.00 0.00 0.00 0
144197 0.00 0.00 0.00 0
144198 0.00 0.00 0.00 0
144208 0.00 0.00 0.00 0
144209 0.00 0.00 0.00 0
144210 0.00 0.00 0.00 0
144211 0.00 0.00 0.00 0
144219 0.00 0.00 0.00 0
144220 0.00 0.00 0.00 0
144232 0.00 0.00 0.00 0
144233 0.00 0.00 0.00 0
144245 0.00 0.00 0.00 0
144246 0.00 0.00 0.00 0
144255 0.00 0.00 0.00 0
144256 0.00 0.00 0.00 0
144257 0.00 0.00 0.00 0
144263 0.00 0.00 0.00 0
144264 0.00 0.00 0.00 0
144265 0.00 0.00 0.00 0
144266 0.00 0.00 0.00 0
144273 0.00 0.00 0.00 0
144274 0.00 0.00 0.00 0
144275 0.00 0.00 0.00 0
144276 0.00 0.00 0.00 0
144277 0.00 0.00 0.00 0
144287 0.00 0.00 0.00 0
144288 0.00 0.00 0.00 0
144289 0.00 0.00 0.00 0
144290 0.00 0.00 0.00 0
144291 0.00 0.00 0.00 0
144292 0.00 0.00 0.00 0
144304 0.00 0.00 0.00 0
144305 0.00 0.00 0.00 0
144306 0.00 0.00 0.00 0
144307 0.00 0.00 0.00 0
144308 0.00 0.00 0.00 0
144313 0.00 0.00 0.00 0
144314 0.00 0.00 0.00 0
144315 0.00 0.00 0.00 0
144316 0.00 0.00 0.00 0
144317 0.00 0.00 0.00 0
144323 0.00 0.00 0.00 0
144324 0.00 0.00 0.00 0
144325 0.00 0.00 0.00 0
144326 0.00 0.00 0.00 0
144331 0.00 0.00 0.00 0
144332 0.00 0.00 0.00 0
144333 0.00 0.00 0.00 0
144334 0.00 0.00 0.00 0
144339 0.00 0.00 0.00 0
144340 0.00 0.00 0.00 0
144341 0.00 0.00 0.00 0
144342 0.00 0.00 0.00 0
144347 0.00 0.00 0.00 0
144348 0.00 0.00 0.00 0
144349 0.00 0.00 0.00 0
144352 0.00 0.00 0.00 0
144353 0.00 0.00 0.00 0
144354 0.00 0.00 0.00 0
144648 0.00 0.00 0.00 0
144659 0.00 0.00 0.00 0
144672 0.00 0.00 0.00 0
144691 0.00 0.00 0.00 0
144692 0.00 0.00 0.00 0
144706 0.00 0.00 0.00 0
144707 0.00 0.00 0.00 0
144717 0.00 0.00 0.00 0
144723 0.00 0.00 0.00 0
144727 0.00 0.00 0.00 0
144728 0.00 0.00 0.00 0
144732 0.00 0.00 0.00 0
144733 0.00 0.00 0.00 0
144737 0.00 0.00 0.00 0
144738 0.00 0.00 0.00 0
144739 0.00 0.00 0.00 0
144742 0.00 0.00 0.00 0
144743 0.00 0.00 0.00 0
144744 0.00 0.00 0.00 0
144745 0.00 0.00 0.00 0
144746 0.00 0.00 0.00 0
144750 0.00 0.00 0.00 0
144751 0.00 0.00 0.00 0
144752 0.00 0.00 0.00 0
144753 0.00 0.00 0.00 0
144754 0.00 0.00 0.00 0
144755 0.00 0.00 0.00 0
144763 0.00 0.00 0.00 0
144764 0.00 0.00 0.00 0
144765 0.00 0.00 0.00 0
144766 0.00 0.00 0.00 0
144782 0.00 0.00 0.00 0
144783 0.00 0.00 0.00 0
144784 0.00 0.00 0.00 0
144785 0.00 0.00 0.00 0
144786 0.00 0.00 0.00 0
144798 0.00 0.00 0.00 0
144799 0.00 0.00 0.00 0
144800 0.00 0.00 0.00 0
144801 0.00 0.00 0.00 0
144802 0.00 0.00 0.00 0
144803 0.00 0.00 0.00 0
144813 0.00 0.00 0.00 0
144814 0.00 0.00 0.00 0
144821 0.00 0.00 0.00 0
144833 0.00 0.00 0.00 0
144834 0.00 0.00 0.00 0
144844 0.00 0.00 0.00 0
144845 0.00 0.00 0.00 0
144846 0.00 0.00 0.00 0
144853 0.00 0.00 0.00 0
144854 0.00 0.00 0.00 0
144855 0.00 0.00 0.00 0
144856 0.00 0.00 0.00 0
144863 0.00 0.00 0.00 0
144864 0.00 0.00 0.00 0
144865 0.00 0.00 0.00 0
144866 0.00 0.00 0.00 0
144867 0.00 0.00 0.00 0
144873 0.00 0.00 0.00 0
144874 0.00 0.00 0.00 0
144875 0.00 0.00 0.00 0
144876 0.00 0.00 0.00 0
144887 0.00 0.00 0.00 0
144888 0.00 0.00 0.00 0
144889 0.00 0.00 0.00 0
144890 0.00 0.00 0.00 0
144891 0.00 0.00 0.00 0
144905 0.00 0.00 0.00 0
144906 0.00 0.00 0.00 0
144907 0.00 0.00 0.00 0
144908 0.00 0.00 0.00 0
144909 0.00 0.00 0.00 0
144915 0.00 0.00 0.00 0
144916 0.00 0.00 0.00 0
144917 0.00 0.00 0.00 0
144918 0.00 0.00 0.00 0
144923 0.00 0.00 0.00 0
144924 0.00 0.00 0.00 0
144925 0.00 0.00 0.00 0
144926 0.00 0.00 0.00 0
144927 0.00 0.00 0.00 0
144932 0.00 0.00 0.00 0
144933 0.00 0.00 0.00 0
144934 0.00 0.00 0.00 0
144935 0.00 0.00 0.00 0
144940 0.00 0.00 0.00 0
144941 0.00 0.00 0.00 0
144942 0.00 0.00 0.00 0
144946 0.00 0.00 0.00 0
144947 0.00 0.00 0.00 0
144948 0.00 0.00 0.00 0
144953 0.00 0.00 0.00 0
144954 0.00 0.00 0.00 0
145306 0.00 0.00 0.00 0
145323 0.00 0.00 0.00 0
145324 0.00 0.00 0.00 0
145344 0.00 0.00 0.00 0
145345 0.00 0.00 0.00 0
145362 0.00 0.00 0.00 0
145371 0.00 0.00 0.00 0
145375 0.00 0.00 0.00 0
145379 0.00 0.00 0.00 0
145384 0.00 0.00 0.00 0
145385 0.00 0.00 0.00 0
145386 0.00 0.00 0.00 0
145390 0.00 0.00 0.00 0
145391 0.00 0.00 0.00 0
145392 0.00 0.00 0.00 0
145393 0.00 0.00 0.00 0
145394 0.00 0.00 0.00 0
145398 0.00 0.00 0.00 0
145399 0.00 0.00 0.00 0
145400 0.00 0.00 0.00 0
145401 0.00 0.00 0.00 0
145402 0.00 0.00 0.00 0
145403 0.00 0.00 0.00 0
145404 0.00 0.00 0.00 0
145411 0.00 0.00 0.00 0
145412 0.00 0.00 0.00 0
145413 0.00 0.00 0.00 0
145414 0.00 0.00 0.00 0
145415 0.00 0.00 0.00 0
145424 0.00 0.00 0.00 0
145425 0.00 0.00 0.00 0
145442 0.00 0.00 0.00 0
145443 0.00 0.00 0.00 0
145444 0.00 0.00 0.00 0
145445 0.00 0.00 0.00 0
145446 0.00 0.00 0.00 0
145447 0.00 0.00 0.00 0
145448 0.00 0.00 0.00 0
145463 0.00 0.00 0.00 0
145464 0.00 0.00 0.00 0
145465 0.00 0.00 0.00 0
145466 0.00 0.00 0.00 0
145467 0.00 0.00 0.00 0
145468 0.00 0.00 0.00 0
145482 0.00 0.00 0.00 0
145499 0.00 0.00 0.00 0
145500 0.00 0.00 0.00 0
145515 0.00 0.00 0.00 0
145516 0.00 0.00 0.00 0
145517 0.00 0.00 0.00 0
145528 0.00 0.00 0.00 0
145529 0.00 0.00 0.00 0
145530 0.00 0.00 0.00 0
145531 0.00 0.00 0.00 0
145541 0.00 0.00 0.00 0
145542 0.00 0.00 0.00 0
145543 0.00 0.00 0.00 0
145544 0.00 0.00 0.00 0
145545 0.00 0.00 0.00 0
145554 0.00 0.00 0.00 0
145555 0.00 0.00 0.00 0
145556 0.00 0.00 0.00 0
145565 0.00 0.00 0.00 0
145566 0.00 0.00 0.00 0
145567 0.00 0.00 0.00 0
145579 0.00 0.00 0.00 0
145580 0.00 0.00 0.00 0
145581 0.00 0.00 0.00 0
145582 0.00 0.00 0.00 0
145583 0.00 0.00 0.00 0
145584 0.00 0.00 0.00 0
145597 0.00 0.00 0.00 0
145598 0.00 0.00 0.00 0
145599 0.00 0.00 0.00 0
145600 0.00 0.00 0.00 0
145604 0.00 0.00 0.00 0
145605 0.00 0.00 0.00 0
145606 0.00 0.00 0.00 0
145607 0.00 0.00 0.00 0
145608 0.00 0.00 0.00 0
145614 0.00 0.00 0.00 0
145615 0.00 0.00 0.00 0
145616 0.00 0.00 0.00 0
145617 0.00 0.00 0.00 0
145622 0.00 0.00 0.00 0
145623 0.00 0.00 0.00 0
145624 0.00 0.00 0.00 0
145629 0.00 0.00 0.00 0
145630 0.00 0.00 0.00 0
145631 0.00 0.00 0.00 0
145636 0.00 0.00 0.00 0
145637 0.00 0.00 0.00 0
145638 0.00 0.00 0.00 0
145977 0.00 0.00 0.00 0
145978 0.00 0.00 0.00 0
145989 0.00 0.00 0.00 0
145990 0.00 0.00 0.00 0
146003 0.00 0.00 0.00 0
146004 0.00 0.00 0.00 0
146017 0.00 0.00 0.00 0
146018 0.00 0.00 0.00 0
146023 0.00 0.00 0.00 0
146024 0.00 0.00 0.00 0
146028 0.00 0.00 0.00 0
146029 0.00 0.00 0.00 0
146033 0.00 0.00 0.00 0
146034 0.00 0.00 0.00 0
146039 0.00 0.00 0.00 0
146040 0.00 0.00 0.00 0
146041 0.00 0.00 0.00 0
146042 0.00 0.00 0.00 0
146046 0.00 0.00 0.00 0
146047 0.00 0.00 0.00 0
146048 0.00 0.00 0.00 0
146049 0.00 0.00 0.00 0
146050 0.00 0.00 0.00 0
146051 0.00 0.00 0.00 0
146052 0.00 0.00 0.00 0
146059 0.00 0.00 0.00 0
146060 0.00 0.00 0.00 0
146061 0.00 0.00 0.00 0
146062 0.00 0.00 0.00 0
146063 0.00 0.00 0.00 0
146064 0.00 0.00 0.00 0
146077 0.00 0.00 0.00 0
146078 0.00 0.00 0.00 0
146093 0.00 0.00 0.00 0
146094 0.00 0.00 0.00 0
146095 0.00 0.00 0.00 0
146096 0.00 0.00 0.00 0
146097 0.00 0.00 0.00 0
146098 0.00 0.00 0.00 0
146099 0.00 0.00 0.00 0
146120 0.00 0.00 0.00 0
146121 0.00 0.00 0.00 0
146122 0.00 0.00 0.00 0
146123 0.00 0.00 0.00 0
146124 0.00 0.00 0.00 0
146125 0.00 0.00 0.00 0
146126 0.00 0.00 0.00 0
146144 0.00 0.00 0.00 0
146157 0.00 0.00 0.00 0
146158 0.00 0.00 0.00 0
146174 0.00 0.00 0.00 0
146175 0.00 0.00 0.00 0
146176 0.00 0.00 0.00 0
146189 0.00 0.00 0.00 0
146190 0.00 0.00 0.00 0
146191 0.00 0.00 0.00 0
146200 0.00 0.00 0.00 0
146201 0.00 0.00 0.00 0
146202 0.00 0.00 0.00 0
146203 0.00 0.00 0.00 0
146204 0.00 0.00 0.00 0
146205 0.00 0.00 0.00 0
146215 0.00 0.00 0.00 0
146216 0.00 0.00 0.00 0
146217 0.00 0.00 0.00 0
146218 0.00 0.00 0.00 0
146227 0.00 0.00 0.00 0
146228 0.00 0.00 0.00 0
146241 0.00 0.00 0.00 0
146242 0.00 0.00 0.00 0
146243 0.00 0.00 0.00 0
146244 0.00 0.00 0.00 0
146256 0.00 0.00 0.00 0
146257 0.00 0.00 0.00 0
146258 0.00 0.00 0.00 0
146259 0.00 0.00 0.00 0
146260 0.00 0.00 0.00 0
146273 0.00 0.00 0.00 0
146274 0.00 0.00 0.00 0
146275 0.00 0.00 0.00 0
146276 0.00 0.00 0.00 0
146277 0.00 0.00 0.00 0
146282 0.00 0.00 0.00 0
146283 0.00 0.00 0.00 0
146284 0.00 0.00 0.00 0
146285 0.00 0.00 0.00 0
146290 0.00 0.00 0.00 0
146291 0.00 0.00 0.00 0
146292 0.00 0.00 0.00 0
146297 0.00 0.00 0.00 0
146298 0.00 0.00 0.00 0
146299 0.00 0.00 0.00 0
146300 0.00 0.00 0.00 0
146305 0.00 0.00 0.00 0
146306 0.00 0.00 0.00 0
146307 0.00 0.00 0.00 0
146312 0.00 0.00 0.00 0
146313 0.00 0.00 0.00 0
146668 0.00 0.00 0.00 0
146681 0.00 0.00 0.00 0
146682 0.00 0.00 0.00 0
146693 0.00 0.00 0.00 0
146696 0.00 0.00 0.00 0
146699 0.00 0.00 0.00 0
146700 0.00 0.00 0.00 0
146704 0.00 0.00 0.00 0
146705 0.00 0.00 0.00 0
146706 0.00 0.00 0.00 0
146711 0.00 0.00 0.00 0
146712 0.00 0.00 0.00 0
146713 0.00 0.00 0.00 0
146714 0.00 0.00 0.00 0
146715 0.00 0.00 0.00 0
146716 0.00 0.00 0.00 0
146717 0.00 0.00 0.00 0
146718 0.00 0.00 0.00 0
146728 0.00 0.00 0.00 0
146729 0.00 0.00 0.00 0
146730 0.00 0.00 0.00 0
146731 0.00 0.00 0.00 0
146732 0.00 0.00 0.00 0
146733 0.00 0.00 0.00 0
146734 0.00 0.00 0.00 0
146735 0.00 0.00 0.00 0
146745 0.00 0.00 0.00 0
146746 0.00 0.00 0.00 0
146747 0.00 0.00 0.00 0
146763 0.00 0.00 0.00 0
146764 0.00 0.00 0.00 0
146765 0.00 0.00 0.00 0
146766 0.00 0.00 0.00 0
146767 0.00 0.00 0.00 0
146768 0.00 0.00 0.00 0
146785 0.00 0.00 0.00 0
146786 0.00 0.00 0.00 0
146787 0.00 0.00 0.00 0
146788 0.00 0.00 0.00 0
146789 0.00 0.00 0.00 0
146790 0.00 0.00 0.00 0
146791 0.00 0.00 0.00 0
146809 0.00 0.00 0.00 0
146822 0.00 0.00 0.00 0
146823 0.00 0.00 0.00 0
146832 0.00 0.00 0.00 0
146833 0.00 0.00 0.00 0
146834 0.00 0.00 0.00 0
146846 0.00 0.00 0.00 0
146847 0.00 0.00 0.00 0
146848 0.00 0.00 0.00 0
146860 0.00 0.00 0.00 0
146861 0.00 0.00 0.00 0
146862 0.00 0.00 0.00 0
146863 0.00 0.00 0.00 0
146864 0.00 0.00 0.00 0
146865 0.00 0.00 0.00 0
146875 0.00 0.00 0.00 0
146876 0.00 0.00 0.00 0
146877 0.00 0.00 0.00 0
146878 0.00 0.00 0.00 0
146879 0.00 0.00 0.00 0
146880 0.00 0.00 0.00 0
146889 0.00 0.00 0.00 0
146890 0.00 0.00 0.00 0
146895 0.00 0.00 0.00 0
146896 0.00 0.00 0.00 0
146897 0.00 0.00 0.00 0
146906 0.00 0.00 0.00 0
146907 0.00 0.00 0.00 0
146908 0.00 0.00 0.00 0
146909 0.00 0.00 0.00 0
146910 0.00 0.00 0.00 0
146917 0.00 0.00 0.00 0
146918 0.00 0.00 0.00 0
146919 0.00 0.00 0.00 0
146920 0.00 0.00 0.00 0
146927 0.00 0.00 0.00 0
146928 0.00 0.00 0.00 0
146929 0.00 0.00 0.00 0
146930 0.00 0.00 0.00 0
146935 0.00 0.00 0.00 0
146936 0.00 0.00 0.00 0
146937 0.00 0.00 0.00 0
146938 0.00 0.00 0.00 0
146944 0.00 0.00 0.00 0
146945 0.00 0.00 0.00 0
146946 0.00 0.00 0.00 0
146947 0.00 0.00 0.00 0
146952 0.00 0.00 0.00 0
146953 0.00 0.00 0.00 0
146954 0.00 0.00 0.00 0
146958 0.00 0.00 0.00 0
146959 0.00 0.00 0.00 0
146960 0.00 0.00 0.00 0
147272 0.00 0.00 0.00 0
147282 0.00 0.00 0.00 0
147283 0.00 0.00 0.00 0
147285 0.00 0.00 0.00 0
147286 0.00 0.00 0.00 0
147288 0.00 0.00 0.00 0
147289 0.00 0.00 0.00 0
147295 0.00 0.00 0.00 0
147296 0.00 0.00 0.00 0
147297 0.00 0.00 0.00 0
147298 0.00 0.00 0.00 0
147308 0.00 0.00 0.00 0
147309 0.00 0.00 0.00 0
147310 0.00 0.00 0.00 0
147311 0.00 0.00 0.00 0
147312 0.00 0.00 0.00 0
147313 0.00 0.00 0.00 0
147314 0.00 0.00 0.00 0
147315 0.00 0.00 0.00 0
147316 0.00 0.00 0.00 0
147327 0.00 0.00 0.00 0
147328 0.00 0.00 0.00 0
147329 0.00 0.00 0.00 0
147330 0.00 0.00 0.00 0
147338 0.00 0.00 0.00 0
147339 0.00 0.00 0.00 0
147340 0.00 0.00 0.00 0
147341 0.00 0.00 0.00 0
147342 0.00 0.00 0.00 0
147343 0.00 0.00 0.00 0
147360 0.00 0.00 0.00 0
147361 0.00 0.00 0.00 0
147362 0.00 0.00 0.00 0
147363 0.00 0.00 0.00 0
147364 0.00 0.00 0.00 0
147365 0.00 0.00 0.00 0
147366 0.00 0.00 0.00 0
147380 0.00 0.00 0.00 0
147381 0.00 0.00 0.00 0
147395 0.00 0.00 0.00 0
147405 0.00 0.00 0.00 0
147406 0.00 0.00 0.00 0
147415 0.00 0.00 0.00 0
147416 0.00 0.00 0.00 0
147417 0.00 0.00 0.00 0
147429 0.00 0.00 0.00 0
147430 0.00 0.00 0.00 0
147431 0.00 0.00 0.00 0
147444 0.00 0.00 0.00 0
147445 0.00 0.00 0.00 0
147446 0.00 0.00 0.00 0
147447 0.00 0.00 0.00 0
147448 0.00 0.00 0.00 0
147449 0.00 0.00 0.00 0
147458 0.00 0.00 0.00 0
147459 0.00 0.00 0.00 0
147468 0.00 0.00 0.00 0
147469 0.00 0.00 0.00 0
147470 0.00 0.00 0.00 0
147477 0.00 0.00 0.00 0
147478 0.00 0.00 0.00 0
147479 0.00 0.00 0.00 0
147487 0.00 0.00 0.00 0
147488 0.00 0.00 0.00 0
147489 0.00 0.00 0.00 0
147490 0.00 0.00 0.00 0
147495 0.00 0.00 0.00 0
147496 0.00 0.00 0.00 0
147497 0.00 0.00 0.00 0
147498 0.00 0.00 0.00 0
147504 0.00 0.00 0.00 0
147505 0.00 0.00 0.00 0
147506 0.00 0.00 0.00 0
147507 0.00 0.00 0.00 0
147508 0.00 0.00 0.00 0
147513 0.00 0.00 0.00 0
147514 0.00 0.00 0.00 0
147515 0.00 0.00 0.00 0
147516 0.00 0.00 0.00 0
147520 0.00 0.00 0.00 0
147521 0.00 0.00 0.00 0
147522 0.00 0.00 0.00 0
147527 0.00 0.00 0.00 0
147528 0.00 0.00 0.00 0
147529 0.00 0.00 0.00 0
147534 0.00 0.00 0.00 0
147535 0.00 0.00 0.00 0
147536 0.00 0.00 0.00 0
147828 0.00 0.00 0.00 0
147829 0.00 0.00 0.00 0
147834 0.00 0.00 0.00 0
147835 0.00 0.00 0.00 0
147843 0.00 0.00 0.00 0
147844 0.00 0.00 0.00 0
147855 0.00 0.00 0.00 0
147856 0.00 0.00 0.00 0
147857 0.00 0.00 0.00 0
147858 0.00 0.00 0.00 0
147859 0.00 0.00 0.00 0
147860 0.00 0.00 0.00 0
147861 0.00 0.00 0.00 0
147862 0.00 0.00 0.00 0
147873 0.00 0.00 0.00 0
147874 0.00 0.00 0.00 0
147875 0.00 0.00 0.00 0
147876 0.00 0.00 0.00 0
147877 0.00 0.00 0.00 0
147878 0.00 0.00 0.00 0
147879 0.00 0.00 0.00 0
147880 0.00 0.00 0.00 0
147888 0.00 0.00 0.00 0
147889 0.00 0.00 0.00 0
147900 0.00 0.00 0.00 0
147901 0.00 0.00 0.00 0
147902 0.00 0.00 0.00 0
147903 0.00 0.00 0.00 0
147904 0.00 0.00 0.00 0
147905 0.00 0.00 0.00 0
147906 0.00 0.00 0.00 0
147924 0.00 0.00 0.00 0
147925 0.00 0.00 0.00 0
147926 0.00 0.00 0.00 0
147943 0.00 0.00 0.00 0
147958 0.00 0.00 0.00 0
147959 0.00 0.00 0.00 0
147967 0.00 0.00 0.00 0
147968 0.00 0.00 0.00 0
147969 0.00 0.00 0.00 0
147977 0.00 0.00 0.00 0
147978 0.00 0.00 0.00 0
147979 0.00 0.00 0.00 0
147980 0.00 0.00 0.00 0
147991 0.00 0.00 0.00 0
147992 0.00 0.00 0.00 0
147993 0.00 0.00 0.00 0
147994 0.00 0.00 0.00 0
147995 0.00 0.00 0.00 0
147996 0.00 0.00 0.00 0
148009 0.00 0.00 0.00 0
148010 0.00 0.00 0.00 0
148011 0.00 0.00 0.00 0
148012 0.00 0.00 0.00 0
148013 0.00 0.00 0.00 0
148019 0.00 0.00 0.00 0
148025 0.00 0.00 0.00 0
148026 0.00 0.00 0.00 0
148027 0.00 0.00 0.00 0
148028 0.00 0.00 0.00 0
148032 0.00 0.00 0.00 0
148033 0.00 0.00 0.00 0
148034 0.00 0.00 0.00 0
148035 0.00 0.00 0.00 0
148036 0.00 0.00 0.00 0
148041 0.00 0.00 0.00 0
148042 0.00 0.00 0.00 0
148043 0.00 0.00 0.00 0
148044 0.00 0.00 0.00 0
148045 0.00 0.00 0.00 0
148046 0.00 0.00 0.00 0
148051 0.00 0.00 0.00 0
148052 0.00 0.00 0.00 0
148053 0.00 0.00 0.00 0
148054 0.00 0.00 0.00 0
148055 0.00 0.00 0.00 0
148060 0.00 0.00 0.00 0
148061 0.00 0.00 0.00 0
148062 0.00 0.00 0.00 0
148063 0.00 0.00 0.00 0
148068 0.00 0.00 0.00 0
148069 0.00 0.00 0.00 0
148070 0.00 0.00 0.00 0
148076 0.00 0.00 0.00 0
148077 0.00 0.00 0.00 0
148078 0.00 0.00 0.00 0
148083 0.00 0.00 0.00 0
148084 0.00 0.00 0.00 0
148088 0.00 0.00 0.00 0
148089 0.00 0.00 0.00 0
148359 0.00 0.00 0.00 0
148360 0.00 0.00 0.00 0
148374 0.00 0.00 0.00 0
148375 0.00 0.00 0.00 0
148388 0.00 0.00 0.00 0
148389 0.00 0.00 0.00 0
148402 0.00 0.00 0.00 0
148403 0.00 0.00 0.00 0
148404 0.00 0.00 0.00 0
148405 0.00 0.00 0.00 0
148406 0.00 0.00 0.00 0
148407 0.00 0.00 0.00 0
148408 0.00 0.00 0.00 0
148416 0.00 0.00 0.00 0
148417 0.00 0.00 0.00 0
148418 0.00 0.00 0.00 0
148419 0.00 0.00 0.00 0
148420 0.00 0.00 0.00 0
148421 0.00 0.00 0.00 0
148422 0.00 0.00 0.00 0
148423 0.00 0.00 0.00 0
148424 0.00 0.00 0.00 0
148431 0.00 0.00 0.00 0
148432 0.00 0.00 0.00 0
148433 0.00 0.00 0.00 0
148440 0.00 0.00 0.00 0
148441 0.00 0.00 0.00 0
148442 0.00 0.00 0.00 0
148443 0.00 0.00 0.00 0
148444 0.00 0.00 0.00 0
148445 0.00 0.00 0.00 0
148446 0.00 0.00 0.00 0
148456 0.00 0.00 0.00 0
148457 0.00 0.00 0.00 0
148458 0.00 0.00 0.00 0
148459 0.00 0.00 0.00 0
148460 0.00 0.00 0.00 0
148461 0.00 0.00 0.00 0
148462 0.00 0.00 0.00 0
148463 0.00 0.00 0.00 0
148477 0.00 0.00 0.00 0
148478 0.00 0.00 0.00 0
148491 0.00 0.00 0.00 0
148502 0.00 0.00 0.00 0
148503 0.00 0.00 0.00 0
148504 0.00 0.00 0.00 0
148514 0.00 0.00 0.00 0
148515 0.00 0.00 0.00 0
148516 0.00 0.00 0.00 0
148524 0.00 0.00 0.00 0
148525 0.00 0.00 0.00 0
148526 0.00 0.00 0.00 0
148527 0.00 0.00 0.00 0
148528 0.00 0.00 0.00 0
148529 0.00 0.00 0.00 0
148530 0.00 0.00 0.00 0
148540 0.00 0.00 0.00 0
148541 0.00 0.00 0.00 0
148542 0.00 0.00 0.00 0
148543 0.00 0.00 0.00 0
148544 0.00 0.00 0.00 0
148556 0.00 0.00 0.00 0
148563 0.00 0.00 0.00 0
148564 0.00 0.00 0.00 0
148565 0.00 0.00 0.00 0
148571 0.00 0.00 0.00 0
148572 0.00 0.00 0.00 0
148573 0.00 0.00 0.00 0
148574 0.00 0.00 0.00 0
148575 0.00 0.00 0.00 0
148579 0.00 0.00 0.00 0
148580 0.00 0.00 0.00 0
148581 0.00 0.00 0.00 0
148582 0.00 0.00 0.00 0
148583 0.00 0.00 0.00 0
148587 0.00 0.00 0.00 0
148588 0.00 0.00 0.00 0
148589 0.00 0.00 0.00 0
148590 0.00 0.00 0.00 0
148591 0.00 0.00 0.00 0
148595 0.00 0.00 0.00 0
148596 0.00 0.00 0.00 0
148597 0.00 0.00 0.00 0
148602 0.00 0.00 0.00 0
148603 0.00 0.00 0.00 0
148604 0.00 0.00 0.00 0
148609 0.00 0.00 0.00 0
148610 0.00 0.00 0.00 0
148611 0.00 0.00 0.00 0
148617 0.00 0.00 0.00 0
148618 0.00 0.00 0.00 0
148623 0.00 0.00 0.00 0
148624 0.00 0.00 0.00 0
148878 0.00 0.00 0.00 0
148879 0.00 0.00 0.00 0
148898 0.00 0.00 0.00 0
148899 0.00 0.00 0.00 0
148900 0.00 0.00 0.00 0
148914 0.00 0.00 0.00 0
148915 0.00 0.00 0.00 0
148916 0.00 0.00 0.00 0
148928 0.00 0.00 0.00 0
148929 0.00 0.00 0.00 0
148930 0.00 0.00 0.00 0
148931 0.00 0.00 0.00 0
148932 0.00 0.00 0.00 0
148933 0.00 0.00 0.00 0
148946 0.00 0.00 0.00 0
148947 0.00 0.00 0.00 0
148948 0.00 0.00 0.00 0
148949 0.00 0.00 0.00 0
148950 0.00 0.00 0.00 0
148951 0.00 0.00 0.00 0
148952 0.00 0.00 0.00 0
148953 0.00 0.00 0.00 0
148954 0.00 0.00 0.00 0
148964 0.00 0.00 0.00 0
148965 0.00 0.00 0.00 0
148966 0.00 0.00 0.00 0
148967 0.00 0.00 0.00 0
148972 0.00 0.00 0.00 0
148973 0.00 0.00 0.00 0
148974 0.00 0.00 0.00 0
148975 0.00 0.00 0.00 0
148976 0.00 0.00 0.00 0
148977 0.00 0.00 0.00 0
148978 0.00 0.00 0.00 0
148979 0.00 0.00 0.00 0
148984 0.00 0.00 0.00 0
148985 0.00 0.00 0.00 0
148986 0.00 0.00 0.00 0
148987 0.00 0.00 0.00 0
148988 0.00 0.00 0.00 0
148989 0.00 0.00 0.00 0
148990 0.00 0.00 0.00 0
148991 0.00 0.00 0.00 0
148999 0.00 0.00 0.00 0
149000 0.00 0.00 0.00 0
149015 0.00 0.00 0.00 0
149032 0.00 0.00 0.00 0
149033 0.00 0.00 0.00 0
149046 0.00 0.00 0.00 0
149047 0.00 0.00 0.00 0
149048 0.00 0.00 0.00 0
149049 0.00 0.00 0.00 0
149059 0.00 0.00 0.00 0
149060 0.00 0.00 0.00 0
149061 0.00 0.00 0.00 0
149062 0.00 0.00 0.00 0
149063 0.00 0.00 0.00 0
149064 0.00 0.00 0.00 0
149065 0.00 0.00 0.00 0
149073 0.00 0.00 0.00 0
149074 0.00 0.00 0.00 0
149075 0.00 0.00 0.00 0
149076 0.00 0.00 0.00 0
149077 0.00 0.00 0.00 0
149078 0.00 0.00 0.00 0
149088 0.00 0.00 0.00 0
149089 0.00 0.00 0.00 0
149100 0.00 0.00 0.00 0
149101 0.00 0.00 0.00 0
149107 0.00 0.00 0.00 0
149108 0.00 0.00 0.00 0
149109 0.00 0.00 0.00 0
149110 0.00 0.00 0.00 0
149111 0.00 0.00 0.00 0
149112 0.00 0.00 0.00 0
149115 0.00 0.00 0.00 0
149116 0.00 0.00 0.00 0
149117 0.00 0.00 0.00 0
149118 0.00 0.00 0.00 0
149119 0.00 0.00 0.00 0
149120 0.00 0.00 0.00 0
149125 0.00 0.00 0.00 0
149126 0.00 0.00 0.00 0
149127 0.00 0.00 0.00 0
149128 0.00 0.00 0.00 0
149129 0.00 0.00 0.00 0
149133 0.00 0.00 0.00 0
149134 0.00 0.00 0.00 0
149135 0.00 0.00 0.00 0
149140 0.00 0.00 0.00 0
149141 0.00 0.00 0.00 0
149142 0.00 0.00 0.00 0
149146 0.00 0.00 0.00 0
149147 0.00 0.00 0.00 0
149148 0.00 0.00 0.00 0
149153 0.00 0.00 0.00 0
149154 0.00 0.00 0.00 0
149387 0.00 0.00 0.00 0
149388 0.00 0.00 0.00 0
149409 0.00 0.00 0.00 0
149410 0.00 0.00 0.00 0
149411 0.00 0.00 0.00 0
149412 0.00 0.00 0.00 0
149413 0.00 0.00 0.00 0
149414 0.00 0.00 0.00 0
149415 0.00 0.00 0.00 0
149436 0.00 0.00 0.00 0
149437 0.00 0.00 0.00 0
149438 0.00 0.00 0.00 0
149439 0.00 0.00 0.00 0
149440 0.00 0.00 0.00 0
149441 0.00 0.00 0.00 0
149442 0.00 0.00 0.00 0
149443 0.00 0.00 0.00 0
149456 0.00 0.00 0.00 0
149457 0.00 0.00 0.00 0
149458 0.00 0.00 0.00 0
149459 0.00 0.00 0.00 0
149460 0.00 0.00 0.00 0
149461 0.00 0.00 0.00 0
149462 0.00 0.00 0.00 0
149463 0.00 0.00 0.00 0
149475 0.00 0.00 0.00 0
149476 0.00 0.00 0.00 0
149477 0.00 0.00 0.00 0
149478 0.00 0.00 0.00 0
149479 0.00 0.00 0.00 0
149480 0.00 0.00 0.00 0
149481 0.00 0.00 0.00 0
149482 0.00 0.00 0.00 0
149492 0.00 0.00 0.00 0
149493 0.00 0.00 0.00 0
149494 0.00 0.00 0.00 0
149495 0.00 0.00 0.00 0
149496 0.00 0.00 0.00 0
149497 0.00 0.00 0.00 0
149498 0.00 0.00 0.00 0
149499 0.00 0.00 0.00 0
149510 0.00 0.00 0.00 0
149511 0.00 0.00 0.00 0
149512 0.00 0.00 0.00 0
149513 0.00 0.00 0.00 0
149524 0.00 0.00 0.00 0
149525 0.00 0.00 0.00 0
149526 0.00 0.00 0.00 0
149527 0.00 0.00 0.00 0
149528 0.00 0.00 0.00 0
149529 0.00 0.00 0.00 0
149530 0.00 0.00 0.00 0
149531 0.00 0.00 0.00 0
149536 0.00 0.00 0.00 0
149537 0.00 0.00 0.00 0
149538 0.00 0.00 0.00 0
149539 0.00 0.00 0.00 0
149540 0.00 0.00 0.00 0
149541 0.00 0.00 0.00 0
149542 0.00 0.00 0.00 0
149543 0.00 0.00 0.00 0
149544 0.00 0.00 0.00 0
149548 0.00 0.00 0.00 0
149549 0.00 0.00 0.00 0
149558 0.00 0.00 0.00 0
149572 0.00 0.00 0.00 0
149573 0.00 0.00 0.00 0
149589 0.00 0.00 0.00 0
149590 0.00 0.00 0.00 0
149591 0.00 0.00 0.00 0
149602 0.00 0.00 0.00 0
149603 0.00 0.00 0.00 0
149604 0.00 0.00 0.00 0
149605 0.00 0.00 0.00 0
149606 0.00 0.00 0.00 0
149607 0.00 0.00 0.00 0
149617 0.00 0.00 0.00 0
149618 0.00 0.00 0.00 0
149619 0.00 0.00 0.00 0
149620 0.00 0.00 0.00 0
149621 0.00 0.00 0.00 0
149622 0.00 0.00 0.00 0
149629 0.00 0.00 0.00 0
149630 0.00 0.00 0.00 0
149631 0.00 0.00 0.00 0
149632 0.00 0.00 0.00 0
149640 0.00 0.00 0.00 0
149641 0.00 0.00 0.00 0
149650 0.00 0.00 0.00 0
149651 0.00 0.00 0.00 0
149652 0.00 0.00 0.00 0
149656 0.00 0.00 0.00 0
149657 0.00 0.00 0.00 0
149658 0.00 0.00 0.00 0
149659 0.00 0.00 0.00 0
149660 0.00 0.00 0.00 0
149661 0.00 0.00 0.00 0
149665 0.00 0.00 0.00 0
149666 0.00 0.00 0.00 0
149667 0.00 0.00 0.00 0
149668 0.00 0.00 0.00 0
149674 0.00 0.00 0.00 0
149675 0.00 0.00 0.00 0
149676 0.00 0.00 0.00 0
149677 0.00 0.00 0.00 0
149682 0.00 0.00 0.00 0
149683 0.00 0.00 0.00 0
149684 0.00 0.00 0.00 0
149688 0.00 0.00 0.00 0
149689 0.00 0.00 0.00 0
149690 0.00 0.00 0.00 0
149695 0.00 0.00 0.00 0
149696 0.00 0.00 0.00 0
149933 0.00 0.00 0.00 0
149934 0.00 0.00 0.00 0
149935 0.00 0.00 0.00 0
149955 0.00 0.00 0.00 0
149956 0.00 0.00 0.00 0
149957 0.00 0.00 0.00 0
149958 0.00 0.00 0.00 0
149959 0.00 0.00 0.00 0
149960 0.00 0.00 0.00 0
149961 0.00 0.00 0.00 0
149973 0.00 0.00 0.00 0
149974 0.00 0.00 0.00 0
149975 0.00 0.00 0.00 0
149976 0.00 0.00 0.00 0
149984 0.00 0.00 0.00 0
149985 0.00 0.00 0.00 0
149998 0.00 0.00 0.00 0
150008 0.00 0.00 0.00 0
150009 0.00 0.00 0.00 0
150010 0.00 0.00 0.00 0
150011 0.00 0.00 0.00 0
150012 0.00 0.00 0.00 0
150013 0.00 0.00 0.00 0
150024 0.00 0.00 0.00 0
150025 0.00 0.00 0.00 0
150026 0.00 0.00 0.00 0
150027 0.00 0.00 0.00 0
150028 0.00 0.00 0.00 0
150029 0.00 0.00 0.00 0
150030 0.00 0.00 0.00 0
150031 0.00 0.00 0.00 0
150044 0.00 0.00 0.00 0
150045 0.00 0.00 0.00 0
150046 0.00 0.00 0.00 0
150047 0.00 0.00 0.00 0
150048 0.00 0.00 0.00 0
150049 0.00 0.00 0.00 0
150050 0.00 0.00 0.00 0
150051 0.00 0.00 0.00 0
150060 0.00 0.00 0.00 0
150061 0.00 0.00 0.00 0
150067 0.00 0.00 0.00 0
150077 0.00 0.00 0.00 0
150078 0.00 0.00 0.00 0
150094 0.00 0.00 0.00 0
150095 0.00 0.00 0.00 0
150112 0.00 0.00 0.00 0
150113 0.00 0.00 0.00 0
150114 0.00 0.00 0.00 0
150115 0.00 0.00 0.00 0
150116 0.00 0.00 0.00 0
150117 0.00 0.00 0.00 0
150128 0.00 0.00 0.00 0
150129 0.00 0.00 0.00 0
150130 0.00 0.00 0.00 0
150131 0.00 0.00 0.00 0
150132 0.00 0.00 0.00 0
150133 0.00 0.00 0.00 0
150134 0.00 0.00 0.00 0
150135 0.00 0.00 0.00 0
150144 0.00 0.00 0.00 0
150145 0.00 0.00 0.00 0
150146 0.00 0.00 0.00 0
150147 0.00 0.00 0.00 0
150148 0.00 0.00 0.00 0
150152 0.00 0.00 0.00 0
150153 0.00 0.00 0.00 0
150156 0.00 0.00 0.00 0
150165 0.00 0.00 0.00 0
150166 0.00 0.00 0.00 0
150167 0.00 0.00 0.00 0
150168 0.00 0.00 0.00 0
150174 0.00 0.00 0.00 0
150175 0.00 0.00 0.00 0
150176 0.00 0.00 0.00 0
150177 0.00 0.00 0.00 0
150178 0.00 0.00 0.00 0
150183 0.00 0.00 0.00 0
150184 0.00 0.00 0.00 0
150185 0.00 0.00 0.00 0
150186 0.00 0.00 0.00 0
150191 0.00 0.00 0.00 0
150192 0.00 0.00 0.00 0
150193 0.00 0.00 0.00 0
150194 0.00 0.00 0.00 0
150199 0.00 0.00 0.00 0
150200 0.00 0.00 0.00 0
150201 0.00 0.00 0.00 0
150206 0.00 0.00 0.00 0
150207 0.00 0.00 0.00 0
150399 0.00 0.00 0.00 0
150400 0.00 0.00 0.00 0
150417 0.00 0.00 0.00 0
150418 0.00 0.00 0.00 0
150419 0.00 0.00 0.00 0
150420 0.00 0.00 0.00 0
150431 0.00 0.00 0.00 0
150432 0.00 0.00 0.00 0
150433 0.00 0.00 0.00 0
150434 0.00 0.00 0.00 0
150435 0.00 0.00 0.00 0
150451 0.00 0.00 0.00 0
150452 0.00 0.00 0.00 0
150465 0.00 0.00 0.00 0
150466 0.00 0.00 0.00 0
150477 0.00 0.00 0.00 0
150478 0.00 0.00 0.00 0
150479 0.00 0.00 0.00 0
150480 0.00 0.00 0.00 0
150481 0.00 0.00 0.00 0
150482 0.00 0.00 0.00 0
150483 0.00 0.00 0.00 0
150492 0.00 0.00 0.00 0
150493 0.00 0.00 0.00 0
150494 0.00 0.00 0.00 0
150495 0.00 0.00 0.00 0
150496 0.00 0.00 0.00 0
150497 0.00 0.00 0.00 0
150498 0.00 0.00 0.00 0
150499 0.00 0.00 0.00 0
150510 0.00 0.00 0.00 0
150511 0.00 0.00 0.00 0
150512 0.00 0.00 0.00 0
150513 0.00 0.00 0.00 0
150514 0.00 0.00 0.00 0
150515 0.00 0.00 0.00 0
150528 0.00 0.00 0.00 0
150539 0.00 0.00 0.00 0
150540 0.00 0.00 0.00 0
150550 0.00 0.00 0.00 0
150551 0.00 0.00 0.00 0
150563 0.00 0.00 0.00 0
150564 0.00 0.00 0.00 0
150565 0.00 0.00 0.00 0
150583 0.00 0.00 0.00 0
150584 0.00 0.00 0.00 0
150585 0.00 0.00 0.00 0
150586 0.00 0.00 0.00 0
150587 0.00 0.00 0.00 0
150602 0.00 0.00 0.00 0
150603 0.00 0.00 0.00 0
150604 0.00 0.00 0.00 0
150605 0.00 0.00 0.00 0
150606 0.00 0.00 0.00 0
150607 0.00 0.00 0.00 0
150608 0.00 0.00 0.00 0
150609 0.00 0.00 0.00 0
150610 0.00 0.00 0.00 0
150622 0.00 0.00 0.00 0
150623 0.00 0.00 0.00 0
150624 0.00 0.00 0.00 0
150625 0.00 0.00 0.00 0
150626 0.00 0.00 0.00 0
150627 0.00 0.00 0.00 0
150628 0.00 0.00 0.00 0
150636 0.00 0.00 0.00 0
150641 0.00 0.00 0.00 0
150642 0.00 0.00 0.00 0
150644 0.00 0.00 0.00 0
150645 0.00 0.00 0.00 0
150653 0.00 0.00 0.00 0
150654 0.00 0.00 0.00 0
150655 0.00 0.00 0.00 0
150656 0.00 0.00 0.00 0
150657 0.00 0.00 0.00 0
150658 0.00 0.00 0.00 0
150663 0.00 0.00 0.00 0
150664 0.00 0.00 0.00 0
150665 0.00 0.00 0.00 0
150666 0.00 0.00 0.00 0
150667 0.00 0.00 0.00 0
150671 0.00 0.00 0.00 0
150672 0.00 0.00 0.00 0
150673 0.00 0.00 0.00 0
150674 0.00 0.00 0.00 0
150675 0.00 0.00 0.00 0
150677 0.00 0.00 0.00 0
150678 0.00 0.00 0.00 0
150679 0.00 0.00 0.00 0
150680 0.00 0.00 0.00 0
150683 0.00 0.00 0.00 0
150684 0.00 0.00 0.00 0
150685 0.00 0.00 0.00 0
150686 0.00 0.00 0.00 0
150692 0.00 0.00 0.00 0
150693 0.00 0.00 0.00 0
150855 0.00 0.00 0.00 0
150856 0.00 0.00 0.00 0
150857 0.00 0.00 0.00 0
150871 0.00 0.00 0.00 0
150872 0.00 0.00 0.00 0
150873 0.00 0.00 0.00 0
150874 0.00 0.00 0.00 0
150875 0.00 0.00 0.00 0
150888 0.00 0.00 0.00 0
150889 0.00 0.00 0.00 0
150890 0.00 0.00 0.00 0
150891 0.00 0.00 0.00 0
150907 0.00 0.00 0.00 0
150908 0.00 0.00 0.00 0
150921 0.00 0.00 0.00 0
150922 0.00 0.00 0.00 0
150923 0.00 0.00 0.00 0
150924 0.00 0.00 0.00 0
150935 0.00 0.00 0.00 0
150936 0.00 0.00 0.00 0
150937 0.00 0.00 0.00 0
150938 0.00 0.00 0.00 0
150939 0.00 0.00 0.00 0
150940 0.00 0.00 0.00 0
150941 0.00 0.00 0.00 0
150951 0.00 0.00 0.00 0
150952 0.00 0.00 0.00 0
150953 0.00 0.00 0.00 0
150964 0.00 0.00 0.00 0
150965 0.00 0.00 0.00 0
150977 0.00 0.00 0.00 0
150987 0.00 0.00 0.00 0
150988 0.00 0.00 0.00 0
150996 0.00 0.00 0.00 0
150997 0.00 0.00 0.00 0
151006 0.00 0.00 0.00 0
151007 0.00 0.00 0.00 0
151008 0.00 0.00 0.00 0
151026 0.00 0.00 0.00 0
151027 0.00 0.00 0.00 0
151028 0.00 0.00 0.00 0
151029 0.00 0.00 0.00 0
151030 0.00 0.00 0.00 0
151031 0.00 0.00 0.00 0
151032 0.00 0.00 0.00 0
151033 0.00 0.00 0.00 0
151046 0.00 0.00 0.00 0
151047 0.00 0.00 0.00 0
151048 0.00 0.00 0.00 0
151049 0.00 0.00 0.00 0
151050 0.00 0.00 0.00 0
151051 0.00 0.00 0.00 0
151052 0.00 0.00 0.00 0
151063 0.00 0.00 0.00 0
151064 0.00 0.00 0.00 0
151071 0.00 0.00 0.00 0
151076 0.00 0.00 0.00 0
151077 0.00 0.00 0.00 0
151080 0.00 0.00 0.00 0
151081 0.00 0.00 0.00 0
151082 0.00 0.00 0.00 0
151090 0.00 0.00 0.00 0
151091 0.00 0.00 0.00 0
151092 0.00 0.00 0.00 0
151093 0.00 0.00 0.00 0
151094 0.00 0.00 0.00 0
151095 0.00 0.00 0.00 0
151096 0.00 0.00 0.00 0
151101 0.00 0.00 0.00 0
151102 0.00 0.00 0.00 0
151103 0.00 0.00 0.00 0
151104 0.00 0.00 0.00 0
151105 0.00 0.00 0.00 0
151109 0.00 0.00 0.00 0
151110 0.00 0.00 0.00 0
151111 0.00 0.00 0.00 0
151112 0.00 0.00 0.00 0
151113 0.00 0.00 0.00 0
151114 0.00 0.00 0.00 0
151115 0.00 0.00 0.00 0
151116 0.00 0.00 0.00 0
151117 0.00 0.00 0.00 0
151118 0.00 0.00 0.00 0
151119 0.00 0.00 0.00 0
151277 0.00 0.00 0.00 0
151291 0.00 0.00 0.00 0
151292 0.00 0.00 0.00 0
151308 0.00 0.00 0.00 0
151309 0.00 0.00 0.00 0
151326 0.00 0.00 0.00 0
151327 0.00 0.00 0.00 0
151339 0.00 0.00 0.00 0
151340 0.00 0.00 0.00 0
151341 0.00 0.00 0.00 0
151342 0.00 0.00 0.00 0
151343 0.00 0.00 0.00 0
151353 0.00 0.00 0.00 0
151354 0.00 0.00 0.00 0
151355 0.00 0.00 0.00 0
151356 0.00 0.00 0.00 0
151362 0.00 0.00 0.00 0
151363 0.00 0.00 0.00 0
151372 0.00 0.00 0.00 0
151373 0.00 0.00 0.00 0
151382 0.00 0.00 0.00 0
151383 0.00 0.00 0.00 0
151391 0.00 0.00 0.00 0
151392 0.00 0.00 0.00 0
151393 0.00 0.00 0.00 0
151401 0.00 0.00 0.00 0
151402 0.00 0.00 0.00 0
151403 0.00 0.00 0.00 0
151404 0.00 0.00 0.00 0
151405 0.00 0.00 0.00 0
151412 0.00 0.00 0.00 0
151413 0.00 0.00 0.00 0
151414 0.00 0.00 0.00 0
151415 0.00 0.00 0.00 0
151416 0.00 0.00 0.00 0
151417 0.00 0.00 0.00 0
151418 0.00 0.00 0.00 0
151438 0.00 0.00 0.00 0
151439 0.00 0.00 0.00 0
151440 0.00 0.00 0.00 0
151441 0.00 0.00 0.00 0
151442 0.00 0.00 0.00 0
151443 0.00 0.00 0.00 0
151444 0.00 0.00 0.00 0
151459 0.00 0.00 0.00 0
151460 0.00 0.00 0.00 0
151471 0.00 0.00 0.00 0
151472 0.00 0.00 0.00 0
151479 0.00 0.00 0.00 0
151484 0.00 0.00 0.00 0
151485 0.00 0.00 0.00 0
151489 0.00 0.00 0.00 0
151490 0.00 0.00 0.00 0
151491 0.00 0.00 0.00 0
151492 0.00 0.00 0.00 0
151493 0.00 0.00 0.00 0
151494 0.00 0.00 0.00 0
151501 0.00 0.00 0.00 0
151502 0.00 0.00 0.00 0
151503 0.00 0.00 0.00 0
151504 0.00 0.00 0.00 0
151505 0.00 0.00 0.00 0
151511 0.00 0.00 0.00 0
151512 0.00 0.00 0.00 0
151513 0.00 0.00 0.00 0
151517 0.00 0.00 0.00 0
151518 0.00 0.00 0.00 0
151519 0.00 0.00 0.00 0
151521 0.00 0.00 0.00 0
151522 0.00 0.00 0.00 0
151523 0.00 0.00 0.00 0
151524 0.00 0.00 0.00 0
151525 0.00 0.00 0.00 0
151709 0.00 0.00 0.00 0
151721 0.00 0.00 0.00 0
151722 0.00 0.00 0.00 0
151738 0.00 0.00 0.00 0
151739 0.00 0.00 0.00 0
151740 0.00 0.00 0.00 0
151741 0.00 0.00 0.00 0
151742 0.00 0.00 0.00 0
151755 0.00 0.00 0.00 0
151756 0.00 0.00 0.00 0
151757 0.00 0.00 0.00 0
151758 0.00 0.00 0.00 0
151759 0.00 0.00 0.00 0
151771 0.00 0.00 0.00 0
151772 0.00 0.00 0.00 0
151780 0.00 0.00 0.00 0
151791 0.00 0.00 0.00 0
151800 0.00 0.00 0.00 0
151801 0.00 0.00 0.00 0
151814 0.00 0.00 0.00 0
151815 0.00 0.00 0.00 0
151816 0.00 0.00 0.00 0
151825 0.00 0.00 0.00 0
151826 0.00 0.00 0.00 0
151827 0.00 0.00 0.00 0
151828 0.00 0.00 0.00 0
151829 0.00 0.00 0.00 0
151830 0.00 0.00 0.00 0
151831 0.00 0.00 0.00 0
151838 0.00 0.00 0.00 0
151839 0.00 0.00 0.00 0
151840 0.00 0.00 0.00 0
151841 0.00 0.00 0.00 0
151842 0.00 0.00 0.00 0
151843 0.00 0.00 0.00 0
151860 0.00 0.00 0.00 0
151861 0.00 0.00 0.00 0
151875 0.00 0.00 0.00 0
151876 0.00 0.00 0.00 0
151885 0.00 0.00 0.00 0
151886 0.00 0.00 0.00 0
151891 0.00 0.00 0.00 0
151892 0.00 0.00 0.00 0
151896 0.00 0.00 0.00 0
151897 0.00 0.00 0.00 0
151898 0.00 0.00 0.00 0
151901 0.00 0.00 0.00 0
151902 0.00 0.00 0.00 0
151903 0.00 0.00 0.00 0
151904 0.00 0.00 0.00 0
151905 0.00 0.00 0.00 0
151911 0.00 0.00 0.00 0
151912 0.00 0.00 0.00 0
151913 0.00 0.00 0.00 0
151914 0.00 0.00 0.00 0
151921 0.00 0.00 0.00 0
151922 0.00 0.00 0.00 0
151923 0.00 0.00 0.00 0
151927 0.00 0.00 0.00 0
151928 0.00 0.00 0.00 0
151929 0.00 0.00 0.00 0
151930 0.00 0.00 0.00 0
151931 0.00 0.00 0.00 0
152141 0.00 0.00 0.00 0
152155 0.00 0.00 0.00 0
152156 0.00 0.00 0.00 0
152157 0.00 0.00 0.00 0
152170 0.00 0.00 0.00 0
152171 0.00 0.00 0.00 0
152172 0.00 0.00 0.00 0
152173 0.00 0.00 0.00 0
152182 0.00 0.00 0.00 0
152183 0.00 0.00 0.00 0
152190 0.00 0.00 0.00 0
152191 0.00 0.00 0.00 0
152199 0.00 0.00 0.00 0
152212 0.00 0.00 0.00 0
152213 0.00 0.00 0.00 0
152228 0.00 0.00 0.00 0
152229 0.00 0.00 0.00 0
152230 0.00 0.00 0.00 0
152247 0.00 0.00 0.00 0
152248 0.00 0.00 0.00 0
152249 0.00 0.00 0.00 0
152250 0.00 0.00 0.00 0
152251 0.00 0.00 0.00 0
152252 0.00 0.00 0.00 0
152253 0.00 0.00 0.00 0
152267 0.00 0.00 0.00 0
152268 0.00 0.00 0.00 0
152269 0.00 0.00 0.00 0
152270 0.00 0.00 0.00 0
152271 0.00 0.00 0.00 0
152272 0.00 0.00 0.00 0
152286 0.00 0.00 0.00 0
152287 0.00 0.00 0.00 0
152303 0.00 0.00 0.00 0
152304 0.00 0.00 0.00 0
152316 0.00 0.00 0.00 0
152317 0.00 0.00 0.00 0
152324 0.00 0.00 0.00 0
152325 0.00 0.00 0.00 0
152328 0.00 0.00 0.00 0
152329 0.00 0.00 0.00 0
152333 0.00 0.00 0.00 0
152334 0.00 0.00 0.00 0
152335 0.00 0.00 0.00 0
152336 0.00 0.00 0.00 0
152342 0.00 0.00 0.00 0
152343 0.00 0.00 0.00 0
152344 0.00 0.00 0.00 0
152345 0.00 0.00 0.00 0
152353 0.00 0.00 0.00 0
152354 0.00 0.00 0.00 0
152355 0.00 0.00 0.00 0
152363 0.00 0.00 0.00 0
152364 0.00 0.00 0.00 0
152365 0.00 0.00 0.00 0
152370 0.00 0.00 0.00 0
152371 0.00 0.00 0.00 0
152372 0.00 0.00 0.00 0
152582 0.00 0.00 0.00 0
152583 0.00 0.00 0.00 0
152584 0.00 0.00 0.00 0
152585 0.00 0.00 0.00 0
152588 0.00 0.00 0.00 0
152589 0.00 0.00 0.00 0
152590 0.00 0.00 0.00 0
152591 0.00 0.00 0.00 0
152593 0.00 0.00 0.00 0
152594 0.00 0.00 0.00 0
152600 0.00 0.00 0.00 0
152601 0.00 0.00 0.00 0
152614 0.00 0.00 0.00 0
152615 0.00 0.00 0.00 0
152635 0.00 0.00 0.00 0
152636 0.00 0.00 0.00 0
152637 0.00 0.00 0.00 0
152658 0.00 0.00 0.00 0
152659 0.00 0.00 0.00 0
152660 0.00 0.00 0.00 0
152677 0.00 0.00 0.00 0
152678 0.00 0.00 0.00 0
152679 0.00 0.00 0.00 0
152680 0.00 0.00 0.00 0
152681 0.00 0.00 0.00 0
152682 0.00 0.00 0.00 0
152696 0.00 0.00 0.00 0
152714 0.00 0.00 0.00 0
152715 0.00 0.00 0.00 0
152728 0.00 0.00 0.00 0
152729 0.00 0.00 0.00 0
152730 0.00 0.00 0.00 0
152742 0.00 0.00 0.00 0
152743 0.00 0.00 0.00 0
152744 0.00 0.00 0.00 0
152747 0.00 0.00 0.00 0
152748 0.00 0.00 0.00 0
152754 0.00 0.00 0.00 0
152755 0.00 0.00 0.00 0
152761 0.00 0.00 0.00 0
152762 0.00 0.00 0.00 0
152763 0.00 0.00 0.00 0
152764 0.00 0.00 0.00 0
152765 0.00 0.00 0.00 0
152770 0.00 0.00 0.00 0
152771 0.00 0.00 0.00 0
152772 0.00 0.00 0.00 0
152773 0.00 0.00 0.00 0
152779 0.00 0.00 0.00 0
152780 0.00 0.00 0.00 0
152781 0.00 0.00 0.00 0
152782 0.00 0.00 0.00 0
152789 0.00 0.00 0.00 0
152790 0.00 0.00 0.00 0
152791 0.00 0.00 0.00 0
152954 0.00 0.00 0.00 0
152955 0.00 0.00 0.00 0
152956 0.00 0.00 0.00 0
152957 0.00 0.00 0.00 0
152960 0.00 0.00 0.00 0
152961 0.00 0.00 0.00 0
152962 0.00 0.00 0.00 0
152965 0.00 0.00 0.00 0
152968 0.00 0.00 0.00 0
152969 0.00 0.00 0.00 0
152983 0.00 0.00 0.00 0
152984 0.00 0.00 0.00 0
153000 0.00 0.00 0.00 0
153001 0.00 0.00 0.00 0
153002 0.00 0.00 0.00 0
153003 0.00 0.00 0.00 0
153020 0.00 0.00 0.00 0
153021 0.00 0.00 0.00 0
153022 0.00 0.00 0.00 0
153023 0.00 0.00 0.00 0
153024 0.00 0.00 0.00 0
153038 0.00 0.00 0.00 0
153039 0.00 0.00 0.00 0
153040 0.00 0.00 0.00 0
153041 0.00 0.00 0.00 0
153042 0.00 0.00 0.00 0
153055 0.00 0.00 0.00 0
153056 0.00 0.00 0.00 0
153076 0.00 0.00 0.00 0
153077 0.00 0.00 0.00 0
153083 0.00 0.00 0.00 0
153084 0.00 0.00 0.00 0
153085 0.00 0.00 0.00 0
153093 0.00 0.00 0.00 0
153094 0.00 0.00 0.00 0
153095 0.00 0.00 0.00 0
153105 0.00 0.00 0.00 0
153106 0.00 0.00 0.00 0
153112 0.00 0.00 0.00 0
153113 0.00 0.00 0.00 0
153116 0.00 0.00 0.00 0
153117 0.00 0.00 0.00 0
153118 0.00 0.00 0.00 0
153119 0.00 0.00 0.00 0
153122 0.00 0.00 0.00 0
153123 0.00 0.00 0.00 0
153124 0.00 0.00 0.00 0
153125 0.00 0.00 0.00 0
153128 0.00 0.00 0.00 0
153129 0.00 0.00 0.00 0
153130 0.00 0.00 0.00 0
153264 0.00 0.00 0.00 0
153265 0.00 0.00 0.00 0
153266 0.00 0.00 0.00 0
153269 0.00 0.00 0.00 0
153270 0.00 0.00 0.00 0
153272 0.00 0.00 0.00 0
153273 0.00 0.00 0.00 0
153275 0.00 0.00 0.00 0
153276 0.00 0.00 0.00 0
153277 0.00 0.00 0.00 0
153287 0.00 0.00 0.00 0
153288 0.00 0.00 0.00 0
153289 0.00 0.00 0.00 0
153305 0.00 0.00 0.00 0
153306 0.00 0.00 0.00 0
153307 0.00 0.00 0.00 0
153308 0.00 0.00 0.00 0
153309 0.00 0.00 0.00 0
153327 0.00 0.00 0.00 0
153328 0.00 0.00 0.00 0
153329 0.00 0.00 0.00 0
153343 0.00 0.00 0.00 0
153344 0.00 0.00 0.00 0
153357 0.00 0.00 0.00 0
153358 0.00 0.00 0.00 0
153380 0.00 0.00 0.00 0
153384 0.00 0.00 0.00 0
153385 0.00 0.00 0.00 0
153386 0.00 0.00 0.00 0
153387 0.00 0.00 0.00 0
153388 0.00 0.00 0.00 0
153394 0.00 0.00 0.00 0
153395 0.00 0.00 0.00 0
153396 0.00 0.00 0.00 0
153407 0.00 0.00 0.00 0
153410 0.00 0.00 0.00 0
153411 0.00 0.00 0.00 0
153414 0.00 0.00 0.00 0
153415 0.00 0.00 0.00 0
153418 0.00 0.00 0.00 0
153419 0.00 0.00 0.00 0
153420 0.00 0.00 0.00 0
153421 0.00 0.00 0.00 0
153423 0.00 0.00 0.00 0
153424 0.00 0.00 0.00 0
153425 0.00 0.00 0.00 0
153515 0.00 0.00 0.00 0
153516 0.00 0.00 0.00 0
153519 0.00 0.00 0.00 0
153521 0.00 0.00 0.00 0
153523 0.00 0.00 0.00 0
153524 0.00 0.00 0.00 0
153525 0.00 0.00 0.00 0
153531 0.00 0.00 0.00 0
153532 0.00 0.00 0.00 0
153533 0.00 0.00 0.00 0
153534 0.00 0.00 0.00 0
153552 0.00 0.00 0.00 0
153553 0.00 0.00 0.00 0
153554 0.00 0.00 0.00 0
153573 0.00 0.00 0.00 0
153587 0.00 0.00 0.00 0
153598 0.00 0.00 0.00 0
153619 0.00 0.00 0.00 0
153623 0.00 0.00 0.00 0
153624 0.00 0.00 0.00 0
153625 0.00 0.00 0.00 0
153626 0.00 0.00 0.00 0
153627 0.00 0.00 0.00 0
153733 0.00 0.00 0.00 0
153734 0.00 0.00 0.00 0
153741 0.00 0.00 0.00 0
153744 0.00 0.00 0.00 0
153745 0.00 0.00 0.00 0
153746 0.00 0.00 0.00 0
153749 0.00 0.00 0.00 0
153750 0.00 0.00 0.00 0
153751 0.00 0.00 0.00 0
153752 0.00 0.00 0.00 0
153764 0.00 0.00 0.00 0
153765 0.00 0.00 0.00 0
153921 0.00 0.00 0.00 0
153927 0.00 0.00 0.00 0
153928 0.00 0.00 0.00 0
153935 0.00 0.00 0.00 0
153936 0.00 0.00 0.00 0
153937 0.00 0.00 0.00 0
153942 0.00 0.00 0.00 0
154838 0.00 0.00 0.00 0
154840 0.00 0.00 0.00 0
154845 0.00 0.00 0.00 0
154857 0.00 0.00 0.00 0
154858 0.00 0.00 0.00 0
154859 0.00 0.00 0.00 0
154860 0.00 0.00 0.00 0
154861 0.00 0.00 0.00 0
154862 0.00 0.00 0.00 0
154863 0.00 0.00 0.00 0
154865 0.00 0.00 0.00 0
154866 0.00 0.00 0.00 0
154885 0.00 0.00 0.00 0
154886 0.00 0.00 0.00 0
155043 0.00 0.00 0.00 0
155044 0.00 0.00 0.00 0
155048 0.00 0.00 0.00 0
155118 0.00 0.00 0.00 0
155120 0.00 0.00 0.00 0
155291 0.00 0.00 0.00 0
155292 0.00 0.00 0.00 0
155293 0.00 0.00 0.00 0
155294 0.00 0.00 0.00 0
155295 0.00 0.00 0.00 0
155296 0.00 0.00 0.00 0
155297 0.00 0.00 0.00 0
155298 0.00 0.00 0.00 0
155299 0.00 0.00 0.00 0
155300 0.00 0.00 0.00 0
155301 0.00 0.00 0.00 0
155302 0.00 0.00 0.00 0
155303 0.00 0.00 0.00 0
155304 0.00 0.00 0.00 0
155305 0.00 0.00 0.00 0
155306 0.00 0.00 0.00 0
155307 0.00 0.00 0.00 0
155308 0.00 0.00 0.00 0
155309 0.00 0.00 0.00 0
155310 0.00 0.00 0.00 0
