# medialorbitofrontal
3103
115421 0.00 0.00 0.00 0
116503 0.00 0.00 0.00 0
116504 0.00 0.00 0.00 0
116517 0.00 0.00 0.00 0
116518 0.00 0.00 0.00 0
117549 0.00 0.00 0.00 0
117557 0.00 0.00 0.00 0
117558 0.00 0.00 0.00 0
117572 0.00 0.00 0.00 0
118623 0.00 0.00 0.00 0
118634 0.00 0.00 0.00 0
118642 0.00 0.00 0.00 0
118643 0.00 0.00 0.00 0
118653 0.00 0.00 0.00 0
119753 0.00 0.00 0.00 0
119761 0.00 0.00 0.00 0
119769 0.00 0.00 0.00 0
119770 0.00 0.00 0.00 0
119778 0.00 0.00 0.00 0
119788 0.00 0.00 0.00 0
119789 0.00 0.00 0.00 0
119803 0.00 0.00 0.00 0
119820 0.00 0.00 0.00 0
120795 0.00 0.00 0.00 0
120799 0.00 0.00 0.00 0
120800 0.00 0.00 0.00 0
120804 0.00 0.00 0.00 0
120805 0.00 0.00 0.00 0
120811 0.00 0.00 0.00 0
120812 0.00 0.00 0.00 0
120813 0.00 0.00 0.00 0
120818 0.00 0.00 0.00 0
120819 0.00 0.00 0.00 0
120825 0.00 0.00 0.00 0
120826 0.00 0.00 0.00 0
120837 0.00 0.00 0.00 0
120838 0.00 0.00 0.00 0
120861 0.00 0.00 0.00 0
120862 0.00 0.00 0.00 0
120863 0.00 0.00 0.00 0
121801 0.00 0.00 0.00 0
121804 0.00 0.00 0.00 0
121810 0.00 0.00 0.00 0
121811 0.00 0.00 0.00 0
121817 0.00 0.00 0.00 0
121824 0.00 0.00 0.00 0
121831 0.00 0.00 0.00 0
121854 0.00 0.00 0.00 0
121855 0.00 0.00 0.00 0
121856 0.00 0.00 0.00 0
122829 0.00 0.00 0.00 0
122832 0.00 0.00 0.00 0
122833 0.00 0.00 0.00 0
122838 0.00 0.00 0.00 0
122843 0.00 0.00 0.00 0
122850 0.00 0.00 0.00 0
122851 0.00 0.00 0.00 0
122874 0.00 0.00 0.00 0
122875 0.00 0.00 0.00 0
122876 0.00 0.00 0.00 0
123789 0.00 0.00 0.00 0
123793 0.00 0.00 0.00 0
123797 0.00 0.00 0.00 0
123802 0.00 0.00 0.00 0
123820 0.00 0.00 0.00 0
123821 0.00 0.00 0.00 0
123848 0.00 0.00 0.00 0
123849 0.00 0.00 0.00 0
124708 0.00 0.00 0.00 0
124713 0.00 0.00 0.00 0
124714 0.00 0.00 0.00 0
124717 0.00 0.00 0.00 0
124718 0.00 0.00 0.00 0
124732 0.00 0.00 0.00 0
124733 0.00 0.00 0.00 0
124755 0.00 0.00 0.00 0
124756 0.00 0.00 0.00 0
124770 0.00 0.00 0.00 0
124771 0.00 0.00 0.00 0
125592 0.00 0.00 0.00 0
125597 0.00 0.00 0.00 0
125598 0.00 0.00 0.00 0
125610 0.00 0.00 0.00 0
125611 0.00 0.00 0.00 0
125612 0.00 0.00 0.00 0
125628 0.00 0.00 0.00 0
125629 0.00 0.00 0.00 0
125630 0.00 0.00 0.00 0
125631 0.00 0.00 0.00 0
125644 0.00 0.00 0.00 0
125645 0.00 0.00 0.00 0
125646 0.00 0.00 0.00 0
125647 0.00 0.00 0.00 0
125655 0.00 0.00 0.00 0
125656 0.00 0.00 0.00 0
125665 0.00 0.00 0.00 0
125666 0.00 0.00 0.00 0
126463 0.00 0.00 0.00 0
126465 0.00 0.00 0.00 0
126473 0.00 0.00 0.00 0
126474 0.00 0.00 0.00 0
126475 0.00 0.00 0.00 0
126487 0.00 0.00 0.00 0
126500 0.00 0.00 0.00 0
126501 0.00 0.00 0.00 0
126502 0.00 0.00 0.00 0
126511 0.00 0.00 0.00 0
126512 0.00 0.00 0.00 0
126513 0.00 0.00 0.00 0
126514 0.00 0.00 0.00 0
126522 0.00 0.00 0.00 0
126523 0.00 0.00 0.00 0
126524 0.00 0.00 0.00 0
126525 0.00 0.00 0.00 0
126534 0.00 0.00 0.00 0
126535 0.00 0.00 0.00 0
126536 0.00 0.00 0.00 0
126547 0.00 0.00 0.00 0
126548 0.00 0.00 0.00 0
126549 0.00 0.00 0.00 0
127291 0.00 0.00 0.00 0
127295 0.00 0.00 0.00 0
127300 0.00 0.00 0.00 0
127301 0.00 0.00 0.00 0
127302 0.00 0.00 0.00 0
127303 0.00 0.00 0.00 0
127304 0.00 0.00 0.00 0
127305 0.00 0.00 0.00 0
127314 0.00 0.00 0.00 0
127315 0.00 0.00 0.00 0
127316 0.00 0.00 0.00 0
127330 0.00 0.00 0.00 0
127331 0.00 0.00 0.00 0
127332 0.00 0.00 0.00 0
127339 0.00 0.00 0.00 0
127340 0.00 0.00 0.00 0
127348 0.00 0.00 0.00 0
127349 0.00 0.00 0.00 0
127350 0.00 0.00 0.00 0
127358 0.00 0.00 0.00 0
127359 0.00 0.00 0.00 0
127360 0.00 0.00 0.00 0
127361 0.00 0.00 0.00 0
127370 0.00 0.00 0.00 0
127371 0.00 0.00 0.00 0
127383 0.00 0.00 0.00 0
127384 0.00 0.00 0.00 0
127385 0.00 0.00 0.00 0
127394 0.00 0.00 0.00 0
127395 0.00 0.00 0.00 0
127396 0.00 0.00 0.00 0
128140 0.00 0.00 0.00 0
128144 0.00 0.00 0.00 0
128151 0.00 0.00 0.00 0
128152 0.00 0.00 0.00 0
128153 0.00 0.00 0.00 0
128154 0.00 0.00 0.00 0
128155 0.00 0.00 0.00 0
128163 0.00 0.00 0.00 0
128164 0.00 0.00 0.00 0
128165 0.00 0.00 0.00 0
128166 0.00 0.00 0.00 0
128167 0.00 0.00 0.00 0
128176 0.00 0.00 0.00 0
128177 0.00 0.00 0.00 0
128179 0.00 0.00 0.00 0
128188 0.00 0.00 0.00 0
128189 0.00 0.00 0.00 0
128190 0.00 0.00 0.00 0
128200 0.00 0.00 0.00 0
128201 0.00 0.00 0.00 0
128202 0.00 0.00 0.00 0
128203 0.00 0.00 0.00 0
128210 0.00 0.00 0.00 0
128211 0.00 0.00 0.00 0
128212 0.00 0.00 0.00 0
128213 0.00 0.00 0.00 0
128222 0.00 0.00 0.00 0
128223 0.00 0.00 0.00 0
128233 0.00 0.00 0.00 0
128234 0.00 0.00 0.00 0
128241 0.00 0.00 0.00 0
128242 0.00 0.00 0.00 0
128243 0.00 0.00 0.00 0
128252 0.00 0.00 0.00 0
128253 0.00 0.00 0.00 0
129016 0.00 0.00 0.00 0
129036 0.00 0.00 0.00 0
129041 0.00 0.00 0.00 0
129042 0.00 0.00 0.00 0
129043 0.00 0.00 0.00 0
129050 0.00 0.00 0.00 0
129051 0.00 0.00 0.00 0
129052 0.00 0.00 0.00 0
129053 0.00 0.00 0.00 0
129054 0.00 0.00 0.00 0
129060 0.00 0.00 0.00 0
129061 0.00 0.00 0.00 0
129062 0.00 0.00 0.00 0
129063 0.00 0.00 0.00 0
129064 0.00 0.00 0.00 0
129069 0.00 0.00 0.00 0
129070 0.00 0.00 0.00 0
129071 0.00 0.00 0.00 0
129072 0.00 0.00 0.00 0
129073 0.00 0.00 0.00 0
129083 0.00 0.00 0.00 0
129084 0.00 0.00 0.00 0
129085 0.00 0.00 0.00 0
129092 0.00 0.00 0.00 0
129093 0.00 0.00 0.00 0
129094 0.00 0.00 0.00 0
129095 0.00 0.00 0.00 0
129103 0.00 0.00 0.00 0
129104 0.00 0.00 0.00 0
129105 0.00 0.00 0.00 0
129106 0.00 0.00 0.00 0
129107 0.00 0.00 0.00 0
129118 0.00 0.00 0.00 0
129119 0.00 0.00 0.00 0
129120 0.00 0.00 0.00 0
129121 0.00 0.00 0.00 0
129130 0.00 0.00 0.00 0
129131 0.00 0.00 0.00 0
129132 0.00 0.00 0.00 0
129133 0.00 0.00 0.00 0
129134 0.00 0.00 0.00 0
129135 0.00 0.00 0.00 0
129136 0.00 0.00 0.00 0
129144 0.00 0.00 0.00 0
129145 0.00 0.00 0.00 0
129952 0.00 0.00 0.00 0
129965 0.00 0.00 0.00 0
129966 0.00 0.00 0.00 0
129967 0.00 0.00 0.00 0
129970 0.00 0.00 0.00 0
129971 0.00 0.00 0.00 0
129974 0.00 0.00 0.00 0
129977 0.00 0.00 0.00 0
129982 0.00 0.00 0.00 0
129983 0.00 0.00 0.00 0
129984 0.00 0.00 0.00 0
129985 0.00 0.00 0.00 0
129990 0.00 0.00 0.00 0
129991 0.00 0.00 0.00 0
129992 0.00 0.00 0.00 0
129993 0.00 0.00 0.00 0
129994 0.00 0.00 0.00 0
129999 0.00 0.00 0.00 0
130000 0.00 0.00 0.00 0
130001 0.00 0.00 0.00 0
130006 0.00 0.00 0.00 0
130007 0.00 0.00 0.00 0
130008 0.00 0.00 0.00 0
130009 0.00 0.00 0.00 0
130010 0.00 0.00 0.00 0
130016 0.00 0.00 0.00 0
130017 0.00 0.00 0.00 0
130018 0.00 0.00 0.00 0
130019 0.00 0.00 0.00 0
130020 0.00 0.00 0.00 0
130028 0.00 0.00 0.00 0
130029 0.00 0.00 0.00 0
130030 0.00 0.00 0.00 0
130031 0.00 0.00 0.00 0
130041 0.00 0.00 0.00 0
130042 0.00 0.00 0.00 0
130043 0.00 0.00 0.00 0
130044 0.00 0.00 0.00 0
130045 0.00 0.00 0.00 0
130054 0.00 0.00 0.00 0
130055 0.00 0.00 0.00 0
130056 0.00 0.00 0.00 0
130057 0.00 0.00 0.00 0
130058 0.00 0.00 0.00 0
130066 0.00 0.00 0.00 0
130067 0.00 0.00 0.00 0
130068 0.00 0.00 0.00 0
130076 0.00 0.00 0.00 0
130077 0.00 0.00 0.00 0
130078 0.00 0.00 0.00 0
130079 0.00 0.00 0.00 0
130087 0.00 0.00 0.00 0
130088 0.00 0.00 0.00 0
130814 0.00 0.00 0.00 0
130828 0.00 0.00 0.00 0
130837 0.00 0.00 0.00 0
130838 0.00 0.00 0.00 0
130841 0.00 0.00 0.00 0
130842 0.00 0.00 0.00 0
130845 0.00 0.00 0.00 0
130848 0.00 0.00 0.00 0
130849 0.00 0.00 0.00 0
130855 0.00 0.00 0.00 0
130856 0.00 0.00 0.00 0
130857 0.00 0.00 0.00 0
130858 0.00 0.00 0.00 0
130869 0.00 0.00 0.00 0
130870 0.00 0.00 0.00 0
130871 0.00 0.00 0.00 0
130872 0.00 0.00 0.00 0
130884 0.00 0.00 0.00 0
130885 0.00 0.00 0.00 0
130886 0.00 0.00 0.00 0
130887 0.00 0.00 0.00 0
130900 0.00 0.00 0.00 0
130901 0.00 0.00 0.00 0
130902 0.00 0.00 0.00 0
130915 0.00 0.00 0.00 0
130916 0.00 0.00 0.00 0
130917 0.00 0.00 0.00 0
130918 0.00 0.00 0.00 0
130929 0.00 0.00 0.00 0
130930 0.00 0.00 0.00 0
130931 0.00 0.00 0.00 0
130932 0.00 0.00 0.00 0
130940 0.00 0.00 0.00 0
130941 0.00 0.00 0.00 0
130950 0.00 0.00 0.00 0
130951 0.00 0.00 0.00 0
130952 0.00 0.00 0.00 0
131708 0.00 0.00 0.00 0
131717 0.00 0.00 0.00 0
131718 0.00 0.00 0.00 0
131725 0.00 0.00 0.00 0
131726 0.00 0.00 0.00 0
131733 0.00 0.00 0.00 0
131734 0.00 0.00 0.00 0
131741 0.00 0.00 0.00 0
131742 0.00 0.00 0.00 0
131756 0.00 0.00 0.00 0
131757 0.00 0.00 0.00 0
131758 0.00 0.00 0.00 0
131772 0.00 0.00 0.00 0
131773 0.00 0.00 0.00 0
131774 0.00 0.00 0.00 0
131785 0.00 0.00 0.00 0
131786 0.00 0.00 0.00 0
131787 0.00 0.00 0.00 0
131788 0.00 0.00 0.00 0
131802 0.00 0.00 0.00 0
131803 0.00 0.00 0.00 0
131804 0.00 0.00 0.00 0
131819 0.00 0.00 0.00 0
131820 0.00 0.00 0.00 0
131821 0.00 0.00 0.00 0
131837 0.00 0.00 0.00 0
131838 0.00 0.00 0.00 0
131839 0.00 0.00 0.00 0
131853 0.00 0.00 0.00 0
132586 0.00 0.00 0.00 0
132597 0.00 0.00 0.00 0
132598 0.00 0.00 0.00 0
132607 0.00 0.00 0.00 0
132608 0.00 0.00 0.00 0
132617 0.00 0.00 0.00 0
132618 0.00 0.00 0.00 0
132619 0.00 0.00 0.00 0
132631 0.00 0.00 0.00 0
132632 0.00 0.00 0.00 0
132650 0.00 0.00 0.00 0
132651 0.00 0.00 0.00 0
132663 0.00 0.00 0.00 0
132664 0.00 0.00 0.00 0
132665 0.00 0.00 0.00 0
132680 0.00 0.00 0.00 0
132681 0.00 0.00 0.00 0
132682 0.00 0.00 0.00 0
132696 0.00 0.00 0.00 0
132697 0.00 0.00 0.00 0
132710 0.00 0.00 0.00 0
132711 0.00 0.00 0.00 0
132712 0.00 0.00 0.00 0
132727 0.00 0.00 0.00 0
132728 0.00 0.00 0.00 0
132729 0.00 0.00 0.00 0
132730 0.00 0.00 0.00 0
132745 0.00 0.00 0.00 0
132780 0.00 0.00 0.00 0
132781 0.00 0.00 0.00 0
132782 0.00 0.00 0.00 0
133431 0.00 0.00 0.00 0
133444 0.00 0.00 0.00 0
133445 0.00 0.00 0.00 0
133456 0.00 0.00 0.00 0
133457 0.00 0.00 0.00 0
133470 0.00 0.00 0.00 0
133471 0.00 0.00 0.00 0
133472 0.00 0.00 0.00 0
133492 0.00 0.00 0.00 0
133510 0.00 0.00 0.00 0
133511 0.00 0.00 0.00 0
133532 0.00 0.00 0.00 0
133533 0.00 0.00 0.00 0
133534 0.00 0.00 0.00 0
133554 0.00 0.00 0.00 0
133555 0.00 0.00 0.00 0
133556 0.00 0.00 0.00 0
133569 0.00 0.00 0.00 0
133570 0.00 0.00 0.00 0
133583 0.00 0.00 0.00 0
133584 0.00 0.00 0.00 0
133585 0.00 0.00 0.00 0
133600 0.00 0.00 0.00 0
133601 0.00 0.00 0.00 0
133602 0.00 0.00 0.00 0
133603 0.00 0.00 0.00 0
133618 0.00 0.00 0.00 0
133619 0.00 0.00 0.00 0
133638 0.00 0.00 0.00 0
133651 0.00 0.00 0.00 0
133652 0.00 0.00 0.00 0
133653 0.00 0.00 0.00 0
133654 0.00 0.00 0.00 0
133665 0.00 0.00 0.00 0
133666 0.00 0.00 0.00 0
133667 0.00 0.00 0.00 0
133668 0.00 0.00 0.00 0
133673 0.00 0.00 0.00 0
133674 0.00 0.00 0.00 0
133675 0.00 0.00 0.00 0
133676 0.00 0.00 0.00 0
134345 0.00 0.00 0.00 0
134359 0.00 0.00 0.00 0
134373 0.00 0.00 0.00 0
134374 0.00 0.00 0.00 0
134390 0.00 0.00 0.00 0
134391 0.00 0.00 0.00 0
134392 0.00 0.00 0.00 0
134393 0.00 0.00 0.00 0
134410 0.00 0.00 0.00 0
134411 0.00 0.00 0.00 0
134429 0.00 0.00 0.00 0
134430 0.00 0.00 0.00 0
134448 0.00 0.00 0.00 0
134449 0.00 0.00 0.00 0
134450 0.00 0.00 0.00 0
134464 0.00 0.00 0.00 0
134465 0.00 0.00 0.00 0
134466 0.00 0.00 0.00 0
134467 0.00 0.00 0.00 0
134482 0.00 0.00 0.00 0
134483 0.00 0.00 0.00 0
134484 0.00 0.00 0.00 0
134504 0.00 0.00 0.00 0
134505 0.00 0.00 0.00 0
134506 0.00 0.00 0.00 0
134507 0.00 0.00 0.00 0
134529 0.00 0.00 0.00 0
134530 0.00 0.00 0.00 0
134531 0.00 0.00 0.00 0
134532 0.00 0.00 0.00 0
134555 0.00 0.00 0.00 0
134556 0.00 0.00 0.00 0
134557 0.00 0.00 0.00 0
134558 0.00 0.00 0.00 0
134559 0.00 0.00 0.00 0
134585 0.00 0.00 0.00 0
134586 0.00 0.00 0.00 0
134587 0.00 0.00 0.00 0
134588 0.00 0.00 0.00 0
134608 0.00 0.00 0.00 0
134609 0.00 0.00 0.00 0
134610 0.00 0.00 0.00 0
134611 0.00 0.00 0.00 0
134627 0.00 0.00 0.00 0
134628 0.00 0.00 0.00 0
134629 0.00 0.00 0.00 0
134630 0.00 0.00 0.00 0
134639 0.00 0.00 0.00 0
134640 0.00 0.00 0.00 0
134641 0.00 0.00 0.00 0
135258 0.00 0.00 0.00 0
135276 0.00 0.00 0.00 0
135290 0.00 0.00 0.00 0
135291 0.00 0.00 0.00 0
135300 0.00 0.00 0.00 0
135301 0.00 0.00 0.00 0
135302 0.00 0.00 0.00 0
135303 0.00 0.00 0.00 0
135304 0.00 0.00 0.00 0
135312 0.00 0.00 0.00 0
135313 0.00 0.00 0.00 0
135325 0.00 0.00 0.00 0
135336 0.00 0.00 0.00 0
135345 0.00 0.00 0.00 0
135346 0.00 0.00 0.00 0
135347 0.00 0.00 0.00 0
135355 0.00 0.00 0.00 0
135356 0.00 0.00 0.00 0
135357 0.00 0.00 0.00 0
135367 0.00 0.00 0.00 0
135368 0.00 0.00 0.00 0
135369 0.00 0.00 0.00 0
135370 0.00 0.00 0.00 0
135388 0.00 0.00 0.00 0
135389 0.00 0.00 0.00 0
135390 0.00 0.00 0.00 0
135391 0.00 0.00 0.00 0
135392 0.00 0.00 0.00 0
135409 0.00 0.00 0.00 0
135410 0.00 0.00 0.00 0
135411 0.00 0.00 0.00 0
135412 0.00 0.00 0.00 0
135413 0.00 0.00 0.00 0
135429 0.00 0.00 0.00 0
135430 0.00 0.00 0.00 0
135431 0.00 0.00 0.00 0
135432 0.00 0.00 0.00 0
135446 0.00 0.00 0.00 0
135447 0.00 0.00 0.00 0
135448 0.00 0.00 0.00 0
135449 0.00 0.00 0.00 0
135459 0.00 0.00 0.00 0
135460 0.00 0.00 0.00 0
135461 0.00 0.00 0.00 0
135462 0.00 0.00 0.00 0
135468 0.00 0.00 0.00 0
135469 0.00 0.00 0.00 0
136096 0.00 0.00 0.00 0
136105 0.00 0.00 0.00 0
136106 0.00 0.00 0.00 0
136113 0.00 0.00 0.00 0
136114 0.00 0.00 0.00 0
136123 0.00 0.00 0.00 0
136124 0.00 0.00 0.00 0
136125 0.00 0.00 0.00 0
136126 0.00 0.00 0.00 0
136127 0.00 0.00 0.00 0
136138 0.00 0.00 0.00 0
136139 0.00 0.00 0.00 0
136149 0.00 0.00 0.00 0
136162 0.00 0.00 0.00 0
136173 0.00 0.00 0.00 0
136174 0.00 0.00 0.00 0
136175 0.00 0.00 0.00 0
136184 0.00 0.00 0.00 0
136185 0.00 0.00 0.00 0
136186 0.00 0.00 0.00 0
136197 0.00 0.00 0.00 0
136198 0.00 0.00 0.00 0
136199 0.00 0.00 0.00 0
136215 0.00 0.00 0.00 0
136216 0.00 0.00 0.00 0
136217 0.00 0.00 0.00 0
136218 0.00 0.00 0.00 0
136234 0.00 0.00 0.00 0
136235 0.00 0.00 0.00 0
136236 0.00 0.00 0.00 0
136237 0.00 0.00 0.00 0
136250 0.00 0.00 0.00 0
136251 0.00 0.00 0.00 0
136252 0.00 0.00 0.00 0
136253 0.00 0.00 0.00 0
136265 0.00 0.00 0.00 0
136266 0.00 0.00 0.00 0
136267 0.00 0.00 0.00 0
136277 0.00 0.00 0.00 0
136278 0.00 0.00 0.00 0
136279 0.00 0.00 0.00 0
136876 0.00 0.00 0.00 0
136877 0.00 0.00 0.00 0
136881 0.00 0.00 0.00 0
136882 0.00 0.00 0.00 0
136893 0.00 0.00 0.00 0
136894 0.00 0.00 0.00 0
136904 0.00 0.00 0.00 0
136905 0.00 0.00 0.00 0
136906 0.00 0.00 0.00 0
136907 0.00 0.00 0.00 0
136908 0.00 0.00 0.00 0
136927 0.00 0.00 0.00 0
136928 0.00 0.00 0.00 0
136929 0.00 0.00 0.00 0
136930 0.00 0.00 0.00 0
136954 0.00 0.00 0.00 0
136978 0.00 0.00 0.00 0
136998 0.00 0.00 0.00 0
136999 0.00 0.00 0.00 0
137007 0.00 0.00 0.00 0
137008 0.00 0.00 0.00 0
137009 0.00 0.00 0.00 0
137020 0.00 0.00 0.00 0
137021 0.00 0.00 0.00 0
137022 0.00 0.00 0.00 0
137023 0.00 0.00 0.00 0
137039 0.00 0.00 0.00 0
137040 0.00 0.00 0.00 0
137041 0.00 0.00 0.00 0
137042 0.00 0.00 0.00 0
137057 0.00 0.00 0.00 0
137058 0.00 0.00 0.00 0
137059 0.00 0.00 0.00 0
137060 0.00 0.00 0.00 0
137061 0.00 0.00 0.00 0
137074 0.00 0.00 0.00 0
137075 0.00 0.00 0.00 0
137076 0.00 0.00 0.00 0
137084 0.00 0.00 0.00 0
137085 0.00 0.00 0.00 0
137086 0.00 0.00 0.00 0
137087 0.00 0.00 0.00 0
137088 0.00 0.00 0.00 0
137089 0.00 0.00 0.00 0
137643 0.00 0.00 0.00 0
137654 0.00 0.00 0.00 0
137655 0.00 0.00 0.00 0
137656 0.00 0.00 0.00 0
137665 0.00 0.00 0.00 0
137666 0.00 0.00 0.00 0
137679 0.00 0.00 0.00 0
137680 0.00 0.00 0.00 0
137703 0.00 0.00 0.00 0
137704 0.00 0.00 0.00 0
137705 0.00 0.00 0.00 0
137730 0.00 0.00 0.00 0
137731 0.00 0.00 0.00 0
137732 0.00 0.00 0.00 0
137733 0.00 0.00 0.00 0
137753 0.00 0.00 0.00 0
137767 0.00 0.00 0.00 0
137768 0.00 0.00 0.00 0
137788 0.00 0.00 0.00 0
137789 0.00 0.00 0.00 0
137790 0.00 0.00 0.00 0
137808 0.00 0.00 0.00 0
137809 0.00 0.00 0.00 0
137810 0.00 0.00 0.00 0
137820 0.00 0.00 0.00 0
137821 0.00 0.00 0.00 0
137822 0.00 0.00 0.00 0
137823 0.00 0.00 0.00 0
137824 0.00 0.00 0.00 0
137841 0.00 0.00 0.00 0
137842 0.00 0.00 0.00 0
137843 0.00 0.00 0.00 0
137844 0.00 0.00 0.00 0
137845 0.00 0.00 0.00 0
137862 0.00 0.00 0.00 0
137863 0.00 0.00 0.00 0
137864 0.00 0.00 0.00 0
137865 0.00 0.00 0.00 0
137866 0.00 0.00 0.00 0
137876 0.00 0.00 0.00 0
137877 0.00 0.00 0.00 0
137878 0.00 0.00 0.00 0
137879 0.00 0.00 0.00 0
137881 0.00 0.00 0.00 0
137882 0.00 0.00 0.00 0
137883 0.00 0.00 0.00 0
138388 0.00 0.00 0.00 0
138389 0.00 0.00 0.00 0
138402 0.00 0.00 0.00 0
138403 0.00 0.00 0.00 0
138418 0.00 0.00 0.00 0
138439 0.00 0.00 0.00 0
138465 0.00 0.00 0.00 0
138466 0.00 0.00 0.00 0
138483 0.00 0.00 0.00 0
138484 0.00 0.00 0.00 0
138485 0.00 0.00 0.00 0
138486 0.00 0.00 0.00 0
138487 0.00 0.00 0.00 0
138488 0.00 0.00 0.00 0
138507 0.00 0.00 0.00 0
138508 0.00 0.00 0.00 0
138509 0.00 0.00 0.00 0
138524 0.00 0.00 0.00 0
138525 0.00 0.00 0.00 0
138540 0.00 0.00 0.00 0
138541 0.00 0.00 0.00 0
138563 0.00 0.00 0.00 0
138564 0.00 0.00 0.00 0
138565 0.00 0.00 0.00 0
138585 0.00 0.00 0.00 0
138586 0.00 0.00 0.00 0
138587 0.00 0.00 0.00 0
138588 0.00 0.00 0.00 0
138610 0.00 0.00 0.00 0
138611 0.00 0.00 0.00 0
138612 0.00 0.00 0.00 0
138613 0.00 0.00 0.00 0
138614 0.00 0.00 0.00 0
138628 0.00 0.00 0.00 0
138629 0.00 0.00 0.00 0
138630 0.00 0.00 0.00 0
138631 0.00 0.00 0.00 0
138632 0.00 0.00 0.00 0
138637 0.00 0.00 0.00 0
138638 0.00 0.00 0.00 0
138639 0.00 0.00 0.00 0
138640 0.00 0.00 0.00 0
138643 0.00 0.00 0.00 0
138644 0.00 0.00 0.00 0
138645 0.00 0.00 0.00 0
138646 0.00 0.00 0.00 0
138647 0.00 0.00 0.00 0
138648 0.00 0.00 0.00 0
138649 0.00 0.00 0.00 0
139115 0.00 0.00 0.00 0
139116 0.00 0.00 0.00 0
139134 0.00 0.00 0.00 0
139135 0.00 0.00 0.00 0
139152 0.00 0.00 0.00 0
139153 0.00 0.00 0.00 0
139175 0.00 0.00 0.00 0
139176 0.00 0.00 0.00 0
139194 0.00 0.00 0.00 0
139195 0.00 0.00 0.00 0
139204 0.00 0.00 0.00 0
139205 0.00 0.00 0.00 0
139206 0.00 0.00 0.00 0
139207 0.00 0.00 0.00 0
139208 0.00 0.00 0.00 0
139209 0.00 0.00 0.00 0
139224 0.00 0.00 0.00 0
139225 0.00 0.00 0.00 0
139226 0.00 0.00 0.00 0
139240 0.00 0.00 0.00 0
139241 0.00 0.00 0.00 0
139242 0.00 0.00 0.00 0
139255 0.00 0.00 0.00 0
139256 0.00 0.00 0.00 0
139270 0.00 0.00 0.00 0
139271 0.00 0.00 0.00 0
139272 0.00 0.00 0.00 0
139285 0.00 0.00 0.00 0
139286 0.00 0.00 0.00 0
139287 0.00 0.00 0.00 0
139288 0.00 0.00 0.00 0
139300 0.00 0.00 0.00 0
139301 0.00 0.00 0.00 0
139302 0.00 0.00 0.00 0
139303 0.00 0.00 0.00 0
139304 0.00 0.00 0.00 0
139309 0.00 0.00 0.00 0
139310 0.00 0.00 0.00 0
139311 0.00 0.00 0.00 0
139312 0.00 0.00 0.00 0
139317 0.00 0.00 0.00 0
139318 0.00 0.00 0.00 0
139319 0.00 0.00 0.00 0
139320 0.00 0.00 0.00 0
139324 0.00 0.00 0.00 0
139325 0.00 0.00 0.00 0
139326 0.00 0.00 0.00 0
139327 0.00 0.00 0.00 0
139330 0.00 0.00 0.00 0
139331 0.00 0.00 0.00 0
139332 0.00 0.00 0.00 0
139333 0.00 0.00 0.00 0
139334 0.00 0.00 0.00 0
139335 0.00 0.00 0.00 0
139780 0.00 0.00 0.00 0
139803 0.00 0.00 0.00 0
139804 0.00 0.00 0.00 0
139805 0.00 0.00 0.00 0
139824 0.00 0.00 0.00 0
139825 0.00 0.00 0.00 0
139844 0.00 0.00 0.00 0
139863 0.00 0.00 0.00 0
139864 0.00 0.00 0.00 0
139881 0.00 0.00 0.00 0
139882 0.00 0.00 0.00 0
139894 0.00 0.00 0.00 0
139895 0.00 0.00 0.00 0
139896 0.00 0.00 0.00 0
139897 0.00 0.00 0.00 0
139898 0.00 0.00 0.00 0
139899 0.00 0.00 0.00 0
139914 0.00 0.00 0.00 0
139915 0.00 0.00 0.00 0
139931 0.00 0.00 0.00 0
139932 0.00 0.00 0.00 0
139933 0.00 0.00 0.00 0
139934 0.00 0.00 0.00 0
139948 0.00 0.00 0.00 0
139949 0.00 0.00 0.00 0
139960 0.00 0.00 0.00 0
139961 0.00 0.00 0.00 0
139962 0.00 0.00 0.00 0
139971 0.00 0.00 0.00 0
139972 0.00 0.00 0.00 0
139973 0.00 0.00 0.00 0
139981 0.00 0.00 0.00 0
139982 0.00 0.00 0.00 0
139983 0.00 0.00 0.00 0
139984 0.00 0.00 0.00 0
139985 0.00 0.00 0.00 0
139990 0.00 0.00 0.00 0
139991 0.00 0.00 0.00 0
139992 0.00 0.00 0.00 0
139993 0.00 0.00 0.00 0
139994 0.00 0.00 0.00 0
139999 0.00 0.00 0.00 0
140000 0.00 0.00 0.00 0
140001 0.00 0.00 0.00 0
140002 0.00 0.00 0.00 0
140003 0.00 0.00 0.00 0
140007 0.00 0.00 0.00 0
140008 0.00 0.00 0.00 0
140009 0.00 0.00 0.00 0
140010 0.00 0.00 0.00 0
140011 0.00 0.00 0.00 0
140012 0.00 0.00 0.00 0
140013 0.00 0.00 0.00 0
140014 0.00 0.00 0.00 0
140015 0.00 0.00 0.00 0
140534 0.00 0.00 0.00 0
140549 0.00 0.00 0.00 0
140550 0.00 0.00 0.00 0
140570 0.00 0.00 0.00 0
140571 0.00 0.00 0.00 0
140586 0.00 0.00 0.00 0
140602 0.00 0.00 0.00 0
140614 0.00 0.00 0.00 0
140615 0.00 0.00 0.00 0
140631 0.00 0.00 0.00 0
140632 0.00 0.00 0.00 0
140633 0.00 0.00 0.00 0
140646 0.00 0.00 0.00 0
140647 0.00 0.00 0.00 0
140648 0.00 0.00 0.00 0
140649 0.00 0.00 0.00 0
140650 0.00 0.00 0.00 0
140651 0.00 0.00 0.00 0
140661 0.00 0.00 0.00 0
140675 0.00 0.00 0.00 0
140676 0.00 0.00 0.00 0
140677 0.00 0.00 0.00 0
140689 0.00 0.00 0.00 0
140690 0.00 0.00 0.00 0
140691 0.00 0.00 0.00 0
140697 0.00 0.00 0.00 0
140698 0.00 0.00 0.00 0
140701 0.00 0.00 0.00 0
140702 0.00 0.00 0.00 0
140703 0.00 0.00 0.00 0
140706 0.00 0.00 0.00 0
140707 0.00 0.00 0.00 0
140708 0.00 0.00 0.00 0
140709 0.00 0.00 0.00 0
140714 0.00 0.00 0.00 0
140715 0.00 0.00 0.00 0
140716 0.00 0.00 0.00 0
140717 0.00 0.00 0.00 0
140721 0.00 0.00 0.00 0
140722 0.00 0.00 0.00 0
140723 0.00 0.00 0.00 0
140724 0.00 0.00 0.00 0
140725 0.00 0.00 0.00 0
140726 0.00 0.00 0.00 0
140727 0.00 0.00 0.00 0
140728 0.00 0.00 0.00 0
140729 0.00 0.00 0.00 0
140730 0.00 0.00 0.00 0
140731 0.00 0.00 0.00 0
140732 0.00 0.00 0.00 0
140733 0.00 0.00 0.00 0
140734 0.00 0.00 0.00 0
141188 0.00 0.00 0.00 0
141189 0.00 0.00 0.00 0
141212 0.00 0.00 0.00 0
141213 0.00 0.00 0.00 0
141233 0.00 0.00 0.00 0
141234 0.00 0.00 0.00 0
141235 0.00 0.00 0.00 0
141257 0.00 0.00 0.00 0
141258 0.00 0.00 0.00 0
141279 0.00 0.00 0.00 0
141295 0.00 0.00 0.00 0
141307 0.00 0.00 0.00 0
141308 0.00 0.00 0.00 0
141309 0.00 0.00 0.00 0
141324 0.00 0.00 0.00 0
141325 0.00 0.00 0.00 0
141326 0.00 0.00 0.00 0
141327 0.00 0.00 0.00 0
141343 0.00 0.00 0.00 0
141344 0.00 0.00 0.00 0
141345 0.00 0.00 0.00 0
141346 0.00 0.00 0.00 0
141347 0.00 0.00 0.00 0
141365 0.00 0.00 0.00 0
141366 0.00 0.00 0.00 0
141367 0.00 0.00 0.00 0
141368 0.00 0.00 0.00 0
141386 0.00 0.00 0.00 0
141387 0.00 0.00 0.00 0
141388 0.00 0.00 0.00 0
141400 0.00 0.00 0.00 0
141401 0.00 0.00 0.00 0
141412 0.00 0.00 0.00 0
141413 0.00 0.00 0.00 0
141414 0.00 0.00 0.00 0
141415 0.00 0.00 0.00 0
141419 0.00 0.00 0.00 0
141420 0.00 0.00 0.00 0
141421 0.00 0.00 0.00 0
141424 0.00 0.00 0.00 0
141425 0.00 0.00 0.00 0
141426 0.00 0.00 0.00 0
141427 0.00 0.00 0.00 0
141431 0.00 0.00 0.00 0
141432 0.00 0.00 0.00 0
141433 0.00 0.00 0.00 0
141434 0.00 0.00 0.00 0
141437 0.00 0.00 0.00 0
141438 0.00 0.00 0.00 0
141439 0.00 0.00 0.00 0
141440 0.00 0.00 0.00 0
141441 0.00 0.00 0.00 0
141442 0.00 0.00 0.00 0
141443 0.00 0.00 0.00 0
141444 0.00 0.00 0.00 0
141445 0.00 0.00 0.00 0
141446 0.00 0.00 0.00 0
141447 0.00 0.00 0.00 0
141448 0.00 0.00 0.00 0
141449 0.00 0.00 0.00 0
141877 0.00 0.00 0.00 0
141878 0.00 0.00 0.00 0
141879 0.00 0.00 0.00 0
141891 0.00 0.00 0.00 0
141892 0.00 0.00 0.00 0
141893 0.00 0.00 0.00 0
141909 0.00 0.00 0.00 0
141910 0.00 0.00 0.00 0
141929 0.00 0.00 0.00 0
141930 0.00 0.00 0.00 0
141950 0.00 0.00 0.00 0
141951 0.00 0.00 0.00 0
141970 0.00 0.00 0.00 0
141971 0.00 0.00 0.00 0
141993 0.00 0.00 0.00 0
141994 0.00 0.00 0.00 0
142014 0.00 0.00 0.00 0
142015 0.00 0.00 0.00 0
142016 0.00 0.00 0.00 0
142017 0.00 0.00 0.00 0
142034 0.00 0.00 0.00 0
142035 0.00 0.00 0.00 0
142036 0.00 0.00 0.00 0
142037 0.00 0.00 0.00 0
142053 0.00 0.00 0.00 0
142054 0.00 0.00 0.00 0
142069 0.00 0.00 0.00 0
142070 0.00 0.00 0.00 0
142089 0.00 0.00 0.00 0
142090 0.00 0.00 0.00 0
142101 0.00 0.00 0.00 0
142102 0.00 0.00 0.00 0
142103 0.00 0.00 0.00 0
142114 0.00 0.00 0.00 0
142115 0.00 0.00 0.00 0
142116 0.00 0.00 0.00 0
142117 0.00 0.00 0.00 0
142124 0.00 0.00 0.00 0
142125 0.00 0.00 0.00 0
142126 0.00 0.00 0.00 0
142130 0.00 0.00 0.00 0
142131 0.00 0.00 0.00 0
142132 0.00 0.00 0.00 0
142133 0.00 0.00 0.00 0
142137 0.00 0.00 0.00 0
142138 0.00 0.00 0.00 0
142139 0.00 0.00 0.00 0
142140 0.00 0.00 0.00 0
142141 0.00 0.00 0.00 0
142142 0.00 0.00 0.00 0
142143 0.00 0.00 0.00 0
142144 0.00 0.00 0.00 0
142145 0.00 0.00 0.00 0
142146 0.00 0.00 0.00 0
142147 0.00 0.00 0.00 0
142148 0.00 0.00 0.00 0
142149 0.00 0.00 0.00 0
142150 0.00 0.00 0.00 0
142151 0.00 0.00 0.00 0
142152 0.00 0.00 0.00 0
142153 0.00 0.00 0.00 0
142154 0.00 0.00 0.00 0
142155 0.00 0.00 0.00 0
142156 0.00 0.00 0.00 0
142157 0.00 0.00 0.00 0
142594 0.00 0.00 0.00 0
142595 0.00 0.00 0.00 0
142596 0.00 0.00 0.00 0
142608 0.00 0.00 0.00 0
142609 0.00 0.00 0.00 0
142610 0.00 0.00 0.00 0
142623 0.00 0.00 0.00 0
142624 0.00 0.00 0.00 0
142634 0.00 0.00 0.00 0
142635 0.00 0.00 0.00 0
142648 0.00 0.00 0.00 0
142649 0.00 0.00 0.00 0
142666 0.00 0.00 0.00 0
142667 0.00 0.00 0.00 0
142680 0.00 0.00 0.00 0
142681 0.00 0.00 0.00 0
142682 0.00 0.00 0.00 0
142697 0.00 0.00 0.00 0
142698 0.00 0.00 0.00 0
142699 0.00 0.00 0.00 0
142715 0.00 0.00 0.00 0
142716 0.00 0.00 0.00 0
142717 0.00 0.00 0.00 0
142718 0.00 0.00 0.00 0
142719 0.00 0.00 0.00 0
142734 0.00 0.00 0.00 0
142735 0.00 0.00 0.00 0
142736 0.00 0.00 0.00 0
142737 0.00 0.00 0.00 0
142738 0.00 0.00 0.00 0
142739 0.00 0.00 0.00 0
142753 0.00 0.00 0.00 0
142754 0.00 0.00 0.00 0
142755 0.00 0.00 0.00 0
142756 0.00 0.00 0.00 0
142757 0.00 0.00 0.00 0
142758 0.00 0.00 0.00 0
142772 0.00 0.00 0.00 0
142773 0.00 0.00 0.00 0
142790 0.00 0.00 0.00 0
142791 0.00 0.00 0.00 0
142804 0.00 0.00 0.00 0
142805 0.00 0.00 0.00 0
142813 0.00 0.00 0.00 0
142814 0.00 0.00 0.00 0
142815 0.00 0.00 0.00 0
142823 0.00 0.00 0.00 0
142824 0.00 0.00 0.00 0
142825 0.00 0.00 0.00 0
142829 0.00 0.00 0.00 0
142830 0.00 0.00 0.00 0
142831 0.00 0.00 0.00 0
142832 0.00 0.00 0.00 0
142833 0.00 0.00 0.00 0
142834 0.00 0.00 0.00 0
142835 0.00 0.00 0.00 0
142836 0.00 0.00 0.00 0
142837 0.00 0.00 0.00 0
142838 0.00 0.00 0.00 0
142839 0.00 0.00 0.00 0
142840 0.00 0.00 0.00 0
142841 0.00 0.00 0.00 0
142842 0.00 0.00 0.00 0
142843 0.00 0.00 0.00 0
142844 0.00 0.00 0.00 0
142845 0.00 0.00 0.00 0
142846 0.00 0.00 0.00 0
142847 0.00 0.00 0.00 0
142848 0.00 0.00 0.00 0
142849 0.00 0.00 0.00 0
142850 0.00 0.00 0.00 0
143217 0.00 0.00 0.00 0
143218 0.00 0.00 0.00 0
143226 0.00 0.00 0.00 0
143227 0.00 0.00 0.00 0
143228 0.00 0.00 0.00 0
143229 0.00 0.00 0.00 0
143230 0.00 0.00 0.00 0
143240 0.00 0.00 0.00 0
143241 0.00 0.00 0.00 0
143242 0.00 0.00 0.00 0
143243 0.00 0.00 0.00 0
143257 0.00 0.00 0.00 0
143258 0.00 0.00 0.00 0
143271 0.00 0.00 0.00 0
143280 0.00 0.00 0.00 0
143281 0.00 0.00 0.00 0
143289 0.00 0.00 0.00 0
143290 0.00 0.00 0.00 0
143291 0.00 0.00 0.00 0
143301 0.00 0.00 0.00 0
143302 0.00 0.00 0.00 0
143315 0.00 0.00 0.00 0
143316 0.00 0.00 0.00 0
143332 0.00 0.00 0.00 0
143333 0.00 0.00 0.00 0
143334 0.00 0.00 0.00 0
143351 0.00 0.00 0.00 0
143352 0.00 0.00 0.00 0
143353 0.00 0.00 0.00 0
143354 0.00 0.00 0.00 0
143355 0.00 0.00 0.00 0
143371 0.00 0.00 0.00 0
143372 0.00 0.00 0.00 0
143373 0.00 0.00 0.00 0
143374 0.00 0.00 0.00 0
143375 0.00 0.00 0.00 0
143376 0.00 0.00 0.00 0
143391 0.00 0.00 0.00 0
143392 0.00 0.00 0.00 0
143393 0.00 0.00 0.00 0
143394 0.00 0.00 0.00 0
143395 0.00 0.00 0.00 0
143396 0.00 0.00 0.00 0
143397 0.00 0.00 0.00 0
143412 0.00 0.00 0.00 0
143413 0.00 0.00 0.00 0
143427 0.00 0.00 0.00 0
143428 0.00 0.00 0.00 0
143429 0.00 0.00 0.00 0
143440 0.00 0.00 0.00 0
143441 0.00 0.00 0.00 0
143442 0.00 0.00 0.00 0
143443 0.00 0.00 0.00 0
143450 0.00 0.00 0.00 0
143451 0.00 0.00 0.00 0
143452 0.00 0.00 0.00 0
143460 0.00 0.00 0.00 0
143461 0.00 0.00 0.00 0
143462 0.00 0.00 0.00 0
143466 0.00 0.00 0.00 0
143467 0.00 0.00 0.00 0
143468 0.00 0.00 0.00 0
143469 0.00 0.00 0.00 0
143470 0.00 0.00 0.00 0
143471 0.00 0.00 0.00 0
143472 0.00 0.00 0.00 0
143473 0.00 0.00 0.00 0
143474 0.00 0.00 0.00 0
143475 0.00 0.00 0.00 0
143476 0.00 0.00 0.00 0
143477 0.00 0.00 0.00 0
143478 0.00 0.00 0.00 0
143479 0.00 0.00 0.00 0
143480 0.00 0.00 0.00 0
143481 0.00 0.00 0.00 0
143482 0.00 0.00 0.00 0
143483 0.00 0.00 0.00 0
143484 0.00 0.00 0.00 0
143485 0.00 0.00 0.00 0
143486 0.00 0.00 0.00 0
143487 0.00 0.00 0.00 0
143488 0.00 0.00 0.00 0
143489 0.00 0.00 0.00 0
143490 0.00 0.00 0.00 0
143843 0.00 0.00 0.00 0
143844 0.00 0.00 0.00 0
143845 0.00 0.00 0.00 0
143852 0.00 0.00 0.00 0
143853 0.00 0.00 0.00 0
143854 0.00 0.00 0.00 0
143878 0.00 0.00 0.00 0
143879 0.00 0.00 0.00 0
143880 0.00 0.00 0.00 0
143881 0.00 0.00 0.00 0
143882 0.00 0.00 0.00 0
143893 0.00 0.00 0.00 0
143894 0.00 0.00 0.00 0
143895 0.00 0.00 0.00 0
143896 0.00 0.00 0.00 0
143897 0.00 0.00 0.00 0
143912 0.00 0.00 0.00 0
143913 0.00 0.00 0.00 0
143930 0.00 0.00 0.00 0
143931 0.00 0.00 0.00 0
143932 0.00 0.00 0.00 0
143946 0.00 0.00 0.00 0
143947 0.00 0.00 0.00 0
143960 0.00 0.00 0.00 0
143961 0.00 0.00 0.00 0
143976 0.00 0.00 0.00 0
143977 0.00 0.00 0.00 0
143988 0.00 0.00 0.00 0
143989 0.00 0.00 0.00 0
143998 0.00 0.00 0.00 0
143999 0.00 0.00 0.00 0
144000 0.00 0.00 0.00 0
144001 0.00 0.00 0.00 0
144016 0.00 0.00 0.00 0
144017 0.00 0.00 0.00 0
144018 0.00 0.00 0.00 0
144019 0.00 0.00 0.00 0
144020 0.00 0.00 0.00 0
144035 0.00 0.00 0.00 0
144036 0.00 0.00 0.00 0
144037 0.00 0.00 0.00 0
144038 0.00 0.00 0.00 0
144048 0.00 0.00 0.00 0
144049 0.00 0.00 0.00 0
144050 0.00 0.00 0.00 0
144051 0.00 0.00 0.00 0
144052 0.00 0.00 0.00 0
144053 0.00 0.00 0.00 0
144054 0.00 0.00 0.00 0
144067 0.00 0.00 0.00 0
144068 0.00 0.00 0.00 0
144069 0.00 0.00 0.00 0
144070 0.00 0.00 0.00 0
144071 0.00 0.00 0.00 0
144072 0.00 0.00 0.00 0
144073 0.00 0.00 0.00 0
144085 0.00 0.00 0.00 0
144095 0.00 0.00 0.00 0
144096 0.00 0.00 0.00 0
144106 0.00 0.00 0.00 0
144107 0.00 0.00 0.00 0
144108 0.00 0.00 0.00 0
144109 0.00 0.00 0.00 0
144117 0.00 0.00 0.00 0
144118 0.00 0.00 0.00 0
144119 0.00 0.00 0.00 0
144120 0.00 0.00 0.00 0
144127 0.00 0.00 0.00 0
144128 0.00 0.00 0.00 0
144129 0.00 0.00 0.00 0
144130 0.00 0.00 0.00 0
144134 0.00 0.00 0.00 0
144135 0.00 0.00 0.00 0
144136 0.00 0.00 0.00 0
144137 0.00 0.00 0.00 0
144138 0.00 0.00 0.00 0
144139 0.00 0.00 0.00 0
144140 0.00 0.00 0.00 0
144141 0.00 0.00 0.00 0
144142 0.00 0.00 0.00 0
144143 0.00 0.00 0.00 0
144144 0.00 0.00 0.00 0
144145 0.00 0.00 0.00 0
144146 0.00 0.00 0.00 0
144147 0.00 0.00 0.00 0
144148 0.00 0.00 0.00 0
144149 0.00 0.00 0.00 0
144150 0.00 0.00 0.00 0
144151 0.00 0.00 0.00 0
144152 0.00 0.00 0.00 0
144153 0.00 0.00 0.00 0
144154 0.00 0.00 0.00 0
144155 0.00 0.00 0.00 0
144562 0.00 0.00 0.00 0
144563 0.00 0.00 0.00 0
144571 0.00 0.00 0.00 0
144572 0.00 0.00 0.00 0
144573 0.00 0.00 0.00 0
144574 0.00 0.00 0.00 0
144581 0.00 0.00 0.00 0
144582 0.00 0.00 0.00 0
144583 0.00 0.00 0.00 0
144584 0.00 0.00 0.00 0
144591 0.00 0.00 0.00 0
144592 0.00 0.00 0.00 0
144593 0.00 0.00 0.00 0
144594 0.00 0.00 0.00 0
144602 0.00 0.00 0.00 0
144603 0.00 0.00 0.00 0
144604 0.00 0.00 0.00 0
144605 0.00 0.00 0.00 0
144606 0.00 0.00 0.00 0
144607 0.00 0.00 0.00 0
144619 0.00 0.00 0.00 0
144620 0.00 0.00 0.00 0
144621 0.00 0.00 0.00 0
144622 0.00 0.00 0.00 0
144623 0.00 0.00 0.00 0
144624 0.00 0.00 0.00 0
144625 0.00 0.00 0.00 0
144636 0.00 0.00 0.00 0
144637 0.00 0.00 0.00 0
144653 0.00 0.00 0.00 0
144654 0.00 0.00 0.00 0
144667 0.00 0.00 0.00 0
144668 0.00 0.00 0.00 0
144678 0.00 0.00 0.00 0
144679 0.00 0.00 0.00 0
144694 0.00 0.00 0.00 0
144695 0.00 0.00 0.00 0
144712 0.00 0.00 0.00 0
144713 0.00 0.00 0.00 0
144714 0.00 0.00 0.00 0
144726 0.00 0.00 0.00 0
144727 0.00 0.00 0.00 0
144728 0.00 0.00 0.00 0
144736 0.00 0.00 0.00 0
144737 0.00 0.00 0.00 0
144738 0.00 0.00 0.00 0
144739 0.00 0.00 0.00 0
144751 0.00 0.00 0.00 0
144752 0.00 0.00 0.00 0
144753 0.00 0.00 0.00 0
144754 0.00 0.00 0.00 0
144767 0.00 0.00 0.00 0
144768 0.00 0.00 0.00 0
144769 0.00 0.00 0.00 0
144770 0.00 0.00 0.00 0
144771 0.00 0.00 0.00 0
144787 0.00 0.00 0.00 0
144788 0.00 0.00 0.00 0
144789 0.00 0.00 0.00 0
144790 0.00 0.00 0.00 0
144791 0.00 0.00 0.00 0
144806 0.00 0.00 0.00 0
144814 0.00 0.00 0.00 0
144822 0.00 0.00 0.00 0
144823 0.00 0.00 0.00 0
144833 0.00 0.00 0.00 0
144834 0.00 0.00 0.00 0
144835 0.00 0.00 0.00 0
144836 0.00 0.00 0.00 0
144837 0.00 0.00 0.00 0
144838 0.00 0.00 0.00 0
144846 0.00 0.00 0.00 0
144847 0.00 0.00 0.00 0
144848 0.00 0.00 0.00 0
144849 0.00 0.00 0.00 0
144853 0.00 0.00 0.00 0
144854 0.00 0.00 0.00 0
144855 0.00 0.00 0.00 0
144856 0.00 0.00 0.00 0
144860 0.00 0.00 0.00 0
144861 0.00 0.00 0.00 0
144862 0.00 0.00 0.00 0
144863 0.00 0.00 0.00 0
144864 0.00 0.00 0.00 0
144865 0.00 0.00 0.00 0
144866 0.00 0.00 0.00 0
144867 0.00 0.00 0.00 0
144868 0.00 0.00 0.00 0
144869 0.00 0.00 0.00 0
144870 0.00 0.00 0.00 0
144871 0.00 0.00 0.00 0
144872 0.00 0.00 0.00 0
144873 0.00 0.00 0.00 0
144874 0.00 0.00 0.00 0
144875 0.00 0.00 0.00 0
144876 0.00 0.00 0.00 0
144877 0.00 0.00 0.00 0
144878 0.00 0.00 0.00 0
144879 0.00 0.00 0.00 0
144880 0.00 0.00 0.00 0
145272 0.00 0.00 0.00 0
145273 0.00 0.00 0.00 0
145283 0.00 0.00 0.00 0
145284 0.00 0.00 0.00 0
145285 0.00 0.00 0.00 0
145297 0.00 0.00 0.00 0
145298 0.00 0.00 0.00 0
145299 0.00 0.00 0.00 0
145313 0.00 0.00 0.00 0
145314 0.00 0.00 0.00 0
145315 0.00 0.00 0.00 0
145316 0.00 0.00 0.00 0
145331 0.00 0.00 0.00 0
145332 0.00 0.00 0.00 0
145333 0.00 0.00 0.00 0
145348 0.00 0.00 0.00 0
145349 0.00 0.00 0.00 0
145367 0.00 0.00 0.00 0
145368 0.00 0.00 0.00 0
145383 0.00 0.00 0.00 0
145384 0.00 0.00 0.00 0
145397 0.00 0.00 0.00 0
145398 0.00 0.00 0.00 0
145399 0.00 0.00 0.00 0
145414 0.00 0.00 0.00 0
145415 0.00 0.00 0.00 0
145416 0.00 0.00 0.00 0
145417 0.00 0.00 0.00 0
145430 0.00 0.00 0.00 0
145431 0.00 0.00 0.00 0
145432 0.00 0.00 0.00 0
145433 0.00 0.00 0.00 0
145442 0.00 0.00 0.00 0
145443 0.00 0.00 0.00 0
145444 0.00 0.00 0.00 0
145445 0.00 0.00 0.00 0
145455 0.00 0.00 0.00 0
145456 0.00 0.00 0.00 0
145457 0.00 0.00 0.00 0
145458 0.00 0.00 0.00 0
145459 0.00 0.00 0.00 0
145475 0.00 0.00 0.00 0
145476 0.00 0.00 0.00 0
145477 0.00 0.00 0.00 0
145478 0.00 0.00 0.00 0
145479 0.00 0.00 0.00 0
145480 0.00 0.00 0.00 0
145496 0.00 0.00 0.00 0
145497 0.00 0.00 0.00 0
145498 0.00 0.00 0.00 0
145499 0.00 0.00 0.00 0
145500 0.00 0.00 0.00 0
145501 0.00 0.00 0.00 0
145516 0.00 0.00 0.00 0
145517 0.00 0.00 0.00 0
145518 0.00 0.00 0.00 0
145519 0.00 0.00 0.00 0
145520 0.00 0.00 0.00 0
145533 0.00 0.00 0.00 0
145534 0.00 0.00 0.00 0
145548 0.00 0.00 0.00 0
145549 0.00 0.00 0.00 0
145562 0.00 0.00 0.00 0
145563 0.00 0.00 0.00 0
145564 0.00 0.00 0.00 0
145576 0.00 0.00 0.00 0
145577 0.00 0.00 0.00 0
145578 0.00 0.00 0.00 0
145579 0.00 0.00 0.00 0
145580 0.00 0.00 0.00 0
145586 0.00 0.00 0.00 0
145587 0.00 0.00 0.00 0
145588 0.00 0.00 0.00 0
145589 0.00 0.00 0.00 0
145593 0.00 0.00 0.00 0
145594 0.00 0.00 0.00 0
145595 0.00 0.00 0.00 0
145596 0.00 0.00 0.00 0
145597 0.00 0.00 0.00 0
145598 0.00 0.00 0.00 0
145599 0.00 0.00 0.00 0
145600 0.00 0.00 0.00 0
145601 0.00 0.00 0.00 0
145602 0.00 0.00 0.00 0
145603 0.00 0.00 0.00 0
145604 0.00 0.00 0.00 0
145605 0.00 0.00 0.00 0
145606 0.00 0.00 0.00 0
145607 0.00 0.00 0.00 0
145608 0.00 0.00 0.00 0
145609 0.00 0.00 0.00 0
145610 0.00 0.00 0.00 0
145611 0.00 0.00 0.00 0
145612 0.00 0.00 0.00 0
145613 0.00 0.00 0.00 0
145614 0.00 0.00 0.00 0
145615 0.00 0.00 0.00 0
145616 0.00 0.00 0.00 0
146000 0.00 0.00 0.00 0
146013 0.00 0.00 0.00 0
146028 0.00 0.00 0.00 0
146044 0.00 0.00 0.00 0
146061 0.00 0.00 0.00 0
146062 0.00 0.00 0.00 0
146076 0.00 0.00 0.00 0
146077 0.00 0.00 0.00 0
146092 0.00 0.00 0.00 0
146093 0.00 0.00 0.00 0
146106 0.00 0.00 0.00 0
146107 0.00 0.00 0.00 0
146121 0.00 0.00 0.00 0
146122 0.00 0.00 0.00 0
146123 0.00 0.00 0.00 0
146139 0.00 0.00 0.00 0
146140 0.00 0.00 0.00 0
146141 0.00 0.00 0.00 0
146142 0.00 0.00 0.00 0
146157 0.00 0.00 0.00 0
146158 0.00 0.00 0.00 0
146159 0.00 0.00 0.00 0
146171 0.00 0.00 0.00 0
146172 0.00 0.00 0.00 0
146173 0.00 0.00 0.00 0
146174 0.00 0.00 0.00 0
146187 0.00 0.00 0.00 0
146188 0.00 0.00 0.00 0
146189 0.00 0.00 0.00 0
146190 0.00 0.00 0.00 0
146191 0.00 0.00 0.00 0
146192 0.00 0.00 0.00 0
146208 0.00 0.00 0.00 0
146209 0.00 0.00 0.00 0
146210 0.00 0.00 0.00 0
146211 0.00 0.00 0.00 0
146212 0.00 0.00 0.00 0
146213 0.00 0.00 0.00 0
146214 0.00 0.00 0.00 0
146231 0.00 0.00 0.00 0
146232 0.00 0.00 0.00 0
146233 0.00 0.00 0.00 0
146234 0.00 0.00 0.00 0
146235 0.00 0.00 0.00 0
146236 0.00 0.00 0.00 0
146249 0.00 0.00 0.00 0
146258 0.00 0.00 0.00 0
146259 0.00 0.00 0.00 0
146260 0.00 0.00 0.00 0
146270 0.00 0.00 0.00 0
146271 0.00 0.00 0.00 0
146272 0.00 0.00 0.00 0
146281 0.00 0.00 0.00 0
146282 0.00 0.00 0.00 0
146283 0.00 0.00 0.00 0
146289 0.00 0.00 0.00 0
146290 0.00 0.00 0.00 0
146291 0.00 0.00 0.00 0
146292 0.00 0.00 0.00 0
146293 0.00 0.00 0.00 0
146294 0.00 0.00 0.00 0
146295 0.00 0.00 0.00 0
146299 0.00 0.00 0.00 0
146300 0.00 0.00 0.00 0
146301 0.00 0.00 0.00 0
146302 0.00 0.00 0.00 0
146303 0.00 0.00 0.00 0
146307 0.00 0.00 0.00 0
146308 0.00 0.00 0.00 0
146309 0.00 0.00 0.00 0
146310 0.00 0.00 0.00 0
146311 0.00 0.00 0.00 0
146312 0.00 0.00 0.00 0
146313 0.00 0.00 0.00 0
146314 0.00 0.00 0.00 0
146315 0.00 0.00 0.00 0
146316 0.00 0.00 0.00 0
146317 0.00 0.00 0.00 0
146318 0.00 0.00 0.00 0
146319 0.00 0.00 0.00 0
146320 0.00 0.00 0.00 0
146321 0.00 0.00 0.00 0
146322 0.00 0.00 0.00 0
146323 0.00 0.00 0.00 0
146324 0.00 0.00 0.00 0
146325 0.00 0.00 0.00 0
146326 0.00 0.00 0.00 0
146327 0.00 0.00 0.00 0
146738 0.00 0.00 0.00 0
146751 0.00 0.00 0.00 0
146765 0.00 0.00 0.00 0
146780 0.00 0.00 0.00 0
146781 0.00 0.00 0.00 0
146790 0.00 0.00 0.00 0
146791 0.00 0.00 0.00 0
146802 0.00 0.00 0.00 0
146803 0.00 0.00 0.00 0
146810 0.00 0.00 0.00 0
146811 0.00 0.00 0.00 0
146812 0.00 0.00 0.00 0
146823 0.00 0.00 0.00 0
146824 0.00 0.00 0.00 0
146825 0.00 0.00 0.00 0
146826 0.00 0.00 0.00 0
146838 0.00 0.00 0.00 0
146839 0.00 0.00 0.00 0
146840 0.00 0.00 0.00 0
146841 0.00 0.00 0.00 0
146842 0.00 0.00 0.00 0
146859 0.00 0.00 0.00 0
146860 0.00 0.00 0.00 0
146861 0.00 0.00 0.00 0
146862 0.00 0.00 0.00 0
146875 0.00 0.00 0.00 0
146876 0.00 0.00 0.00 0
146877 0.00 0.00 0.00 0
146878 0.00 0.00 0.00 0
146888 0.00 0.00 0.00 0
146889 0.00 0.00 0.00 0
146890 0.00 0.00 0.00 0
146891 0.00 0.00 0.00 0
146892 0.00 0.00 0.00 0
146893 0.00 0.00 0.00 0
146894 0.00 0.00 0.00 0
146903 0.00 0.00 0.00 0
146904 0.00 0.00 0.00 0
146905 0.00 0.00 0.00 0
146906 0.00 0.00 0.00 0
146907 0.00 0.00 0.00 0
146908 0.00 0.00 0.00 0
146923 0.00 0.00 0.00 0
146924 0.00 0.00 0.00 0
146935 0.00 0.00 0.00 0
146946 0.00 0.00 0.00 0
146947 0.00 0.00 0.00 0
146948 0.00 0.00 0.00 0
146957 0.00 0.00 0.00 0
146958 0.00 0.00 0.00 0
146965 0.00 0.00 0.00 0
146966 0.00 0.00 0.00 0
146967 0.00 0.00 0.00 0
146972 0.00 0.00 0.00 0
146973 0.00 0.00 0.00 0
146974 0.00 0.00 0.00 0
146975 0.00 0.00 0.00 0
146976 0.00 0.00 0.00 0
146981 0.00 0.00 0.00 0
146982 0.00 0.00 0.00 0
146983 0.00 0.00 0.00 0
146984 0.00 0.00 0.00 0
146985 0.00 0.00 0.00 0
146986 0.00 0.00 0.00 0
146987 0.00 0.00 0.00 0
146988 0.00 0.00 0.00 0
146989 0.00 0.00 0.00 0
146990 0.00 0.00 0.00 0
146991 0.00 0.00 0.00 0
146992 0.00 0.00 0.00 0
146993 0.00 0.00 0.00 0
146994 0.00 0.00 0.00 0
146995 0.00 0.00 0.00 0
146996 0.00 0.00 0.00 0
146997 0.00 0.00 0.00 0
146998 0.00 0.00 0.00 0
146999 0.00 0.00 0.00 0
147403 0.00 0.00 0.00 0
147415 0.00 0.00 0.00 0
147429 0.00 0.00 0.00 0
147441 0.00 0.00 0.00 0
147442 0.00 0.00 0.00 0
147449 0.00 0.00 0.00 0
147450 0.00 0.00 0.00 0
147459 0.00 0.00 0.00 0
147460 0.00 0.00 0.00 0
147461 0.00 0.00 0.00 0
147474 0.00 0.00 0.00 0
147475 0.00 0.00 0.00 0
147476 0.00 0.00 0.00 0
147489 0.00 0.00 0.00 0
147490 0.00 0.00 0.00 0
147491 0.00 0.00 0.00 0
147492 0.00 0.00 0.00 0
147493 0.00 0.00 0.00 0
147494 0.00 0.00 0.00 0
147505 0.00 0.00 0.00 0
147506 0.00 0.00 0.00 0
147507 0.00 0.00 0.00 0
147508 0.00 0.00 0.00 0
147509 0.00 0.00 0.00 0
147527 0.00 0.00 0.00 0
147528 0.00 0.00 0.00 0
147529 0.00 0.00 0.00 0
147530 0.00 0.00 0.00 0
147544 0.00 0.00 0.00 0
147545 0.00 0.00 0.00 0
147546 0.00 0.00 0.00 0
147547 0.00 0.00 0.00 0
147548 0.00 0.00 0.00 0
147549 0.00 0.00 0.00 0
147550 0.00 0.00 0.00 0
147561 0.00 0.00 0.00 0
147562 0.00 0.00 0.00 0
147563 0.00 0.00 0.00 0
147564 0.00 0.00 0.00 0
147565 0.00 0.00 0.00 0
147566 0.00 0.00 0.00 0
147567 0.00 0.00 0.00 0
147582 0.00 0.00 0.00 0
147583 0.00 0.00 0.00 0
147584 0.00 0.00 0.00 0
147585 0.00 0.00 0.00 0
147600 0.00 0.00 0.00 0
147601 0.00 0.00 0.00 0
147612 0.00 0.00 0.00 0
147613 0.00 0.00 0.00 0
147621 0.00 0.00 0.00 0
147622 0.00 0.00 0.00 0
147623 0.00 0.00 0.00 0
147627 0.00 0.00 0.00 0
147628 0.00 0.00 0.00 0
147629 0.00 0.00 0.00 0
147635 0.00 0.00 0.00 0
147636 0.00 0.00 0.00 0
147637 0.00 0.00 0.00 0
147638 0.00 0.00 0.00 0
147639 0.00 0.00 0.00 0
147643 0.00 0.00 0.00 0
147644 0.00 0.00 0.00 0
147645 0.00 0.00 0.00 0
147646 0.00 0.00 0.00 0
147647 0.00 0.00 0.00 0
147652 0.00 0.00 0.00 0
147653 0.00 0.00 0.00 0
147654 0.00 0.00 0.00 0
147655 0.00 0.00 0.00 0
147659 0.00 0.00 0.00 0
147660 0.00 0.00 0.00 0
147661 0.00 0.00 0.00 0
147662 0.00 0.00 0.00 0
147663 0.00 0.00 0.00 0
147664 0.00 0.00 0.00 0
147665 0.00 0.00 0.00 0
147666 0.00 0.00 0.00 0
147667 0.00 0.00 0.00 0
147668 0.00 0.00 0.00 0
147669 0.00 0.00 0.00 0
147670 0.00 0.00 0.00 0
147671 0.00 0.00 0.00 0
147672 0.00 0.00 0.00 0
147673 0.00 0.00 0.00 0
147674 0.00 0.00 0.00 0
148034 0.00 0.00 0.00 0
148046 0.00 0.00 0.00 0
148056 0.00 0.00 0.00 0
148063 0.00 0.00 0.00 0
148064 0.00 0.00 0.00 0
148065 0.00 0.00 0.00 0
148071 0.00 0.00 0.00 0
148072 0.00 0.00 0.00 0
148073 0.00 0.00 0.00 0
148083 0.00 0.00 0.00 0
148084 0.00 0.00 0.00 0
148085 0.00 0.00 0.00 0
148086 0.00 0.00 0.00 0
148102 0.00 0.00 0.00 0
148103 0.00 0.00 0.00 0
148104 0.00 0.00 0.00 0
148105 0.00 0.00 0.00 0
148106 0.00 0.00 0.00 0
148117 0.00 0.00 0.00 0
148118 0.00 0.00 0.00 0
148119 0.00 0.00 0.00 0
148120 0.00 0.00 0.00 0
148121 0.00 0.00 0.00 0
148122 0.00 0.00 0.00 0
148123 0.00 0.00 0.00 0
148137 0.00 0.00 0.00 0
148138 0.00 0.00 0.00 0
148139 0.00 0.00 0.00 0
148140 0.00 0.00 0.00 0
148153 0.00 0.00 0.00 0
148154 0.00 0.00 0.00 0
148155 0.00 0.00 0.00 0
148156 0.00 0.00 0.00 0
148157 0.00 0.00 0.00 0
148158 0.00 0.00 0.00 0
148159 0.00 0.00 0.00 0
148170 0.00 0.00 0.00 0
148171 0.00 0.00 0.00 0
148172 0.00 0.00 0.00 0
148173 0.00 0.00 0.00 0
148174 0.00 0.00 0.00 0
148175 0.00 0.00 0.00 0
148176 0.00 0.00 0.00 0
148188 0.00 0.00 0.00 0
148189 0.00 0.00 0.00 0
148190 0.00 0.00 0.00 0
148191 0.00 0.00 0.00 0
148206 0.00 0.00 0.00 0
148216 0.00 0.00 0.00 0
148217 0.00 0.00 0.00 0
148223 0.00 0.00 0.00 0
148224 0.00 0.00 0.00 0
148226 0.00 0.00 0.00 0
148227 0.00 0.00 0.00 0
148228 0.00 0.00 0.00 0
148229 0.00 0.00 0.00 0
148235 0.00 0.00 0.00 0
148236 0.00 0.00 0.00 0
148237 0.00 0.00 0.00 0
148238 0.00 0.00 0.00 0
148244 0.00 0.00 0.00 0
148245 0.00 0.00 0.00 0
148246 0.00 0.00 0.00 0
148250 0.00 0.00 0.00 0
148251 0.00 0.00 0.00 0
148252 0.00 0.00 0.00 0
148253 0.00 0.00 0.00 0
148257 0.00 0.00 0.00 0
148258 0.00 0.00 0.00 0
148259 0.00 0.00 0.00 0
148260 0.00 0.00 0.00 0
148264 0.00 0.00 0.00 0
148265 0.00 0.00 0.00 0
148266 0.00 0.00 0.00 0
148267 0.00 0.00 0.00 0
148268 0.00 0.00 0.00 0
148269 0.00 0.00 0.00 0
148270 0.00 0.00 0.00 0
148271 0.00 0.00 0.00 0
148272 0.00 0.00 0.00 0
148273 0.00 0.00 0.00 0
148274 0.00 0.00 0.00 0
148275 0.00 0.00 0.00 0
148276 0.00 0.00 0.00 0
148277 0.00 0.00 0.00 0
148278 0.00 0.00 0.00 0
148279 0.00 0.00 0.00 0
148280 0.00 0.00 0.00 0
148616 0.00 0.00 0.00 0
148617 0.00 0.00 0.00 0
148628 0.00 0.00 0.00 0
148636 0.00 0.00 0.00 0
148637 0.00 0.00 0.00 0
148643 0.00 0.00 0.00 0
148644 0.00 0.00 0.00 0
148645 0.00 0.00 0.00 0
148646 0.00 0.00 0.00 0
148650 0.00 0.00 0.00 0
148651 0.00 0.00 0.00 0
148652 0.00 0.00 0.00 0
148653 0.00 0.00 0.00 0
148660 0.00 0.00 0.00 0
148661 0.00 0.00 0.00 0
148662 0.00 0.00 0.00 0
148663 0.00 0.00 0.00 0
148664 0.00 0.00 0.00 0
148679 0.00 0.00 0.00 0
148680 0.00 0.00 0.00 0
148681 0.00 0.00 0.00 0
148682 0.00 0.00 0.00 0
148683 0.00 0.00 0.00 0
148684 0.00 0.00 0.00 0
148685 0.00 0.00 0.00 0
148700 0.00 0.00 0.00 0
148701 0.00 0.00 0.00 0
148702 0.00 0.00 0.00 0
148703 0.00 0.00 0.00 0
148704 0.00 0.00 0.00 0
148705 0.00 0.00 0.00 0
148720 0.00 0.00 0.00 0
148721 0.00 0.00 0.00 0
148722 0.00 0.00 0.00 0
148723 0.00 0.00 0.00 0
148724 0.00 0.00 0.00 0
148725 0.00 0.00 0.00 0
148738 0.00 0.00 0.00 0
148739 0.00 0.00 0.00 0
148740 0.00 0.00 0.00 0
148741 0.00 0.00 0.00 0
148742 0.00 0.00 0.00 0
148743 0.00 0.00 0.00 0
148744 0.00 0.00 0.00 0
148745 0.00 0.00 0.00 0
148757 0.00 0.00 0.00 0
148758 0.00 0.00 0.00 0
148759 0.00 0.00 0.00 0
148760 0.00 0.00 0.00 0
148761 0.00 0.00 0.00 0
148762 0.00 0.00 0.00 0
148774 0.00 0.00 0.00 0
148775 0.00 0.00 0.00 0
148785 0.00 0.00 0.00 0
148786 0.00 0.00 0.00 0
148792 0.00 0.00 0.00 0
148793 0.00 0.00 0.00 0
148798 0.00 0.00 0.00 0
148799 0.00 0.00 0.00 0
148800 0.00 0.00 0.00 0
148802 0.00 0.00 0.00 0
148803 0.00 0.00 0.00 0
148804 0.00 0.00 0.00 0
148805 0.00 0.00 0.00 0
148806 0.00 0.00 0.00 0
148812 0.00 0.00 0.00 0
148813 0.00 0.00 0.00 0
148817 0.00 0.00 0.00 0
148818 0.00 0.00 0.00 0
148819 0.00 0.00 0.00 0
148822 0.00 0.00 0.00 0
148823 0.00 0.00 0.00 0
148824 0.00 0.00 0.00 0
148825 0.00 0.00 0.00 0
148829 0.00 0.00 0.00 0
148830 0.00 0.00 0.00 0
148831 0.00 0.00 0.00 0
148832 0.00 0.00 0.00 0
148836 0.00 0.00 0.00 0
148837 0.00 0.00 0.00 0
148838 0.00 0.00 0.00 0
148839 0.00 0.00 0.00 0
148840 0.00 0.00 0.00 0
148841 0.00 0.00 0.00 0
148842 0.00 0.00 0.00 0
148843 0.00 0.00 0.00 0
148844 0.00 0.00 0.00 0
148845 0.00 0.00 0.00 0
148846 0.00 0.00 0.00 0
148847 0.00 0.00 0.00 0
148848 0.00 0.00 0.00 0
149139 0.00 0.00 0.00 0
149147 0.00 0.00 0.00 0
149148 0.00 0.00 0.00 0
149158 0.00 0.00 0.00 0
149159 0.00 0.00 0.00 0
149165 0.00 0.00 0.00 0
149166 0.00 0.00 0.00 0
149167 0.00 0.00 0.00 0
149170 0.00 0.00 0.00 0
149171 0.00 0.00 0.00 0
149172 0.00 0.00 0.00 0
149173 0.00 0.00 0.00 0
149174 0.00 0.00 0.00 0
149178 0.00 0.00 0.00 0
149179 0.00 0.00 0.00 0
149180 0.00 0.00 0.00 0
149181 0.00 0.00 0.00 0
149188 0.00 0.00 0.00 0
149189 0.00 0.00 0.00 0
149190 0.00 0.00 0.00 0
149191 0.00 0.00 0.00 0
149192 0.00 0.00 0.00 0
149193 0.00 0.00 0.00 0
149206 0.00 0.00 0.00 0
149207 0.00 0.00 0.00 0
149208 0.00 0.00 0.00 0
149209 0.00 0.00 0.00 0
149210 0.00 0.00 0.00 0
149211 0.00 0.00 0.00 0
149225 0.00 0.00 0.00 0
149226 0.00 0.00 0.00 0
149227 0.00 0.00 0.00 0
149228 0.00 0.00 0.00 0
149229 0.00 0.00 0.00 0
149230 0.00 0.00 0.00 0
149239 0.00 0.00 0.00 0
149240 0.00 0.00 0.00 0
149241 0.00 0.00 0.00 0
149242 0.00 0.00 0.00 0
149243 0.00 0.00 0.00 0
149244 0.00 0.00 0.00 0
149245 0.00 0.00 0.00 0
149246 0.00 0.00 0.00 0
149255 0.00 0.00 0.00 0
149256 0.00 0.00 0.00 0
149257 0.00 0.00 0.00 0
149258 0.00 0.00 0.00 0
149259 0.00 0.00 0.00 0
149260 0.00 0.00 0.00 0
149261 0.00 0.00 0.00 0
149273 0.00 0.00 0.00 0
149274 0.00 0.00 0.00 0
149275 0.00 0.00 0.00 0
149288 0.00 0.00 0.00 0
149289 0.00 0.00 0.00 0
149297 0.00 0.00 0.00 0
149298 0.00 0.00 0.00 0
149299 0.00 0.00 0.00 0
149304 0.00 0.00 0.00 0
149305 0.00 0.00 0.00 0
149306 0.00 0.00 0.00 0
149311 0.00 0.00 0.00 0
149312 0.00 0.00 0.00 0
149313 0.00 0.00 0.00 0
149314 0.00 0.00 0.00 0
149315 0.00 0.00 0.00 0
149317 0.00 0.00 0.00 0
149318 0.00 0.00 0.00 0
149319 0.00 0.00 0.00 0
149320 0.00 0.00 0.00 0
149327 0.00 0.00 0.00 0
149331 0.00 0.00 0.00 0
149332 0.00 0.00 0.00 0
149333 0.00 0.00 0.00 0
149336 0.00 0.00 0.00 0
149337 0.00 0.00 0.00 0
149338 0.00 0.00 0.00 0
149339 0.00 0.00 0.00 0
149344 0.00 0.00 0.00 0
149345 0.00 0.00 0.00 0
149346 0.00 0.00 0.00 0
149350 0.00 0.00 0.00 0
149351 0.00 0.00 0.00 0
149352 0.00 0.00 0.00 0
149353 0.00 0.00 0.00 0
149354 0.00 0.00 0.00 0
149355 0.00 0.00 0.00 0
149356 0.00 0.00 0.00 0
149357 0.00 0.00 0.00 0
149358 0.00 0.00 0.00 0
149359 0.00 0.00 0.00 0
149360 0.00 0.00 0.00 0
149643 0.00 0.00 0.00 0
149644 0.00 0.00 0.00 0
149651 0.00 0.00 0.00 0
149652 0.00 0.00 0.00 0
149662 0.00 0.00 0.00 0
149663 0.00 0.00 0.00 0
149667 0.00 0.00 0.00 0
149668 0.00 0.00 0.00 0
149669 0.00 0.00 0.00 0
149672 0.00 0.00 0.00 0
149673 0.00 0.00 0.00 0
149674 0.00 0.00 0.00 0
149675 0.00 0.00 0.00 0
149676 0.00 0.00 0.00 0
149677 0.00 0.00 0.00 0
149678 0.00 0.00 0.00 0
149679 0.00 0.00 0.00 0
149680 0.00 0.00 0.00 0
149681 0.00 0.00 0.00 0
149685 0.00 0.00 0.00 0
149686 0.00 0.00 0.00 0
149687 0.00 0.00 0.00 0
149688 0.00 0.00 0.00 0
149689 0.00 0.00 0.00 0
149690 0.00 0.00 0.00 0
149691 0.00 0.00 0.00 0
149692 0.00 0.00 0.00 0
149699 0.00 0.00 0.00 0
149700 0.00 0.00 0.00 0
149701 0.00 0.00 0.00 0
149702 0.00 0.00 0.00 0
149703 0.00 0.00 0.00 0
149704 0.00 0.00 0.00 0
149705 0.00 0.00 0.00 0
149718 0.00 0.00 0.00 0
149719 0.00 0.00 0.00 0
149720 0.00 0.00 0.00 0
149721 0.00 0.00 0.00 0
149722 0.00 0.00 0.00 0
149723 0.00 0.00 0.00 0
149735 0.00 0.00 0.00 0
149736 0.00 0.00 0.00 0
149737 0.00 0.00 0.00 0
149738 0.00 0.00 0.00 0
149739 0.00 0.00 0.00 0
149740 0.00 0.00 0.00 0
149741 0.00 0.00 0.00 0
149750 0.00 0.00 0.00 0
149751 0.00 0.00 0.00 0
149752 0.00 0.00 0.00 0
149753 0.00 0.00 0.00 0
149754 0.00 0.00 0.00 0
149755 0.00 0.00 0.00 0
149767 0.00 0.00 0.00 0
149781 0.00 0.00 0.00 0
149782 0.00 0.00 0.00 0
149792 0.00 0.00 0.00 0
149793 0.00 0.00 0.00 0
149794 0.00 0.00 0.00 0
149801 0.00 0.00 0.00 0
149802 0.00 0.00 0.00 0
149803 0.00 0.00 0.00 0
149810 0.00 0.00 0.00 0
149811 0.00 0.00 0.00 0
149812 0.00 0.00 0.00 0
149813 0.00 0.00 0.00 0
149814 0.00 0.00 0.00 0
149819 0.00 0.00 0.00 0
149820 0.00 0.00 0.00 0
149821 0.00 0.00 0.00 0
149822 0.00 0.00 0.00 0
149823 0.00 0.00 0.00 0
149828 0.00 0.00 0.00 0
149829 0.00 0.00 0.00 0
149835 0.00 0.00 0.00 0
149836 0.00 0.00 0.00 0
149837 0.00 0.00 0.00 0
149840 0.00 0.00 0.00 0
149841 0.00 0.00 0.00 0
149842 0.00 0.00 0.00 0
149847 0.00 0.00 0.00 0
149848 0.00 0.00 0.00 0
149849 0.00 0.00 0.00 0
149850 0.00 0.00 0.00 0
149855 0.00 0.00 0.00 0
149856 0.00 0.00 0.00 0
149857 0.00 0.00 0.00 0
149861 0.00 0.00 0.00 0
149862 0.00 0.00 0.00 0
149863 0.00 0.00 0.00 0
149864 0.00 0.00 0.00 0
149865 0.00 0.00 0.00 0
149866 0.00 0.00 0.00 0
149867 0.00 0.00 0.00 0
149868 0.00 0.00 0.00 0
149869 0.00 0.00 0.00 0
149870 0.00 0.00 0.00 0
150174 0.00 0.00 0.00 0
150189 0.00 0.00 0.00 0
150198 0.00 0.00 0.00 0
150203 0.00 0.00 0.00 0
150211 0.00 0.00 0.00 0
150212 0.00 0.00 0.00 0
150215 0.00 0.00 0.00 0
150216 0.00 0.00 0.00 0
150217 0.00 0.00 0.00 0
150218 0.00 0.00 0.00 0
150219 0.00 0.00 0.00 0
150220 0.00 0.00 0.00 0
150221 0.00 0.00 0.00 0
150222 0.00 0.00 0.00 0
150223 0.00 0.00 0.00 0
150224 0.00 0.00 0.00 0
150225 0.00 0.00 0.00 0
150228 0.00 0.00 0.00 0
150229 0.00 0.00 0.00 0
150230 0.00 0.00 0.00 0
150231 0.00 0.00 0.00 0
150232 0.00 0.00 0.00 0
150233 0.00 0.00 0.00 0
150234 0.00 0.00 0.00 0
150235 0.00 0.00 0.00 0
150236 0.00 0.00 0.00 0
150237 0.00 0.00 0.00 0
150242 0.00 0.00 0.00 0
150243 0.00 0.00 0.00 0
150244 0.00 0.00 0.00 0
150245 0.00 0.00 0.00 0
150252 0.00 0.00 0.00 0
150253 0.00 0.00 0.00 0
150254 0.00 0.00 0.00 0
150255 0.00 0.00 0.00 0
150256 0.00 0.00 0.00 0
150257 0.00 0.00 0.00 0
150269 0.00 0.00 0.00 0
150270 0.00 0.00 0.00 0
150271 0.00 0.00 0.00 0
150272 0.00 0.00 0.00 0
150273 0.00 0.00 0.00 0
150288 0.00 0.00 0.00 0
150289 0.00 0.00 0.00 0
150290 0.00 0.00 0.00 0
150291 0.00 0.00 0.00 0
150303 0.00 0.00 0.00 0
150317 0.00 0.00 0.00 0
150328 0.00 0.00 0.00 0
150329 0.00 0.00 0.00 0
150335 0.00 0.00 0.00 0
150336 0.00 0.00 0.00 0
150337 0.00 0.00 0.00 0
150341 0.00 0.00 0.00 0
150342 0.00 0.00 0.00 0
150343 0.00 0.00 0.00 0
150344 0.00 0.00 0.00 0
150345 0.00 0.00 0.00 0
150352 0.00 0.00 0.00 0
150353 0.00 0.00 0.00 0
150354 0.00 0.00 0.00 0
150355 0.00 0.00 0.00 0
150356 0.00 0.00 0.00 0
150359 0.00 0.00 0.00 0
150360 0.00 0.00 0.00 0
150365 0.00 0.00 0.00 0
150366 0.00 0.00 0.00 0
150370 0.00 0.00 0.00 0
150371 0.00 0.00 0.00 0
150372 0.00 0.00 0.00 0
150373 0.00 0.00 0.00 0
150377 0.00 0.00 0.00 0
150378 0.00 0.00 0.00 0
150379 0.00 0.00 0.00 0
150385 0.00 0.00 0.00 0
150386 0.00 0.00 0.00 0
150387 0.00 0.00 0.00 0
150388 0.00 0.00 0.00 0
150393 0.00 0.00 0.00 0
150394 0.00 0.00 0.00 0
150395 0.00 0.00 0.00 0
150400 0.00 0.00 0.00 0
150401 0.00 0.00 0.00 0
150402 0.00 0.00 0.00 0
150403 0.00 0.00 0.00 0
150404 0.00 0.00 0.00 0
150405 0.00 0.00 0.00 0
150406 0.00 0.00 0.00 0
150407 0.00 0.00 0.00 0
150408 0.00 0.00 0.00 0
150409 0.00 0.00 0.00 0
150702 0.00 0.00 0.00 0
150703 0.00 0.00 0.00 0
150714 0.00 0.00 0.00 0
150715 0.00 0.00 0.00 0
150722 0.00 0.00 0.00 0
150723 0.00 0.00 0.00 0
150731 0.00 0.00 0.00 0
150732 0.00 0.00 0.00 0
150741 0.00 0.00 0.00 0
150742 0.00 0.00 0.00 0
150743 0.00 0.00 0.00 0
150744 0.00 0.00 0.00 0
150745 0.00 0.00 0.00 0
150746 0.00 0.00 0.00 0
150747 0.00 0.00 0.00 0
150748 0.00 0.00 0.00 0
150749 0.00 0.00 0.00 0
150750 0.00 0.00 0.00 0
150751 0.00 0.00 0.00 0
150754 0.00 0.00 0.00 0
150755 0.00 0.00 0.00 0
150756 0.00 0.00 0.00 0
150757 0.00 0.00 0.00 0
150758 0.00 0.00 0.00 0
150759 0.00 0.00 0.00 0
150760 0.00 0.00 0.00 0
150761 0.00 0.00 0.00 0
150762 0.00 0.00 0.00 0
150763 0.00 0.00 0.00 0
150767 0.00 0.00 0.00 0
150768 0.00 0.00 0.00 0
150769 0.00 0.00 0.00 0
150770 0.00 0.00 0.00 0
150774 0.00 0.00 0.00 0
150775 0.00 0.00 0.00 0
150776 0.00 0.00 0.00 0
150777 0.00 0.00 0.00 0
150778 0.00 0.00 0.00 0
150779 0.00 0.00 0.00 0
150787 0.00 0.00 0.00 0
150788 0.00 0.00 0.00 0
150789 0.00 0.00 0.00 0
150790 0.00 0.00 0.00 0
150791 0.00 0.00 0.00 0
150792 0.00 0.00 0.00 0
150793 0.00 0.00 0.00 0
150806 0.00 0.00 0.00 0
150807 0.00 0.00 0.00 0
150825 0.00 0.00 0.00 0
150837 0.00 0.00 0.00 0
150850 0.00 0.00 0.00 0
150851 0.00 0.00 0.00 0
150862 0.00 0.00 0.00 0
150863 0.00 0.00 0.00 0
150864 0.00 0.00 0.00 0
150865 0.00 0.00 0.00 0
150866 0.00 0.00 0.00 0
150872 0.00 0.00 0.00 0
150873 0.00 0.00 0.00 0
150874 0.00 0.00 0.00 0
150875 0.00 0.00 0.00 0
150876 0.00 0.00 0.00 0
150882 0.00 0.00 0.00 0
150883 0.00 0.00 0.00 0
150884 0.00 0.00 0.00 0
150885 0.00 0.00 0.00 0
150891 0.00 0.00 0.00 0
150892 0.00 0.00 0.00 0
150898 0.00 0.00 0.00 0
150899 0.00 0.00 0.00 0
150905 0.00 0.00 0.00 0
150906 0.00 0.00 0.00 0
150907 0.00 0.00 0.00 0
150911 0.00 0.00 0.00 0
150912 0.00 0.00 0.00 0
150913 0.00 0.00 0.00 0
150918 0.00 0.00 0.00 0
150919 0.00 0.00 0.00 0
150920 0.00 0.00 0.00 0
150926 0.00 0.00 0.00 0
150927 0.00 0.00 0.00 0
150928 0.00 0.00 0.00 0
150929 0.00 0.00 0.00 0
150934 0.00 0.00 0.00 0
150935 0.00 0.00 0.00 0
150936 0.00 0.00 0.00 0
150937 0.00 0.00 0.00 0
150941 0.00 0.00 0.00 0
150942 0.00 0.00 0.00 0
150943 0.00 0.00 0.00 0
150944 0.00 0.00 0.00 0
150945 0.00 0.00 0.00 0
150946 0.00 0.00 0.00 0
150947 0.00 0.00 0.00 0
151165 0.00 0.00 0.00 0
151175 0.00 0.00 0.00 0
151186 0.00 0.00 0.00 0
151201 0.00 0.00 0.00 0
151202 0.00 0.00 0.00 0
151216 0.00 0.00 0.00 0
151217 0.00 0.00 0.00 0
151218 0.00 0.00 0.00 0
151219 0.00 0.00 0.00 0
151220 0.00 0.00 0.00 0
151221 0.00 0.00 0.00 0
151222 0.00 0.00 0.00 0
151223 0.00 0.00 0.00 0
151224 0.00 0.00 0.00 0
151233 0.00 0.00 0.00 0
151234 0.00 0.00 0.00 0
151235 0.00 0.00 0.00 0
151236 0.00 0.00 0.00 0
151237 0.00 0.00 0.00 0
151238 0.00 0.00 0.00 0
151239 0.00 0.00 0.00 0
151240 0.00 0.00 0.00 0
151241 0.00 0.00 0.00 0
151242 0.00 0.00 0.00 0
151250 0.00 0.00 0.00 0
151251 0.00 0.00 0.00 0
151252 0.00 0.00 0.00 0
151253 0.00 0.00 0.00 0
151254 0.00 0.00 0.00 0
151262 0.00 0.00 0.00 0
151263 0.00 0.00 0.00 0
151264 0.00 0.00 0.00 0
151265 0.00 0.00 0.00 0
151266 0.00 0.00 0.00 0
151267 0.00 0.00 0.00 0
151268 0.00 0.00 0.00 0
151276 0.00 0.00 0.00 0
151277 0.00 0.00 0.00 0
151278 0.00 0.00 0.00 0
151279 0.00 0.00 0.00 0
151295 0.00 0.00 0.00 0
151296 0.00 0.00 0.00 0
151308 0.00 0.00 0.00 0
151323 0.00 0.00 0.00 0
151333 0.00 0.00 0.00 0
151334 0.00 0.00 0.00 0
151335 0.00 0.00 0.00 0
151345 0.00 0.00 0.00 0
151346 0.00 0.00 0.00 0
151347 0.00 0.00 0.00 0
151348 0.00 0.00 0.00 0
151349 0.00 0.00 0.00 0
151350 0.00 0.00 0.00 0
151359 0.00 0.00 0.00 0
151360 0.00 0.00 0.00 0
151361 0.00 0.00 0.00 0
151362 0.00 0.00 0.00 0
151363 0.00 0.00 0.00 0
151368 0.00 0.00 0.00 0
151369 0.00 0.00 0.00 0
151373 0.00 0.00 0.00 0
151374 0.00 0.00 0.00 0
151375 0.00 0.00 0.00 0
151377 0.00 0.00 0.00 0
151378 0.00 0.00 0.00 0
151379 0.00 0.00 0.00 0
151384 0.00 0.00 0.00 0
151385 0.00 0.00 0.00 0
151386 0.00 0.00 0.00 0
151390 0.00 0.00 0.00 0
151391 0.00 0.00 0.00 0
151392 0.00 0.00 0.00 0
151393 0.00 0.00 0.00 0
151394 0.00 0.00 0.00 0
151398 0.00 0.00 0.00 0
151399 0.00 0.00 0.00 0
151400 0.00 0.00 0.00 0
151406 0.00 0.00 0.00 0
151407 0.00 0.00 0.00 0
151408 0.00 0.00 0.00 0
151414 0.00 0.00 0.00 0
151419 0.00 0.00 0.00 0
151423 0.00 0.00 0.00 0
151426 0.00 0.00 0.00 0
151427 0.00 0.00 0.00 0
151428 0.00 0.00 0.00 0
151429 0.00 0.00 0.00 0
151430 0.00 0.00 0.00 0
151601 0.00 0.00 0.00 0
151611 0.00 0.00 0.00 0
151612 0.00 0.00 0.00 0
151625 0.00 0.00 0.00 0
151626 0.00 0.00 0.00 0
151644 0.00 0.00 0.00 0
151645 0.00 0.00 0.00 0
151646 0.00 0.00 0.00 0
151647 0.00 0.00 0.00 0
151648 0.00 0.00 0.00 0
151659 0.00 0.00 0.00 0
151660 0.00 0.00 0.00 0
151661 0.00 0.00 0.00 0
151662 0.00 0.00 0.00 0
151663 0.00 0.00 0.00 0
151664 0.00 0.00 0.00 0
151665 0.00 0.00 0.00 0
151666 0.00 0.00 0.00 0
151680 0.00 0.00 0.00 0
151681 0.00 0.00 0.00 0
151682 0.00 0.00 0.00 0
151695 0.00 0.00 0.00 0
151696 0.00 0.00 0.00 0
151697 0.00 0.00 0.00 0
151698 0.00 0.00 0.00 0
151699 0.00 0.00 0.00 0
151700 0.00 0.00 0.00 0
151708 0.00 0.00 0.00 0
151709 0.00 0.00 0.00 0
151710 0.00 0.00 0.00 0
151717 0.00 0.00 0.00 0
151736 0.00 0.00 0.00 0
151751 0.00 0.00 0.00 0
151752 0.00 0.00 0.00 0
151763 0.00 0.00 0.00 0
151764 0.00 0.00 0.00 0
151765 0.00 0.00 0.00 0
151766 0.00 0.00 0.00 0
151767 0.00 0.00 0.00 0
151768 0.00 0.00 0.00 0
151781 0.00 0.00 0.00 0
151782 0.00 0.00 0.00 0
151783 0.00 0.00 0.00 0
151784 0.00 0.00 0.00 0
151785 0.00 0.00 0.00 0
151786 0.00 0.00 0.00 0
151800 0.00 0.00 0.00 0
151801 0.00 0.00 0.00 0
151802 0.00 0.00 0.00 0
151803 0.00 0.00 0.00 0
151810 0.00 0.00 0.00 0
151811 0.00 0.00 0.00 0
151816 0.00 0.00 0.00 0
151817 0.00 0.00 0.00 0
151821 0.00 0.00 0.00 0
151822 0.00 0.00 0.00 0
151824 0.00 0.00 0.00 0
151825 0.00 0.00 0.00 0
151826 0.00 0.00 0.00 0
151832 0.00 0.00 0.00 0
151833 0.00 0.00 0.00 0
151834 0.00 0.00 0.00 0
151835 0.00 0.00 0.00 0
151836 0.00 0.00 0.00 0
151841 0.00 0.00 0.00 0
151842 0.00 0.00 0.00 0
151843 0.00 0.00 0.00 0
151844 0.00 0.00 0.00 0
151845 0.00 0.00 0.00 0
151851 0.00 0.00 0.00 0
151852 0.00 0.00 0.00 0
151853 0.00 0.00 0.00 0
151858 0.00 0.00 0.00 0
151859 0.00 0.00 0.00 0
151860 0.00 0.00 0.00 0
151865 0.00 0.00 0.00 0
151875 0.00 0.00 0.00 0
151878 0.00 0.00 0.00 0
151879 0.00 0.00 0.00 0
151880 0.00 0.00 0.00 0
151881 0.00 0.00 0.00 0
151882 0.00 0.00 0.00 0
151883 0.00 0.00 0.00 0
152036 0.00 0.00 0.00 0
152037 0.00 0.00 0.00 0
152048 0.00 0.00 0.00 0
152049 0.00 0.00 0.00 0
152063 0.00 0.00 0.00 0
152064 0.00 0.00 0.00 0
152065 0.00 0.00 0.00 0
152066 0.00 0.00 0.00 0
152067 0.00 0.00 0.00 0
152080 0.00 0.00 0.00 0
152081 0.00 0.00 0.00 0
152082 0.00 0.00 0.00 0
152083 0.00 0.00 0.00 0
152084 0.00 0.00 0.00 0
152085 0.00 0.00 0.00 0
152086 0.00 0.00 0.00 0
152099 0.00 0.00 0.00 0
152100 0.00 0.00 0.00 0
152101 0.00 0.00 0.00 0
152102 0.00 0.00 0.00 0
152103 0.00 0.00 0.00 0
152104 0.00 0.00 0.00 0
152105 0.00 0.00 0.00 0
152117 0.00 0.00 0.00 0
152118 0.00 0.00 0.00 0
152119 0.00 0.00 0.00 0
152120 0.00 0.00 0.00 0
152132 0.00 0.00 0.00 0
152133 0.00 0.00 0.00 0
152134 0.00 0.00 0.00 0
152135 0.00 0.00 0.00 0
152144 0.00 0.00 0.00 0
152145 0.00 0.00 0.00 0
152154 0.00 0.00 0.00 0
152170 0.00 0.00 0.00 0
152171 0.00 0.00 0.00 0
152187 0.00 0.00 0.00 0
152188 0.00 0.00 0.00 0
152189 0.00 0.00 0.00 0
152190 0.00 0.00 0.00 0
152191 0.00 0.00 0.00 0
152192 0.00 0.00 0.00 0
152193 0.00 0.00 0.00 0
152208 0.00 0.00 0.00 0
152209 0.00 0.00 0.00 0
152210 0.00 0.00 0.00 0
152211 0.00 0.00 0.00 0
152212 0.00 0.00 0.00 0
152213 0.00 0.00 0.00 0
152226 0.00 0.00 0.00 0
152227 0.00 0.00 0.00 0
152228 0.00 0.00 0.00 0
152229 0.00 0.00 0.00 0
152241 0.00 0.00 0.00 0
152242 0.00 0.00 0.00 0
152243 0.00 0.00 0.00 0
152248 0.00 0.00 0.00 0
152249 0.00 0.00 0.00 0
152250 0.00 0.00 0.00 0
152256 0.00 0.00 0.00 0
152257 0.00 0.00 0.00 0
152260 0.00 0.00 0.00 0
152265 0.00 0.00 0.00 0
152266 0.00 0.00 0.00 0
152267 0.00 0.00 0.00 0
152274 0.00 0.00 0.00 0
152275 0.00 0.00 0.00 0
152276 0.00 0.00 0.00 0
152277 0.00 0.00 0.00 0
152278 0.00 0.00 0.00 0
152283 0.00 0.00 0.00 0
152284 0.00 0.00 0.00 0
152285 0.00 0.00 0.00 0
152290 0.00 0.00 0.00 0
152291 0.00 0.00 0.00 0
152292 0.00 0.00 0.00 0
152297 0.00 0.00 0.00 0
152298 0.00 0.00 0.00 0
152299 0.00 0.00 0.00 0
152497 0.00 0.00 0.00 0
152507 0.00 0.00 0.00 0
152508 0.00 0.00 0.00 0
152519 0.00 0.00 0.00 0
152520 0.00 0.00 0.00 0
152521 0.00 0.00 0.00 0
152522 0.00 0.00 0.00 0
152523 0.00 0.00 0.00 0
152524 0.00 0.00 0.00 0
152536 0.00 0.00 0.00 0
152537 0.00 0.00 0.00 0
152538 0.00 0.00 0.00 0
152539 0.00 0.00 0.00 0
152540 0.00 0.00 0.00 0
152541 0.00 0.00 0.00 0
152542 0.00 0.00 0.00 0
152558 0.00 0.00 0.00 0
152559 0.00 0.00 0.00 0
152560 0.00 0.00 0.00 0
152561 0.00 0.00 0.00 0
152562 0.00 0.00 0.00 0
152575 0.00 0.00 0.00 0
152576 0.00 0.00 0.00 0
152577 0.00 0.00 0.00 0
152578 0.00 0.00 0.00 0
152589 0.00 0.00 0.00 0
152590 0.00 0.00 0.00 0
152591 0.00 0.00 0.00 0
152592 0.00 0.00 0.00 0
152605 0.00 0.00 0.00 0
152606 0.00 0.00 0.00 0
152607 0.00 0.00 0.00 0
152617 0.00 0.00 0.00 0
152618 0.00 0.00 0.00 0
152626 0.00 0.00 0.00 0
152627 0.00 0.00 0.00 0
152634 0.00 0.00 0.00 0
152635 0.00 0.00 0.00 0
152636 0.00 0.00 0.00 0
152637 0.00 0.00 0.00 0
152644 0.00 0.00 0.00 0
152645 0.00 0.00 0.00 0
152646 0.00 0.00 0.00 0
152647 0.00 0.00 0.00 0
152648 0.00 0.00 0.00 0
152649 0.00 0.00 0.00 0
152659 0.00 0.00 0.00 0
152660 0.00 0.00 0.00 0
152661 0.00 0.00 0.00 0
152662 0.00 0.00 0.00 0
152663 0.00 0.00 0.00 0
152674 0.00 0.00 0.00 0
152675 0.00 0.00 0.00 0
152676 0.00 0.00 0.00 0
152677 0.00 0.00 0.00 0
152686 0.00 0.00 0.00 0
152687 0.00 0.00 0.00 0
152688 0.00 0.00 0.00 0
152693 0.00 0.00 0.00 0
152699 0.00 0.00 0.00 0
152700 0.00 0.00 0.00 0
152703 0.00 0.00 0.00 0
152704 0.00 0.00 0.00 0
152708 0.00 0.00 0.00 0
152709 0.00 0.00 0.00 0
152710 0.00 0.00 0.00 0
152711 0.00 0.00 0.00 0
152716 0.00 0.00 0.00 0
152717 0.00 0.00 0.00 0
152718 0.00 0.00 0.00 0
152719 0.00 0.00 0.00 0
152720 0.00 0.00 0.00 0
152724 0.00 0.00 0.00 0
152725 0.00 0.00 0.00 0
152726 0.00 0.00 0.00 0
152731 0.00 0.00 0.00 0
152732 0.00 0.00 0.00 0
152733 0.00 0.00 0.00 0
152738 0.00 0.00 0.00 0
152739 0.00 0.00 0.00 0
152923 0.00 0.00 0.00 0
152924 0.00 0.00 0.00 0
152933 0.00 0.00 0.00 0
152934 0.00 0.00 0.00 0
152944 0.00 0.00 0.00 0
152945 0.00 0.00 0.00 0
152946 0.00 0.00 0.00 0
152947 0.00 0.00 0.00 0
152948 0.00 0.00 0.00 0
152949 0.00 0.00 0.00 0
152950 0.00 0.00 0.00 0
152965 0.00 0.00 0.00 0
152966 0.00 0.00 0.00 0
152967 0.00 0.00 0.00 0
152968 0.00 0.00 0.00 0
152969 0.00 0.00 0.00 0
152970 0.00 0.00 0.00 0
152986 0.00 0.00 0.00 0
152987 0.00 0.00 0.00 0
152988 0.00 0.00 0.00 0
152989 0.00 0.00 0.00 0
152990 0.00 0.00 0.00 0
153008 0.00 0.00 0.00 0
153009 0.00 0.00 0.00 0
153010 0.00 0.00 0.00 0
153011 0.00 0.00 0.00 0
153027 0.00 0.00 0.00 0
153028 0.00 0.00 0.00 0
153029 0.00 0.00 0.00 0
153030 0.00 0.00 0.00 0
153046 0.00 0.00 0.00 0
153060 0.00 0.00 0.00 0
153061 0.00 0.00 0.00 0
153069 0.00 0.00 0.00 0
153070 0.00 0.00 0.00 0
153075 0.00 0.00 0.00 0
153076 0.00 0.00 0.00 0
153084 0.00 0.00 0.00 0
153085 0.00 0.00 0.00 0
153086 0.00 0.00 0.00 0
153087 0.00 0.00 0.00 0
153088 0.00 0.00 0.00 0
153097 0.00 0.00 0.00 0
153098 0.00 0.00 0.00 0
153099 0.00 0.00 0.00 0
153100 0.00 0.00 0.00 0
153101 0.00 0.00 0.00 0
153107 0.00 0.00 0.00 0
153108 0.00 0.00 0.00 0
153109 0.00 0.00 0.00 0
153116 0.00 0.00 0.00 0
153117 0.00 0.00 0.00 0
153118 0.00 0.00 0.00 0
153125 0.00 0.00 0.00 0
153126 0.00 0.00 0.00 0
153131 0.00 0.00 0.00 0
153132 0.00 0.00 0.00 0
153137 0.00 0.00 0.00 0
153138 0.00 0.00 0.00 0
153139 0.00 0.00 0.00 0
153141 0.00 0.00 0.00 0
153142 0.00 0.00 0.00 0
153143 0.00 0.00 0.00 0
153146 0.00 0.00 0.00 0
153147 0.00 0.00 0.00 0
153148 0.00 0.00 0.00 0
153149 0.00 0.00 0.00 0
153150 0.00 0.00 0.00 0
153151 0.00 0.00 0.00 0
153156 0.00 0.00 0.00 0
153157 0.00 0.00 0.00 0
153158 0.00 0.00 0.00 0
153159 0.00 0.00 0.00 0
153160 0.00 0.00 0.00 0
153165 0.00 0.00 0.00 0
153166 0.00 0.00 0.00 0
153167 0.00 0.00 0.00 0
153172 0.00 0.00 0.00 0
153173 0.00 0.00 0.00 0
153174 0.00 0.00 0.00 0
153327 0.00 0.00 0.00 0
153336 0.00 0.00 0.00 0
153337 0.00 0.00 0.00 0
153346 0.00 0.00 0.00 0
153347 0.00 0.00 0.00 0
153348 0.00 0.00 0.00 0
153349 0.00 0.00 0.00 0
153360 0.00 0.00 0.00 0
153361 0.00 0.00 0.00 0
153362 0.00 0.00 0.00 0
153363 0.00 0.00 0.00 0
153364 0.00 0.00 0.00 0
153365 0.00 0.00 0.00 0
153379 0.00 0.00 0.00 0
153380 0.00 0.00 0.00 0
153381 0.00 0.00 0.00 0
153382 0.00 0.00 0.00 0
153383 0.00 0.00 0.00 0
153399 0.00 0.00 0.00 0
153400 0.00 0.00 0.00 0
153401 0.00 0.00 0.00 0
153418 0.00 0.00 0.00 0
153419 0.00 0.00 0.00 0
153420 0.00 0.00 0.00 0
153436 0.00 0.00 0.00 0
153450 0.00 0.00 0.00 0
153467 0.00 0.00 0.00 0
153481 0.00 0.00 0.00 0
153482 0.00 0.00 0.00 0
153490 0.00 0.00 0.00 0
153491 0.00 0.00 0.00 0
153492 0.00 0.00 0.00 0
153493 0.00 0.00 0.00 0
153494 0.00 0.00 0.00 0
153502 0.00 0.00 0.00 0
153503 0.00 0.00 0.00 0
153504 0.00 0.00 0.00 0
153505 0.00 0.00 0.00 0
153506 0.00 0.00 0.00 0
153515 0.00 0.00 0.00 0
153516 0.00 0.00 0.00 0
153525 0.00 0.00 0.00 0
153526 0.00 0.00 0.00 0
153527 0.00 0.00 0.00 0
153528 0.00 0.00 0.00 0
153537 0.00 0.00 0.00 0
153538 0.00 0.00 0.00 0
153545 0.00 0.00 0.00 0
153548 0.00 0.00 0.00 0
153551 0.00 0.00 0.00 0
153552 0.00 0.00 0.00 0
153553 0.00 0.00 0.00 0
153556 0.00 0.00 0.00 0
153557 0.00 0.00 0.00 0
153558 0.00 0.00 0.00 0
153559 0.00 0.00 0.00 0
153563 0.00 0.00 0.00 0
153564 0.00 0.00 0.00 0
153565 0.00 0.00 0.00 0
153566 0.00 0.00 0.00 0
153567 0.00 0.00 0.00 0
153573 0.00 0.00 0.00 0
153574 0.00 0.00 0.00 0
153575 0.00 0.00 0.00 0
153580 0.00 0.00 0.00 0
153581 0.00 0.00 0.00 0
153582 0.00 0.00 0.00 0
153714 0.00 0.00 0.00 0
153715 0.00 0.00 0.00 0
153725 0.00 0.00 0.00 0
153726 0.00 0.00 0.00 0
153727 0.00 0.00 0.00 0
153728 0.00 0.00 0.00 0
153729 0.00 0.00 0.00 0
153730 0.00 0.00 0.00 0
153742 0.00 0.00 0.00 0
153743 0.00 0.00 0.00 0
153744 0.00 0.00 0.00 0
153745 0.00 0.00 0.00 0
153746 0.00 0.00 0.00 0
153763 0.00 0.00 0.00 0
153764 0.00 0.00 0.00 0
153778 0.00 0.00 0.00 0
153779 0.00 0.00 0.00 0
153790 0.00 0.00 0.00 0
153791 0.00 0.00 0.00 0
153801 0.00 0.00 0.00 0
153812 0.00 0.00 0.00 0
153813 0.00 0.00 0.00 0
153829 0.00 0.00 0.00 0
153830 0.00 0.00 0.00 0
153831 0.00 0.00 0.00 0
153832 0.00 0.00 0.00 0
153846 0.00 0.00 0.00 0
153847 0.00 0.00 0.00 0
153848 0.00 0.00 0.00 0
153849 0.00 0.00 0.00 0
153860 0.00 0.00 0.00 0
153861 0.00 0.00 0.00 0
153862 0.00 0.00 0.00 0
153863 0.00 0.00 0.00 0
153872 0.00 0.00 0.00 0
153880 0.00 0.00 0.00 0
153881 0.00 0.00 0.00 0
153890 0.00 0.00 0.00 0
153891 0.00 0.00 0.00 0
153892 0.00 0.00 0.00 0
153900 0.00 0.00 0.00 0
153901 0.00 0.00 0.00 0
153906 0.00 0.00 0.00 0
153908 0.00 0.00 0.00 0
153911 0.00 0.00 0.00 0
153912 0.00 0.00 0.00 0
153915 0.00 0.00 0.00 0
153916 0.00 0.00 0.00 0
153917 0.00 0.00 0.00 0
153918 0.00 0.00 0.00 0
153922 0.00 0.00 0.00 0
153923 0.00 0.00 0.00 0
153924 0.00 0.00 0.00 0
153925 0.00 0.00 0.00 0
153926 0.00 0.00 0.00 0
153927 0.00 0.00 0.00 0
153931 0.00 0.00 0.00 0
153932 0.00 0.00 0.00 0
153933 0.00 0.00 0.00 0
153934 0.00 0.00 0.00 0
153937 0.00 0.00 0.00 0
153938 0.00 0.00 0.00 0
153939 0.00 0.00 0.00 0
154067 0.00 0.00 0.00 0
154068 0.00 0.00 0.00 0
154069 0.00 0.00 0.00 0
154070 0.00 0.00 0.00 0
154071 0.00 0.00 0.00 0
154079 0.00 0.00 0.00 0
154080 0.00 0.00 0.00 0
154081 0.00 0.00 0.00 0
154082 0.00 0.00 0.00 0
154083 0.00 0.00 0.00 0
154093 0.00 0.00 0.00 0
154094 0.00 0.00 0.00 0
154107 0.00 0.00 0.00 0
154108 0.00 0.00 0.00 0
154109 0.00 0.00 0.00 0
154118 0.00 0.00 0.00 0
154119 0.00 0.00 0.00 0
154120 0.00 0.00 0.00 0
154128 0.00 0.00 0.00 0
154129 0.00 0.00 0.00 0
154136 0.00 0.00 0.00 0
154137 0.00 0.00 0.00 0
154150 0.00 0.00 0.00 0
154151 0.00 0.00 0.00 0
154152 0.00 0.00 0.00 0
154153 0.00 0.00 0.00 0
154167 0.00 0.00 0.00 0
154168 0.00 0.00 0.00 0
154169 0.00 0.00 0.00 0
154182 0.00 0.00 0.00 0
154200 0.00 0.00 0.00 0
154201 0.00 0.00 0.00 0
154217 0.00 0.00 0.00 0
154227 0.00 0.00 0.00 0
154228 0.00 0.00 0.00 0
154236 0.00 0.00 0.00 0
154237 0.00 0.00 0.00 0
154244 0.00 0.00 0.00 0
154245 0.00 0.00 0.00 0
154247 0.00 0.00 0.00 0
154249 0.00 0.00 0.00 0
154251 0.00 0.00 0.00 0
154252 0.00 0.00 0.00 0
154255 0.00 0.00 0.00 0
154256 0.00 0.00 0.00 0
154257 0.00 0.00 0.00 0
154258 0.00 0.00 0.00 0
154262 0.00 0.00 0.00 0
154263 0.00 0.00 0.00 0
154264 0.00 0.00 0.00 0
154265 0.00 0.00 0.00 0
154270 0.00 0.00 0.00 0
154271 0.00 0.00 0.00 0
154272 0.00 0.00 0.00 0
154277 0.00 0.00 0.00 0
154278 0.00 0.00 0.00 0
154279 0.00 0.00 0.00 0
154280 0.00 0.00 0.00 0
154400 0.00 0.00 0.00 0
154401 0.00 0.00 0.00 0
154402 0.00 0.00 0.00 0
154403 0.00 0.00 0.00 0
154404 0.00 0.00 0.00 0
154409 0.00 0.00 0.00 0
154410 0.00 0.00 0.00 0
154411 0.00 0.00 0.00 0
154420 0.00 0.00 0.00 0
154421 0.00 0.00 0.00 0
154432 0.00 0.00 0.00 0
154433 0.00 0.00 0.00 0
154442 0.00 0.00 0.00 0
154443 0.00 0.00 0.00 0
154449 0.00 0.00 0.00 0
154450 0.00 0.00 0.00 0
154456 0.00 0.00 0.00 0
154457 0.00 0.00 0.00 0
154458 0.00 0.00 0.00 0
154473 0.00 0.00 0.00 0
154474 0.00 0.00 0.00 0
154475 0.00 0.00 0.00 0
154491 0.00 0.00 0.00 0
154503 0.00 0.00 0.00 0
154524 0.00 0.00 0.00 0
154525 0.00 0.00 0.00 0
154544 0.00 0.00 0.00 0
154555 0.00 0.00 0.00 0
154556 0.00 0.00 0.00 0
154568 0.00 0.00 0.00 0
154569 0.00 0.00 0.00 0
154575 0.00 0.00 0.00 0
154576 0.00 0.00 0.00 0
154578 0.00 0.00 0.00 0
154580 0.00 0.00 0.00 0
154582 0.00 0.00 0.00 0
154586 0.00 0.00 0.00 0
154587 0.00 0.00 0.00 0
154588 0.00 0.00 0.00 0
154591 0.00 0.00 0.00 0
154592 0.00 0.00 0.00 0
154593 0.00 0.00 0.00 0
154594 0.00 0.00 0.00 0
154597 0.00 0.00 0.00 0
154598 0.00 0.00 0.00 0
154599 0.00 0.00 0.00 0
154600 0.00 0.00 0.00 0
154601 0.00 0.00 0.00 0
154604 0.00 0.00 0.00 0
154605 0.00 0.00 0.00 0
154606 0.00 0.00 0.00 0
154607 0.00 0.00 0.00 0
154608 0.00 0.00 0.00 0
154609 0.00 0.00 0.00 0
154610 0.00 0.00 0.00 0
154721 0.00 0.00 0.00 0
154722 0.00 0.00 0.00 0
154723 0.00 0.00 0.00 0
154724 0.00 0.00 0.00 0
154735 0.00 0.00 0.00 0
154736 0.00 0.00 0.00 0
154737 0.00 0.00 0.00 0
154749 0.00 0.00 0.00 0
154750 0.00 0.00 0.00 0
154751 0.00 0.00 0.00 0
154752 0.00 0.00 0.00 0
154764 0.00 0.00 0.00 0
154765 0.00 0.00 0.00 0
154766 0.00 0.00 0.00 0
154775 0.00 0.00 0.00 0
154776 0.00 0.00 0.00 0
154777 0.00 0.00 0.00 0
154778 0.00 0.00 0.00 0
154782 0.00 0.00 0.00 0
154783 0.00 0.00 0.00 0
154784 0.00 0.00 0.00 0
154789 0.00 0.00 0.00 0
154790 0.00 0.00 0.00 0
154791 0.00 0.00 0.00 0
154805 0.00 0.00 0.00 0
154806 0.00 0.00 0.00 0
154823 0.00 0.00 0.00 0
154835 0.00 0.00 0.00 0
154854 0.00 0.00 0.00 0
154855 0.00 0.00 0.00 0
154868 0.00 0.00 0.00 0
154875 0.00 0.00 0.00 0
154876 0.00 0.00 0.00 0
154888 0.00 0.00 0.00 0
154889 0.00 0.00 0.00 0
154894 0.00 0.00 0.00 0
154895 0.00 0.00 0.00 0
154896 0.00 0.00 0.00 0
154898 0.00 0.00 0.00 0
154899 0.00 0.00 0.00 0
154901 0.00 0.00 0.00 0
154903 0.00 0.00 0.00 0
154904 0.00 0.00 0.00 0
154908 0.00 0.00 0.00 0
154909 0.00 0.00 0.00 0
154910 0.00 0.00 0.00 0
154913 0.00 0.00 0.00 0
154914 0.00 0.00 0.00 0
154915 0.00 0.00 0.00 0
154918 0.00 0.00 0.00 0
154919 0.00 0.00 0.00 0
154920 0.00 0.00 0.00 0
154922 0.00 0.00 0.00 0
154923 0.00 0.00 0.00 0
154924 0.00 0.00 0.00 0
154925 0.00 0.00 0.00 0
154926 0.00 0.00 0.00 0
154927 0.00 0.00 0.00 0
154928 0.00 0.00 0.00 0
154929 0.00 0.00 0.00 0
154930 0.00 0.00 0.00 0
155011 0.00 0.00 0.00 0
155012 0.00 0.00 0.00 0
155027 0.00 0.00 0.00 0
155028 0.00 0.00 0.00 0
155041 0.00 0.00 0.00 0
155042 0.00 0.00 0.00 0
155064 0.00 0.00 0.00 0
155065 0.00 0.00 0.00 0
155066 0.00 0.00 0.00 0
155074 0.00 0.00 0.00 0
155075 0.00 0.00 0.00 0
155076 0.00 0.00 0.00 0
155084 0.00 0.00 0.00 0
155085 0.00 0.00 0.00 0
155096 0.00 0.00 0.00 0
155097 0.00 0.00 0.00 0
155109 0.00 0.00 0.00 0
155119 0.00 0.00 0.00 0
155136 0.00 0.00 0.00 0
155137 0.00 0.00 0.00 0
155150 0.00 0.00 0.00 0
155159 0.00 0.00 0.00 0
155160 0.00 0.00 0.00 0
155172 0.00 0.00 0.00 0
155173 0.00 0.00 0.00 0
155181 0.00 0.00 0.00 0
155186 0.00 0.00 0.00 0
155188 0.00 0.00 0.00 0
155189 0.00 0.00 0.00 0
155191 0.00 0.00 0.00 0
155192 0.00 0.00 0.00 0
155196 0.00 0.00 0.00 0
155197 0.00 0.00 0.00 0
155201 0.00 0.00 0.00 0
155202 0.00 0.00 0.00 0
155203 0.00 0.00 0.00 0
155206 0.00 0.00 0.00 0
155207 0.00 0.00 0.00 0
155208 0.00 0.00 0.00 0
155209 0.00 0.00 0.00 0
155210 0.00 0.00 0.00 0
155211 0.00 0.00 0.00 0
155212 0.00 0.00 0.00 0
155213 0.00 0.00 0.00 0
155214 0.00 0.00 0.00 0
155215 0.00 0.00 0.00 0
155317 0.00 0.00 0.00 0
155324 0.00 0.00 0.00 0
155325 0.00 0.00 0.00 0
155338 0.00 0.00 0.00 0
155339 0.00 0.00 0.00 0
155348 0.00 0.00 0.00 0
155349 0.00 0.00 0.00 0
155360 0.00 0.00 0.00 0
155361 0.00 0.00 0.00 0
155377 0.00 0.00 0.00 0
155378 0.00 0.00 0.00 0
155388 0.00 0.00 0.00 0
155420 0.00 0.00 0.00 0
155421 0.00 0.00 0.00 0
155423 0.00 0.00 0.00 0
155424 0.00 0.00 0.00 0
155428 0.00 0.00 0.00 0
155429 0.00 0.00 0.00 0
155433 0.00 0.00 0.00 0
155434 0.00 0.00 0.00 0
155435 0.00 0.00 0.00 0
155436 0.00 0.00 0.00 0
155437 0.00 0.00 0.00 0
155438 0.00 0.00 0.00 0
155439 0.00 0.00 0.00 0
155440 0.00 0.00 0.00 0
155441 0.00 0.00 0.00 0
155442 0.00 0.00 0.00 0
155443 0.00 0.00 0.00 0
155633 0.00 0.00 0.00 0
155634 0.00 0.00 0.00 0
155637 0.00 0.00 0.00 0
155642 0.00 0.00 0.00 0
155643 0.00 0.00 0.00 0
155647 0.00 0.00 0.00 0
155648 0.00 0.00 0.00 0
155649 0.00 0.00 0.00 0
155651 0.00 0.00 0.00 0
155652 0.00 0.00 0.00 0
155653 0.00 0.00 0.00 0
155654 0.00 0.00 0.00 0
155655 0.00 0.00 0.00 0
155656 0.00 0.00 0.00 0
155657 0.00 0.00 0.00 0
155803 0.00 0.00 0.00 0
155804 0.00 0.00 0.00 0
155805 0.00 0.00 0.00 0
155809 0.00 0.00 0.00 0
155810 0.00 0.00 0.00 0
155815 0.00 0.00 0.00 0
155816 0.00 0.00 0.00 0
155819 0.00 0.00 0.00 0
155820 0.00 0.00 0.00 0
155821 0.00 0.00 0.00 0
155822 0.00 0.00 0.00 0
155823 0.00 0.00 0.00 0
155824 0.00 0.00 0.00 0
155825 0.00 0.00 0.00 0
155826 0.00 0.00 0.00 0
155904 0.00 0.00 0.00 0
155905 0.00 0.00 0.00 0
155906 0.00 0.00 0.00 0
155911 0.00 0.00 0.00 0
155912 0.00 0.00 0.00 0
155913 0.00 0.00 0.00 0
155917 0.00 0.00 0.00 0
155918 0.00 0.00 0.00 0
155919 0.00 0.00 0.00 0
155921 0.00 0.00 0.00 0
155922 0.00 0.00 0.00 0
155923 0.00 0.00 0.00 0
156724 0.00 0.00 0.00 0
156725 0.00 0.00 0.00 0
156726 0.00 0.00 0.00 0
156727 0.00 0.00 0.00 0
156728 0.00 0.00 0.00 0
156729 0.00 0.00 0.00 0
156730 0.00 0.00 0.00 0
156731 0.00 0.00 0.00 0
156732 0.00 0.00 0.00 0
156733 0.00 0.00 0.00 0
156734 0.00 0.00 0.00 0
156735 0.00 0.00 0.00 0
156736 0.00 0.00 0.00 0
156737 0.00 0.00 0.00 0
156738 0.00 0.00 0.00 0
156739 0.00 0.00 0.00 0
156740 0.00 0.00 0.00 0
156741 0.00 0.00 0.00 0
156742 0.00 0.00 0.00 0
156743 0.00 0.00 0.00 0
156744 0.00 0.00 0.00 0
156745 0.00 0.00 0.00 0
156746 0.00 0.00 0.00 0
156747 0.00 0.00 0.00 0
156842 0.00 0.00 0.00 0
156843 0.00 0.00 0.00 0
156844 0.00 0.00 0.00 0
156845 0.00 0.00 0.00 0
156846 0.00 0.00 0.00 0
156847 0.00 0.00 0.00 0
156848 0.00 0.00 0.00 0
156849 0.00 0.00 0.00 0
156850 0.00 0.00 0.00 0
156851 0.00 0.00 0.00 0
156852 0.00 0.00 0.00 0
156853 0.00 0.00 0.00 0
156854 0.00 0.00 0.00 0
