# parahippocampal
1434
61964 0.00 0.00 0.00 0
61984 0.00 0.00 0.00 0
63156 0.00 0.00 0.00 0
63212 0.00 0.00 0.00 0
63213 0.00 0.00 0.00 0
63214 0.00 0.00 0.00 0
63228 0.00 0.00 0.00 0
63229 0.00 0.00 0.00 0
63230 0.00 0.00 0.00 0
63232 0.00 0.00 0.00 0
63233 0.00 0.00 0.00 0
63234 0.00 0.00 0.00 0
63240 0.00 0.00 0.00 0
63242 0.00 0.00 0.00 0
63243 0.00 0.00 0.00 0
63244 0.00 0.00 0.00 0
63245 0.00 0.00 0.00 0
63261 0.00 0.00 0.00 0
63262 0.00 0.00 0.00 0
64478 0.00 0.00 0.00 0
64479 0.00 0.00 0.00 0
64480 0.00 0.00 0.00 0
64481 0.00 0.00 0.00 0
64482 0.00 0.00 0.00 0
64483 0.00 0.00 0.00 0
64496 0.00 0.00 0.00 0
64497 0.00 0.00 0.00 0
64498 0.00 0.00 0.00 0
64499 0.00 0.00 0.00 0
64500 0.00 0.00 0.00 0
64501 0.00 0.00 0.00 0
64502 0.00 0.00 0.00 0
64506 0.00 0.00 0.00 0
64507 0.00 0.00 0.00 0
64508 0.00 0.00 0.00 0
64509 0.00 0.00 0.00 0
64510 0.00 0.00 0.00 0
64511 0.00 0.00 0.00 0
64512 0.00 0.00 0.00 0
64513 0.00 0.00 0.00 0
64522 0.00 0.00 0.00 0
64524 0.00 0.00 0.00 0
64525 0.00 0.00 0.00 0
64526 0.00 0.00 0.00 0
64527 0.00 0.00 0.00 0
64528 0.00 0.00 0.00 0
64548 0.00 0.00 0.00 0
64550 0.00 0.00 0.00 0
64563 0.00 0.00 0.00 0
64564 0.00 0.00 0.00 0
64565 0.00 0.00 0.00 0
65766 0.00 0.00 0.00 0
65767 0.00 0.00 0.00 0
65787 0.00 0.00 0.00 0
65808 0.00 0.00 0.00 0
65825 0.00 0.00 0.00 0
65852 0.00 0.00 0.00 0
65853 0.00 0.00 0.00 0
65854 0.00 0.00 0.00 0
65855 0.00 0.00 0.00 0
65856 0.00 0.00 0.00 0
65874 0.00 0.00 0.00 0
65875 0.00 0.00 0.00 0
65876 0.00 0.00 0.00 0
65877 0.00 0.00 0.00 0
65878 0.00 0.00 0.00 0
65879 0.00 0.00 0.00 0
65883 0.00 0.00 0.00 0
65884 0.00 0.00 0.00 0
65885 0.00 0.00 0.00 0
65886 0.00 0.00 0.00 0
65887 0.00 0.00 0.00 0
65905 0.00 0.00 0.00 0
65906 0.00 0.00 0.00 0
65907 0.00 0.00 0.00 0
65908 0.00 0.00 0.00 0
65909 0.00 0.00 0.00 0
65910 0.00 0.00 0.00 0
65911 0.00 0.00 0.00 0
65912 0.00 0.00 0.00 0
65929 0.00 0.00 0.00 0
65930 0.00 0.00 0.00 0
65931 0.00 0.00 0.00 0
65936 0.00 0.00 0.00 0
65937 0.00 0.00 0.00 0
65938 0.00 0.00 0.00 0
67113 0.00 0.00 0.00 0
67139 0.00 0.00 0.00 0
67140 0.00 0.00 0.00 0
67141 0.00 0.00 0.00 0
67142 0.00 0.00 0.00 0
67143 0.00 0.00 0.00 0
67162 0.00 0.00 0.00 0
67163 0.00 0.00 0.00 0
67164 0.00 0.00 0.00 0
67165 0.00 0.00 0.00 0
67166 0.00 0.00 0.00 0
67167 0.00 0.00 0.00 0
67168 0.00 0.00 0.00 0
67173 0.00 0.00 0.00 0
67174 0.00 0.00 0.00 0
67175 0.00 0.00 0.00 0
67176 0.00 0.00 0.00 0
67177 0.00 0.00 0.00 0
67196 0.00 0.00 0.00 0
67197 0.00 0.00 0.00 0
67198 0.00 0.00 0.00 0
67199 0.00 0.00 0.00 0
67200 0.00 0.00 0.00 0
67201 0.00 0.00 0.00 0
67202 0.00 0.00 0.00 0
67203 0.00 0.00 0.00 0
67204 0.00 0.00 0.00 0
67209 0.00 0.00 0.00 0
67210 0.00 0.00 0.00 0
67211 0.00 0.00 0.00 0
67212 0.00 0.00 0.00 0
67213 0.00 0.00 0.00 0
67214 0.00 0.00 0.00 0
67215 0.00 0.00 0.00 0
67216 0.00 0.00 0.00 0
68368 0.00 0.00 0.00 0
68369 0.00 0.00 0.00 0
68397 0.00 0.00 0.00 0
68398 0.00 0.00 0.00 0
68407 0.00 0.00 0.00 0
68408 0.00 0.00 0.00 0
68429 0.00 0.00 0.00 0
68430 0.00 0.00 0.00 0
68431 0.00 0.00 0.00 0
68432 0.00 0.00 0.00 0
68433 0.00 0.00 0.00 0
68434 0.00 0.00 0.00 0
68435 0.00 0.00 0.00 0
68436 0.00 0.00 0.00 0
68445 0.00 0.00 0.00 0
68446 0.00 0.00 0.00 0
68447 0.00 0.00 0.00 0
68448 0.00 0.00 0.00 0
68449 0.00 0.00 0.00 0
68450 0.00 0.00 0.00 0
68468 0.00 0.00 0.00 0
68469 0.00 0.00 0.00 0
68470 0.00 0.00 0.00 0
68471 0.00 0.00 0.00 0
68472 0.00 0.00 0.00 0
68476 0.00 0.00 0.00 0
68477 0.00 0.00 0.00 0
68478 0.00 0.00 0.00 0
68479 0.00 0.00 0.00 0
68480 0.00 0.00 0.00 0
68481 0.00 0.00 0.00 0
68482 0.00 0.00 0.00 0
68483 0.00 0.00 0.00 0
68486 0.00 0.00 0.00 0
68487 0.00 0.00 0.00 0
68488 0.00 0.00 0.00 0
69648 0.00 0.00 0.00 0
69675 0.00 0.00 0.00 0
69676 0.00 0.00 0.00 0
69683 0.00 0.00 0.00 0
69684 0.00 0.00 0.00 0
69685 0.00 0.00 0.00 0
69686 0.00 0.00 0.00 0
69687 0.00 0.00 0.00 0
69688 0.00 0.00 0.00 0
69695 0.00 0.00 0.00 0
69696 0.00 0.00 0.00 0
69697 0.00 0.00 0.00 0
69698 0.00 0.00 0.00 0
69699 0.00 0.00 0.00 0
69700 0.00 0.00 0.00 0
69701 0.00 0.00 0.00 0
69702 0.00 0.00 0.00 0
69719 0.00 0.00 0.00 0
69720 0.00 0.00 0.00 0
69721 0.00 0.00 0.00 0
69722 0.00 0.00 0.00 0
69723 0.00 0.00 0.00 0
69724 0.00 0.00 0.00 0
69725 0.00 0.00 0.00 0
69726 0.00 0.00 0.00 0
69731 0.00 0.00 0.00 0
69732 0.00 0.00 0.00 0
69733 0.00 0.00 0.00 0
69734 0.00 0.00 0.00 0
69735 0.00 0.00 0.00 0
69736 0.00 0.00 0.00 0
69737 0.00 0.00 0.00 0
69738 0.00 0.00 0.00 0
69739 0.00 0.00 0.00 0
69740 0.00 0.00 0.00 0
69744 0.00 0.00 0.00 0
69745 0.00 0.00 0.00 0
69746 0.00 0.00 0.00 0
69747 0.00 0.00 0.00 0
69748 0.00 0.00 0.00 0
69749 0.00 0.00 0.00 0
69753 0.00 0.00 0.00 0
69754 0.00 0.00 0.00 0
71037 0.00 0.00 0.00 0
71038 0.00 0.00 0.00 0
71046 0.00 0.00 0.00 0
71047 0.00 0.00 0.00 0
71048 0.00 0.00 0.00 0
71049 0.00 0.00 0.00 0
71054 0.00 0.00 0.00 0
71055 0.00 0.00 0.00 0
71056 0.00 0.00 0.00 0
71057 0.00 0.00 0.00 0
71058 0.00 0.00 0.00 0
71073 0.00 0.00 0.00 0
71074 0.00 0.00 0.00 0
71075 0.00 0.00 0.00 0
71076 0.00 0.00 0.00 0
71077 0.00 0.00 0.00 0
71078 0.00 0.00 0.00 0
71079 0.00 0.00 0.00 0
71086 0.00 0.00 0.00 0
71087 0.00 0.00 0.00 0
71088 0.00 0.00 0.00 0
71089 0.00 0.00 0.00 0
71090 0.00 0.00 0.00 0
71091 0.00 0.00 0.00 0
71092 0.00 0.00 0.00 0
71093 0.00 0.00 0.00 0
71096 0.00 0.00 0.00 0
71097 0.00 0.00 0.00 0
71098 0.00 0.00 0.00 0
71099 0.00 0.00 0.00 0
71100 0.00 0.00 0.00 0
71101 0.00 0.00 0.00 0
71102 0.00 0.00 0.00 0
71106 0.00 0.00 0.00 0
71107 0.00 0.00 0.00 0
71108 0.00 0.00 0.00 0
72278 0.00 0.00 0.00 0
72286 0.00 0.00 0.00 0
72287 0.00 0.00 0.00 0
72288 0.00 0.00 0.00 0
72289 0.00 0.00 0.00 0
72290 0.00 0.00 0.00 0
72295 0.00 0.00 0.00 0
72296 0.00 0.00 0.00 0
72297 0.00 0.00 0.00 0
72298 0.00 0.00 0.00 0
72299 0.00 0.00 0.00 0
72313 0.00 0.00 0.00 0
72314 0.00 0.00 0.00 0
72315 0.00 0.00 0.00 0
72316 0.00 0.00 0.00 0
72317 0.00 0.00 0.00 0
72318 0.00 0.00 0.00 0
72328 0.00 0.00 0.00 0
72329 0.00 0.00 0.00 0
72330 0.00 0.00 0.00 0
72331 0.00 0.00 0.00 0
72332 0.00 0.00 0.00 0
72333 0.00 0.00 0.00 0
72334 0.00 0.00 0.00 0
72335 0.00 0.00 0.00 0
72339 0.00 0.00 0.00 0
72340 0.00 0.00 0.00 0
72341 0.00 0.00 0.00 0
72342 0.00 0.00 0.00 0
72343 0.00 0.00 0.00 0
72344 0.00 0.00 0.00 0
72345 0.00 0.00 0.00 0
72350 0.00 0.00 0.00 0
72351 0.00 0.00 0.00 0
72352 0.00 0.00 0.00 0
72353 0.00 0.00 0.00 0
73379 0.00 0.00 0.00 0
73380 0.00 0.00 0.00 0
73381 0.00 0.00 0.00 0
73382 0.00 0.00 0.00 0
73383 0.00 0.00 0.00 0
73387 0.00 0.00 0.00 0
73388 0.00 0.00 0.00 0
73395 0.00 0.00 0.00 0
73396 0.00 0.00 0.00 0
73397 0.00 0.00 0.00 0
73398 0.00 0.00 0.00 0
73407 0.00 0.00 0.00 0
73408 0.00 0.00 0.00 0
73409 0.00 0.00 0.00 0
73410 0.00 0.00 0.00 0
73419 0.00 0.00 0.00 0
73420 0.00 0.00 0.00 0
73421 0.00 0.00 0.00 0
73422 0.00 0.00 0.00 0
73423 0.00 0.00 0.00 0
73424 0.00 0.00 0.00 0
73425 0.00 0.00 0.00 0
73429 0.00 0.00 0.00 0
73430 0.00 0.00 0.00 0
73431 0.00 0.00 0.00 0
73432 0.00 0.00 0.00 0
73433 0.00 0.00 0.00 0
73434 0.00 0.00 0.00 0
73435 0.00 0.00 0.00 0
73440 0.00 0.00 0.00 0
73441 0.00 0.00 0.00 0
73442 0.00 0.00 0.00 0
73443 0.00 0.00 0.00 0
73449 0.00 0.00 0.00 0
73450 0.00 0.00 0.00 0
73451 0.00 0.00 0.00 0
74488 0.00 0.00 0.00 0
74489 0.00 0.00 0.00 0
74490 0.00 0.00 0.00 0
74491 0.00 0.00 0.00 0
74492 0.00 0.00 0.00 0
74514 0.00 0.00 0.00 0
74515 0.00 0.00 0.00 0
74516 0.00 0.00 0.00 0
74517 0.00 0.00 0.00 0
74518 0.00 0.00 0.00 0
74519 0.00 0.00 0.00 0
74520 0.00 0.00 0.00 0
74531 0.00 0.00 0.00 0
74532 0.00 0.00 0.00 0
74539 0.00 0.00 0.00 0
74540 0.00 0.00 0.00 0
74541 0.00 0.00 0.00 0
74542 0.00 0.00 0.00 0
74543 0.00 0.00 0.00 0
74549 0.00 0.00 0.00 0
74553 0.00 0.00 0.00 0
74554 0.00 0.00 0.00 0
74555 0.00 0.00 0.00 0
74563 0.00 0.00 0.00 0
74564 0.00 0.00 0.00 0
74565 0.00 0.00 0.00 0
74566 0.00 0.00 0.00 0
74567 0.00 0.00 0.00 0
74571 0.00 0.00 0.00 0
74572 0.00 0.00 0.00 0
74573 0.00 0.00 0.00 0
74574 0.00 0.00 0.00 0
74575 0.00 0.00 0.00 0
74576 0.00 0.00 0.00 0
74577 0.00 0.00 0.00 0
74578 0.00 0.00 0.00 0
74583 0.00 0.00 0.00 0
74584 0.00 0.00 0.00 0
74585 0.00 0.00 0.00 0
74586 0.00 0.00 0.00 0
74596 0.00 0.00 0.00 0
74597 0.00 0.00 0.00 0
74598 0.00 0.00 0.00 0
75659 0.00 0.00 0.00 0
75660 0.00 0.00 0.00 0
75661 0.00 0.00 0.00 0
75662 0.00 0.00 0.00 0
75663 0.00 0.00 0.00 0
75673 0.00 0.00 0.00 0
75674 0.00 0.00 0.00 0
75680 0.00 0.00 0.00 0
75681 0.00 0.00 0.00 0
75682 0.00 0.00 0.00 0
75683 0.00 0.00 0.00 0
75697 0.00 0.00 0.00 0
75698 0.00 0.00 0.00 0
75704 0.00 0.00 0.00 0
75705 0.00 0.00 0.00 0
75711 0.00 0.00 0.00 0
75715 0.00 0.00 0.00 0
75716 0.00 0.00 0.00 0
75717 0.00 0.00 0.00 0
75726 0.00 0.00 0.00 0
75727 0.00 0.00 0.00 0
75728 0.00 0.00 0.00 0
75729 0.00 0.00 0.00 0
75730 0.00 0.00 0.00 0
75735 0.00 0.00 0.00 0
75736 0.00 0.00 0.00 0
75737 0.00 0.00 0.00 0
75738 0.00 0.00 0.00 0
75739 0.00 0.00 0.00 0
75740 0.00 0.00 0.00 0
75741 0.00 0.00 0.00 0
75748 0.00 0.00 0.00 0
75749 0.00 0.00 0.00 0
75750 0.00 0.00 0.00 0
75751 0.00 0.00 0.00 0
75752 0.00 0.00 0.00 0
75764 0.00 0.00 0.00 0
75765 0.00 0.00 0.00 0
75766 0.00 0.00 0.00 0
76897 0.00 0.00 0.00 0
76898 0.00 0.00 0.00 0
76899 0.00 0.00 0.00 0
76900 0.00 0.00 0.00 0
76901 0.00 0.00 0.00 0
76904 0.00 0.00 0.00 0
76911 0.00 0.00 0.00 0
76912 0.00 0.00 0.00 0
76913 0.00 0.00 0.00 0
76914 0.00 0.00 0.00 0
76915 0.00 0.00 0.00 0
76916 0.00 0.00 0.00 0
76917 0.00 0.00 0.00 0
76929 0.00 0.00 0.00 0
76936 0.00 0.00 0.00 0
76937 0.00 0.00 0.00 0
76938 0.00 0.00 0.00 0
76943 0.00 0.00 0.00 0
76948 0.00 0.00 0.00 0
76949 0.00 0.00 0.00 0
76950 0.00 0.00 0.00 0
76958 0.00 0.00 0.00 0
76959 0.00 0.00 0.00 0
76960 0.00 0.00 0.00 0
76961 0.00 0.00 0.00 0
76962 0.00 0.00 0.00 0
76969 0.00 0.00 0.00 0
76970 0.00 0.00 0.00 0
76971 0.00 0.00 0.00 0
76972 0.00 0.00 0.00 0
76973 0.00 0.00 0.00 0
76974 0.00 0.00 0.00 0
76975 0.00 0.00 0.00 0
76983 0.00 0.00 0.00 0
76984 0.00 0.00 0.00 0
76985 0.00 0.00 0.00 0
76986 0.00 0.00 0.00 0
76987 0.00 0.00 0.00 0
76988 0.00 0.00 0.00 0
76999 0.00 0.00 0.00 0
77000 0.00 0.00 0.00 0
77001 0.00 0.00 0.00 0
77002 0.00 0.00 0.00 0
77003 0.00 0.00 0.00 0
78097 0.00 0.00 0.00 0
78098 0.00 0.00 0.00 0
78099 0.00 0.00 0.00 0
78110 0.00 0.00 0.00 0
78111 0.00 0.00 0.00 0
78112 0.00 0.00 0.00 0
78113 0.00 0.00 0.00 0
78114 0.00 0.00 0.00 0
78115 0.00 0.00 0.00 0
78116 0.00 0.00 0.00 0
78126 0.00 0.00 0.00 0
78127 0.00 0.00 0.00 0
78134 0.00 0.00 0.00 0
78135 0.00 0.00 0.00 0
78136 0.00 0.00 0.00 0
78146 0.00 0.00 0.00 0
78147 0.00 0.00 0.00 0
78153 0.00 0.00 0.00 0
78154 0.00 0.00 0.00 0
78155 0.00 0.00 0.00 0
78156 0.00 0.00 0.00 0
78157 0.00 0.00 0.00 0
78164 0.00 0.00 0.00 0
78165 0.00 0.00 0.00 0
78166 0.00 0.00 0.00 0
78167 0.00 0.00 0.00 0
78168 0.00 0.00 0.00 0
78169 0.00 0.00 0.00 0
78177 0.00 0.00 0.00 0
78178 0.00 0.00 0.00 0
78179 0.00 0.00 0.00 0
78180 0.00 0.00 0.00 0
78181 0.00 0.00 0.00 0
78182 0.00 0.00 0.00 0
78183 0.00 0.00 0.00 0
78184 0.00 0.00 0.00 0
78192 0.00 0.00 0.00 0
78193 0.00 0.00 0.00 0
78194 0.00 0.00 0.00 0
78195 0.00 0.00 0.00 0
78196 0.00 0.00 0.00 0
78197 0.00 0.00 0.00 0
78198 0.00 0.00 0.00 0
78210 0.00 0.00 0.00 0
78211 0.00 0.00 0.00 0
78212 0.00 0.00 0.00 0
78213 0.00 0.00 0.00 0
78214 0.00 0.00 0.00 0
78215 0.00 0.00 0.00 0
79383 0.00 0.00 0.00 0
79384 0.00 0.00 0.00 0
79385 0.00 0.00 0.00 0
79386 0.00 0.00 0.00 0
79387 0.00 0.00 0.00 0
79388 0.00 0.00 0.00 0
79391 0.00 0.00 0.00 0
79398 0.00 0.00 0.00 0
79399 0.00 0.00 0.00 0
79400 0.00 0.00 0.00 0
79401 0.00 0.00 0.00 0
79410 0.00 0.00 0.00 0
79415 0.00 0.00 0.00 0
79416 0.00 0.00 0.00 0
79417 0.00 0.00 0.00 0
79424 0.00 0.00 0.00 0
79425 0.00 0.00 0.00 0
79426 0.00 0.00 0.00 0
79434 0.00 0.00 0.00 0
79435 0.00 0.00 0.00 0
79436 0.00 0.00 0.00 0
79437 0.00 0.00 0.00 0
79438 0.00 0.00 0.00 0
79439 0.00 0.00 0.00 0
79447 0.00 0.00 0.00 0
79448 0.00 0.00 0.00 0
79449 0.00 0.00 0.00 0
79450 0.00 0.00 0.00 0
79451 0.00 0.00 0.00 0
79452 0.00 0.00 0.00 0
79453 0.00 0.00 0.00 0
79467 0.00 0.00 0.00 0
79468 0.00 0.00 0.00 0
79469 0.00 0.00 0.00 0
79470 0.00 0.00 0.00 0
79471 0.00 0.00 0.00 0
79472 0.00 0.00 0.00 0
79473 0.00 0.00 0.00 0
79483 0.00 0.00 0.00 0
79484 0.00 0.00 0.00 0
79485 0.00 0.00 0.00 0
79486 0.00 0.00 0.00 0
80686 0.00 0.00 0.00 0
80687 0.00 0.00 0.00 0
80691 0.00 0.00 0.00 0
80702 0.00 0.00 0.00 0
80703 0.00 0.00 0.00 0
80704 0.00 0.00 0.00 0
80705 0.00 0.00 0.00 0
80706 0.00 0.00 0.00 0
80717 0.00 0.00 0.00 0
80718 0.00 0.00 0.00 0
80725 0.00 0.00 0.00 0
80726 0.00 0.00 0.00 0
80727 0.00 0.00 0.00 0
80737 0.00 0.00 0.00 0
80738 0.00 0.00 0.00 0
80741 0.00 0.00 0.00 0
80742 0.00 0.00 0.00 0
80751 0.00 0.00 0.00 0
80752 0.00 0.00 0.00 0
80753 0.00 0.00 0.00 0
80754 0.00 0.00 0.00 0
80755 0.00 0.00 0.00 0
80756 0.00 0.00 0.00 0
80767 0.00 0.00 0.00 0
80768 0.00 0.00 0.00 0
80769 0.00 0.00 0.00 0
80770 0.00 0.00 0.00 0
80771 0.00 0.00 0.00 0
80772 0.00 0.00 0.00 0
80785 0.00 0.00 0.00 0
80786 0.00 0.00 0.00 0
80787 0.00 0.00 0.00 0
80788 0.00 0.00 0.00 0
80789 0.00 0.00 0.00 0
80790 0.00 0.00 0.00 0
80793 0.00 0.00 0.00 0
80794 0.00 0.00 0.00 0
80795 0.00 0.00 0.00 0
80796 0.00 0.00 0.00 0
81957 0.00 0.00 0.00 0
81958 0.00 0.00 0.00 0
81959 0.00 0.00 0.00 0
81960 0.00 0.00 0.00 0
81961 0.00 0.00 0.00 0
81962 0.00 0.00 0.00 0
81978 0.00 0.00 0.00 0
81979 0.00 0.00 0.00 0
81980 0.00 0.00 0.00 0
81981 0.00 0.00 0.00 0
81990 0.00 0.00 0.00 0
81994 0.00 0.00 0.00 0
81995 0.00 0.00 0.00 0
81996 0.00 0.00 0.00 0
82010 0.00 0.00 0.00 0
82011 0.00 0.00 0.00 0
82012 0.00 0.00 0.00 0
82013 0.00 0.00 0.00 0
82014 0.00 0.00 0.00 0
82027 0.00 0.00 0.00 0
82028 0.00 0.00 0.00 0
82029 0.00 0.00 0.00 0
82030 0.00 0.00 0.00 0
82040 0.00 0.00 0.00 0
82041 0.00 0.00 0.00 0
82042 0.00 0.00 0.00 0
82043 0.00 0.00 0.00 0
82044 0.00 0.00 0.00 0
82045 0.00 0.00 0.00 0
82052 0.00 0.00 0.00 0
82053 0.00 0.00 0.00 0
82054 0.00 0.00 0.00 0
82055 0.00 0.00 0.00 0
82056 0.00 0.00 0.00 0
82057 0.00 0.00 0.00 0
83178 0.00 0.00 0.00 0
83179 0.00 0.00 0.00 0
83198 0.00 0.00 0.00 0
83199 0.00 0.00 0.00 0
83200 0.00 0.00 0.00 0
83201 0.00 0.00 0.00 0
83202 0.00 0.00 0.00 0
83220 0.00 0.00 0.00 0
83221 0.00 0.00 0.00 0
83222 0.00 0.00 0.00 0
83241 0.00 0.00 0.00 0
83242 0.00 0.00 0.00 0
83258 0.00 0.00 0.00 0
83259 0.00 0.00 0.00 0
83260 0.00 0.00 0.00 0
83261 0.00 0.00 0.00 0
83270 0.00 0.00 0.00 0
83271 0.00 0.00 0.00 0
83272 0.00 0.00 0.00 0
83280 0.00 0.00 0.00 0
83281 0.00 0.00 0.00 0
83282 0.00 0.00 0.00 0
83283 0.00 0.00 0.00 0
83295 0.00 0.00 0.00 0
83296 0.00 0.00 0.00 0
83297 0.00 0.00 0.00 0
83298 0.00 0.00 0.00 0
83299 0.00 0.00 0.00 0
83300 0.00 0.00 0.00 0
83313 0.00 0.00 0.00 0
83314 0.00 0.00 0.00 0
83315 0.00 0.00 0.00 0
84407 0.00 0.00 0.00 0
84408 0.00 0.00 0.00 0
84409 0.00 0.00 0.00 0
84430 0.00 0.00 0.00 0
84431 0.00 0.00 0.00 0
84432 0.00 0.00 0.00 0
84433 0.00 0.00 0.00 0
84451 0.00 0.00 0.00 0
84452 0.00 0.00 0.00 0
84453 0.00 0.00 0.00 0
84474 0.00 0.00 0.00 0
84475 0.00 0.00 0.00 0
84488 0.00 0.00 0.00 0
84490 0.00 0.00 0.00 0
84491 0.00 0.00 0.00 0
84497 0.00 0.00 0.00 0
84498 0.00 0.00 0.00 0
84499 0.00 0.00 0.00 0
84512 0.00 0.00 0.00 0
84513 0.00 0.00 0.00 0
84514 0.00 0.00 0.00 0
84515 0.00 0.00 0.00 0
84529 0.00 0.00 0.00 0
84530 0.00 0.00 0.00 0
84531 0.00 0.00 0.00 0
84532 0.00 0.00 0.00 0
84533 0.00 0.00 0.00 0
84546 0.00 0.00 0.00 0
84547 0.00 0.00 0.00 0
84548 0.00 0.00 0.00 0
84549 0.00 0.00 0.00 0
85688 0.00 0.00 0.00 0
85689 0.00 0.00 0.00 0
85690 0.00 0.00 0.00 0
85716 0.00 0.00 0.00 0
85717 0.00 0.00 0.00 0
85718 0.00 0.00 0.00 0
85745 0.00 0.00 0.00 0
85746 0.00 0.00 0.00 0
85747 0.00 0.00 0.00 0
85763 0.00 0.00 0.00 0
85764 0.00 0.00 0.00 0
85769 0.00 0.00 0.00 0
85770 0.00 0.00 0.00 0
85771 0.00 0.00 0.00 0
85772 0.00 0.00 0.00 0
85785 0.00 0.00 0.00 0
85786 0.00 0.00 0.00 0
85787 0.00 0.00 0.00 0
85788 0.00 0.00 0.00 0
85789 0.00 0.00 0.00 0
85805 0.00 0.00 0.00 0
85806 0.00 0.00 0.00 0
85807 0.00 0.00 0.00 0
85808 0.00 0.00 0.00 0
85809 0.00 0.00 0.00 0
85820 0.00 0.00 0.00 0
85821 0.00 0.00 0.00 0
85822 0.00 0.00 0.00 0
85823 0.00 0.00 0.00 0
85824 0.00 0.00 0.00 0
85840 0.00 0.00 0.00 0
85841 0.00 0.00 0.00 0
85842 0.00 0.00 0.00 0
85843 0.00 0.00 0.00 0
85844 0.00 0.00 0.00 0
86976 0.00 0.00 0.00 0
86977 0.00 0.00 0.00 0
87007 0.00 0.00 0.00 0
87008 0.00 0.00 0.00 0
87009 0.00 0.00 0.00 0
87010 0.00 0.00 0.00 0
87033 0.00 0.00 0.00 0
87034 0.00 0.00 0.00 0
87035 0.00 0.00 0.00 0
87062 0.00 0.00 0.00 0
87063 0.00 0.00 0.00 0
87064 0.00 0.00 0.00 0
87078 0.00 0.00 0.00 0
87083 0.00 0.00 0.00 0
87084 0.00 0.00 0.00 0
87085 0.00 0.00 0.00 0
87100 0.00 0.00 0.00 0
87101 0.00 0.00 0.00 0
87102 0.00 0.00 0.00 0
87114 0.00 0.00 0.00 0
87115 0.00 0.00 0.00 0
87116 0.00 0.00 0.00 0
87135 0.00 0.00 0.00 0
87136 0.00 0.00 0.00 0
87137 0.00 0.00 0.00 0
87138 0.00 0.00 0.00 0
87158 0.00 0.00 0.00 0
87159 0.00 0.00 0.00 0
87160 0.00 0.00 0.00 0
87161 0.00 0.00 0.00 0
87162 0.00 0.00 0.00 0
88275 0.00 0.00 0.00 0
88276 0.00 0.00 0.00 0
88298 0.00 0.00 0.00 0
88299 0.00 0.00 0.00 0
88300 0.00 0.00 0.00 0
88313 0.00 0.00 0.00 0
88314 0.00 0.00 0.00 0
88315 0.00 0.00 0.00 0
88334 0.00 0.00 0.00 0
88335 0.00 0.00 0.00 0
88355 0.00 0.00 0.00 0
88356 0.00 0.00 0.00 0
88368 0.00 0.00 0.00 0
88370 0.00 0.00 0.00 0
88371 0.00 0.00 0.00 0
88387 0.00 0.00 0.00 0
88388 0.00 0.00 0.00 0
88389 0.00 0.00 0.00 0
88399 0.00 0.00 0.00 0
88400 0.00 0.00 0.00 0
88401 0.00 0.00 0.00 0
88419 0.00 0.00 0.00 0
88420 0.00 0.00 0.00 0
88421 0.00 0.00 0.00 0
88422 0.00 0.00 0.00 0
88423 0.00 0.00 0.00 0
88434 0.00 0.00 0.00 0
88435 0.00 0.00 0.00 0
88436 0.00 0.00 0.00 0
88437 0.00 0.00 0.00 0
88438 0.00 0.00 0.00 0
88448 0.00 0.00 0.00 0
88449 0.00 0.00 0.00 0
89472 0.00 0.00 0.00 0
89473 0.00 0.00 0.00 0
89474 0.00 0.00 0.00 0
89494 0.00 0.00 0.00 0
89495 0.00 0.00 0.00 0
89512 0.00 0.00 0.00 0
89513 0.00 0.00 0.00 0
89514 0.00 0.00 0.00 0
89533 0.00 0.00 0.00 0
89554 0.00 0.00 0.00 0
89555 0.00 0.00 0.00 0
89582 0.00 0.00 0.00 0
89583 0.00 0.00 0.00 0
89597 0.00 0.00 0.00 0
89598 0.00 0.00 0.00 0
89599 0.00 0.00 0.00 0
89617 0.00 0.00 0.00 0
89618 0.00 0.00 0.00 0
89635 0.00 0.00 0.00 0
89636 0.00 0.00 0.00 0
89637 0.00 0.00 0.00 0
89638 0.00 0.00 0.00 0
89639 0.00 0.00 0.00 0
89650 0.00 0.00 0.00 0
89651 0.00 0.00 0.00 0
89652 0.00 0.00 0.00 0
89653 0.00 0.00 0.00 0
89654 0.00 0.00 0.00 0
89655 0.00 0.00 0.00 0
89663 0.00 0.00 0.00 0
89664 0.00 0.00 0.00 0
89665 0.00 0.00 0.00 0
90684 0.00 0.00 0.00 0
90685 0.00 0.00 0.00 0
90686 0.00 0.00 0.00 0
90687 0.00 0.00 0.00 0
90688 0.00 0.00 0.00 0
90702 0.00 0.00 0.00 0
90703 0.00 0.00 0.00 0
90720 0.00 0.00 0.00 0
90721 0.00 0.00 0.00 0
90722 0.00 0.00 0.00 0
90740 0.00 0.00 0.00 0
90771 0.00 0.00 0.00 0
90772 0.00 0.00 0.00 0
90800 0.00 0.00 0.00 0
90801 0.00 0.00 0.00 0
90810 0.00 0.00 0.00 0
90811 0.00 0.00 0.00 0
90825 0.00 0.00 0.00 0
90826 0.00 0.00 0.00 0
90827 0.00 0.00 0.00 0
90838 0.00 0.00 0.00 0
90839 0.00 0.00 0.00 0
90840 0.00 0.00 0.00 0
90841 0.00 0.00 0.00 0
90852 0.00 0.00 0.00 0
90853 0.00 0.00 0.00 0
90854 0.00 0.00 0.00 0
90855 0.00 0.00 0.00 0
90856 0.00 0.00 0.00 0
90857 0.00 0.00 0.00 0
90866 0.00 0.00 0.00 0
90867 0.00 0.00 0.00 0
90868 0.00 0.00 0.00 0
90869 0.00 0.00 0.00 0
90870 0.00 0.00 0.00 0
91908 0.00 0.00 0.00 0
91909 0.00 0.00 0.00 0
91910 0.00 0.00 0.00 0
91911 0.00 0.00 0.00 0
91912 0.00 0.00 0.00 0
91932 0.00 0.00 0.00 0
91950 0.00 0.00 0.00 0
91951 0.00 0.00 0.00 0
91971 0.00 0.00 0.00 0
91996 0.00 0.00 0.00 0
91997 0.00 0.00 0.00 0
92012 0.00 0.00 0.00 0
92013 0.00 0.00 0.00 0
92018 0.00 0.00 0.00 0
92022 0.00 0.00 0.00 0
92023 0.00 0.00 0.00 0
92039 0.00 0.00 0.00 0
92040 0.00 0.00 0.00 0
92041 0.00 0.00 0.00 0
92042 0.00 0.00 0.00 0
92054 0.00 0.00 0.00 0
92055 0.00 0.00 0.00 0
92056 0.00 0.00 0.00 0
92057 0.00 0.00 0.00 0
92068 0.00 0.00 0.00 0
92069 0.00 0.00 0.00 0
92070 0.00 0.00 0.00 0
92071 0.00 0.00 0.00 0
92072 0.00 0.00 0.00 0
92082 0.00 0.00 0.00 0
92083 0.00 0.00 0.00 0
92084 0.00 0.00 0.00 0
92085 0.00 0.00 0.00 0
92086 0.00 0.00 0.00 0
93023 0.00 0.00 0.00 0
93046 0.00 0.00 0.00 0
93047 0.00 0.00 0.00 0
93048 0.00 0.00 0.00 0
93049 0.00 0.00 0.00 0
93050 0.00 0.00 0.00 0
93068 0.00 0.00 0.00 0
93082 0.00 0.00 0.00 0
93083 0.00 0.00 0.00 0
93103 0.00 0.00 0.00 0
93125 0.00 0.00 0.00 0
93126 0.00 0.00 0.00 0
93142 0.00 0.00 0.00 0
93150 0.00 0.00 0.00 0
93154 0.00 0.00 0.00 0
93168 0.00 0.00 0.00 0
93169 0.00 0.00 0.00 0
93170 0.00 0.00 0.00 0
93171 0.00 0.00 0.00 0
93176 0.00 0.00 0.00 0
93177 0.00 0.00 0.00 0
93178 0.00 0.00 0.00 0
93179 0.00 0.00 0.00 0
93187 0.00 0.00 0.00 0
93188 0.00 0.00 0.00 0
93189 0.00 0.00 0.00 0
93190 0.00 0.00 0.00 0
93195 0.00 0.00 0.00 0
93196 0.00 0.00 0.00 0
93197 0.00 0.00 0.00 0
93198 0.00 0.00 0.00 0
93199 0.00 0.00 0.00 0
93200 0.00 0.00 0.00 0
93210 0.00 0.00 0.00 0
93211 0.00 0.00 0.00 0
93212 0.00 0.00 0.00 0
94146 0.00 0.00 0.00 0
94147 0.00 0.00 0.00 0
94148 0.00 0.00 0.00 0
94149 0.00 0.00 0.00 0
94162 0.00 0.00 0.00 0
94163 0.00 0.00 0.00 0
94177 0.00 0.00 0.00 0
94178 0.00 0.00 0.00 0
94194 0.00 0.00 0.00 0
94195 0.00 0.00 0.00 0
94211 0.00 0.00 0.00 0
94212 0.00 0.00 0.00 0
94226 0.00 0.00 0.00 0
94227 0.00 0.00 0.00 0
94236 0.00 0.00 0.00 0
94240 0.00 0.00 0.00 0
94249 0.00 0.00 0.00 0
94250 0.00 0.00 0.00 0
94251 0.00 0.00 0.00 0
94255 0.00 0.00 0.00 0
94256 0.00 0.00 0.00 0
94257 0.00 0.00 0.00 0
94258 0.00 0.00 0.00 0
94264 0.00 0.00 0.00 0
94265 0.00 0.00 0.00 0
94266 0.00 0.00 0.00 0
94273 0.00 0.00 0.00 0
94274 0.00 0.00 0.00 0
94275 0.00 0.00 0.00 0
94276 0.00 0.00 0.00 0
94277 0.00 0.00 0.00 0
94286 0.00 0.00 0.00 0
94287 0.00 0.00 0.00 0
94288 0.00 0.00 0.00 0
94289 0.00 0.00 0.00 0
95208 0.00 0.00 0.00 0
95209 0.00 0.00 0.00 0
95210 0.00 0.00 0.00 0
95225 0.00 0.00 0.00 0
95226 0.00 0.00 0.00 0
95242 0.00 0.00 0.00 0
95263 0.00 0.00 0.00 0
95264 0.00 0.00 0.00 0
95283 0.00 0.00 0.00 0
95298 0.00 0.00 0.00 0
95299 0.00 0.00 0.00 0
95307 0.00 0.00 0.00 0
95311 0.00 0.00 0.00 0
95320 0.00 0.00 0.00 0
95321 0.00 0.00 0.00 0
95322 0.00 0.00 0.00 0
95323 0.00 0.00 0.00 0
95329 0.00 0.00 0.00 0
95330 0.00 0.00 0.00 0
95331 0.00 0.00 0.00 0
95332 0.00 0.00 0.00 0
95333 0.00 0.00 0.00 0
95337 0.00 0.00 0.00 0
95338 0.00 0.00 0.00 0
95339 0.00 0.00 0.00 0
95345 0.00 0.00 0.00 0
95346 0.00 0.00 0.00 0
95347 0.00 0.00 0.00 0
95348 0.00 0.00 0.00 0
95355 0.00 0.00 0.00 0
95356 0.00 0.00 0.00 0
95357 0.00 0.00 0.00 0
95358 0.00 0.00 0.00 0
95359 0.00 0.00 0.00 0
96350 0.00 0.00 0.00 0
96351 0.00 0.00 0.00 0
96368 0.00 0.00 0.00 0
96369 0.00 0.00 0.00 0
96370 0.00 0.00 0.00 0
96383 0.00 0.00 0.00 0
96384 0.00 0.00 0.00 0
96404 0.00 0.00 0.00 0
96405 0.00 0.00 0.00 0
96417 0.00 0.00 0.00 0
96432 0.00 0.00 0.00 0
96433 0.00 0.00 0.00 0
96442 0.00 0.00 0.00 0
96443 0.00 0.00 0.00 0
96454 0.00 0.00 0.00 0
96455 0.00 0.00 0.00 0
96456 0.00 0.00 0.00 0
96457 0.00 0.00 0.00 0
96458 0.00 0.00 0.00 0
96468 0.00 0.00 0.00 0
96469 0.00 0.00 0.00 0
96470 0.00 0.00 0.00 0
96471 0.00 0.00 0.00 0
96472 0.00 0.00 0.00 0
96473 0.00 0.00 0.00 0
96474 0.00 0.00 0.00 0
96479 0.00 0.00 0.00 0
96480 0.00 0.00 0.00 0
96481 0.00 0.00 0.00 0
96482 0.00 0.00 0.00 0
96487 0.00 0.00 0.00 0
96488 0.00 0.00 0.00 0
96489 0.00 0.00 0.00 0
96490 0.00 0.00 0.00 0
96498 0.00 0.00 0.00 0
96499 0.00 0.00 0.00 0
96500 0.00 0.00 0.00 0
96501 0.00 0.00 0.00 0
96502 0.00 0.00 0.00 0
97534 0.00 0.00 0.00 0
97535 0.00 0.00 0.00 0
97550 0.00 0.00 0.00 0
97551 0.00 0.00 0.00 0
97552 0.00 0.00 0.00 0
97566 0.00 0.00 0.00 0
97567 0.00 0.00 0.00 0
97568 0.00 0.00 0.00 0
97587 0.00 0.00 0.00 0
97588 0.00 0.00 0.00 0
97589 0.00 0.00 0.00 0
97590 0.00 0.00 0.00 0
97602 0.00 0.00 0.00 0
97603 0.00 0.00 0.00 0
97604 0.00 0.00 0.00 0
97623 0.00 0.00 0.00 0
97635 0.00 0.00 0.00 0
97651 0.00 0.00 0.00 0
97652 0.00 0.00 0.00 0
97667 0.00 0.00 0.00 0
97668 0.00 0.00 0.00 0
97669 0.00 0.00 0.00 0
97670 0.00 0.00 0.00 0
97671 0.00 0.00 0.00 0
97680 0.00 0.00 0.00 0
97681 0.00 0.00 0.00 0
97682 0.00 0.00 0.00 0
97690 0.00 0.00 0.00 0
97691 0.00 0.00 0.00 0
97692 0.00 0.00 0.00 0
97693 0.00 0.00 0.00 0
97694 0.00 0.00 0.00 0
97701 0.00 0.00 0.00 0
97702 0.00 0.00 0.00 0
97703 0.00 0.00 0.00 0
97704 0.00 0.00 0.00 0
97705 0.00 0.00 0.00 0
97706 0.00 0.00 0.00 0
98714 0.00 0.00 0.00 0
98732 0.00 0.00 0.00 0
98733 0.00 0.00 0.00 0
98753 0.00 0.00 0.00 0
98754 0.00 0.00 0.00 0
98755 0.00 0.00 0.00 0
98756 0.00 0.00 0.00 0
98773 0.00 0.00 0.00 0
98774 0.00 0.00 0.00 0
98775 0.00 0.00 0.00 0
98787 0.00 0.00 0.00 0
98788 0.00 0.00 0.00 0
98789 0.00 0.00 0.00 0
98812 0.00 0.00 0.00 0
98813 0.00 0.00 0.00 0
98833 0.00 0.00 0.00 0
98834 0.00 0.00 0.00 0
98851 0.00 0.00 0.00 0
98852 0.00 0.00 0.00 0
98853 0.00 0.00 0.00 0
98873 0.00 0.00 0.00 0
98874 0.00 0.00 0.00 0
98875 0.00 0.00 0.00 0
98876 0.00 0.00 0.00 0
98877 0.00 0.00 0.00 0
98878 0.00 0.00 0.00 0
98892 0.00 0.00 0.00 0
98893 0.00 0.00 0.00 0
98894 0.00 0.00 0.00 0
98895 0.00 0.00 0.00 0
98907 0.00 0.00 0.00 0
98908 0.00 0.00 0.00 0
98909 0.00 0.00 0.00 0
98910 0.00 0.00 0.00 0
98923 0.00 0.00 0.00 0
98924 0.00 0.00 0.00 0
98925 0.00 0.00 0.00 0
98926 0.00 0.00 0.00 0
98927 0.00 0.00 0.00 0
98928 0.00 0.00 0.00 0
98939 0.00 0.00 0.00 0
98940 0.00 0.00 0.00 0
98941 0.00 0.00 0.00 0
99949 0.00 0.00 0.00 0
99950 0.00 0.00 0.00 0
99965 0.00 0.00 0.00 0
99978 0.00 0.00 0.00 0
99979 0.00 0.00 0.00 0
99980 0.00 0.00 0.00 0
99981 0.00 0.00 0.00 0
99982 0.00 0.00 0.00 0
99992 0.00 0.00 0.00 0
99993 0.00 0.00 0.00 0
99994 0.00 0.00 0.00 0
99995 0.00 0.00 0.00 0
99996 0.00 0.00 0.00 0
100011 0.00 0.00 0.00 0
100012 0.00 0.00 0.00 0
100013 0.00 0.00 0.00 0
100014 0.00 0.00 0.00 0
100032 0.00 0.00 0.00 0
100046 0.00 0.00 0.00 0
100047 0.00 0.00 0.00 0
100058 0.00 0.00 0.00 0
100064 0.00 0.00 0.00 0
100065 0.00 0.00 0.00 0
100083 0.00 0.00 0.00 0
100084 0.00 0.00 0.00 0
100085 0.00 0.00 0.00 0
100086 0.00 0.00 0.00 0
100087 0.00 0.00 0.00 0
100104 0.00 0.00 0.00 0
100105 0.00 0.00 0.00 0
100106 0.00 0.00 0.00 0
100107 0.00 0.00 0.00 0
100123 0.00 0.00 0.00 0
100124 0.00 0.00 0.00 0
100125 0.00 0.00 0.00 0
100126 0.00 0.00 0.00 0
100127 0.00 0.00 0.00 0
100146 0.00 0.00 0.00 0
100147 0.00 0.00 0.00 0
100148 0.00 0.00 0.00 0
100149 0.00 0.00 0.00 0
100150 0.00 0.00 0.00 0
100170 0.00 0.00 0.00 0
100171 0.00 0.00 0.00 0
100172 0.00 0.00 0.00 0
101204 0.00 0.00 0.00 0
101205 0.00 0.00 0.00 0
101206 0.00 0.00 0.00 0
101218 0.00 0.00 0.00 0
101219 0.00 0.00 0.00 0
101226 0.00 0.00 0.00 0
101227 0.00 0.00 0.00 0
101228 0.00 0.00 0.00 0
101239 0.00 0.00 0.00 0
101240 0.00 0.00 0.00 0
101241 0.00 0.00 0.00 0
101252 0.00 0.00 0.00 0
101253 0.00 0.00 0.00 0
101254 0.00 0.00 0.00 0
101255 0.00 0.00 0.00 0
101265 0.00 0.00 0.00 0
101273 0.00 0.00 0.00 0
101280 0.00 0.00 0.00 0
101281 0.00 0.00 0.00 0
101288 0.00 0.00 0.00 0
101295 0.00 0.00 0.00 0
101296 0.00 0.00 0.00 0
101306 0.00 0.00 0.00 0
101307 0.00 0.00 0.00 0
101308 0.00 0.00 0.00 0
101313 0.00 0.00 0.00 0
101314 0.00 0.00 0.00 0
101324 0.00 0.00 0.00 0
101325 0.00 0.00 0.00 0
101326 0.00 0.00 0.00 0
101339 0.00 0.00 0.00 0
101340 0.00 0.00 0.00 0
101341 0.00 0.00 0.00 0
101342 0.00 0.00 0.00 0
101343 0.00 0.00 0.00 0
101359 0.00 0.00 0.00 0
101360 0.00 0.00 0.00 0
101361 0.00 0.00 0.00 0
101362 0.00 0.00 0.00 0
101363 0.00 0.00 0.00 0
101364 0.00 0.00 0.00 0
101380 0.00 0.00 0.00 0
101381 0.00 0.00 0.00 0
101382 0.00 0.00 0.00 0
101383 0.00 0.00 0.00 0
102412 0.00 0.00 0.00 0
102413 0.00 0.00 0.00 0
102414 0.00 0.00 0.00 0
102429 0.00 0.00 0.00 0
102430 0.00 0.00 0.00 0
102431 0.00 0.00 0.00 0
102438 0.00 0.00 0.00 0
102439 0.00 0.00 0.00 0
102448 0.00 0.00 0.00 0
102449 0.00 0.00 0.00 0
102453 0.00 0.00 0.00 0
102454 0.00 0.00 0.00 0
102455 0.00 0.00 0.00 0
102459 0.00 0.00 0.00 0
102466 0.00 0.00 0.00 0
102467 0.00 0.00 0.00 0
102476 0.00 0.00 0.00 0
102477 0.00 0.00 0.00 0
102485 0.00 0.00 0.00 0
102491 0.00 0.00 0.00 0
102492 0.00 0.00 0.00 0
102498 0.00 0.00 0.00 0
102499 0.00 0.00 0.00 0
102510 0.00 0.00 0.00 0
102511 0.00 0.00 0.00 0
102512 0.00 0.00 0.00 0
102513 0.00 0.00 0.00 0
102518 0.00 0.00 0.00 0
102519 0.00 0.00 0.00 0
102529 0.00 0.00 0.00 0
102530 0.00 0.00 0.00 0
102531 0.00 0.00 0.00 0
102532 0.00 0.00 0.00 0
102543 0.00 0.00 0.00 0
102544 0.00 0.00 0.00 0
102545 0.00 0.00 0.00 0
102546 0.00 0.00 0.00 0
102559 0.00 0.00 0.00 0
102560 0.00 0.00 0.00 0
102561 0.00 0.00 0.00 0
102562 0.00 0.00 0.00 0
102563 0.00 0.00 0.00 0
102575 0.00 0.00 0.00 0
102576 0.00 0.00 0.00 0
102577 0.00 0.00 0.00 0
102578 0.00 0.00 0.00 0
103551 0.00 0.00 0.00 0
103552 0.00 0.00 0.00 0
103553 0.00 0.00 0.00 0
103570 0.00 0.00 0.00 0
103571 0.00 0.00 0.00 0
103572 0.00 0.00 0.00 0
103573 0.00 0.00 0.00 0
103583 0.00 0.00 0.00 0
103584 0.00 0.00 0.00 0
103585 0.00 0.00 0.00 0
103586 0.00 0.00 0.00 0
103589 0.00 0.00 0.00 0
103590 0.00 0.00 0.00 0
103591 0.00 0.00 0.00 0
103596 0.00 0.00 0.00 0
103597 0.00 0.00 0.00 0
103605 0.00 0.00 0.00 0
103606 0.00 0.00 0.00 0
103624 0.00 0.00 0.00 0
103625 0.00 0.00 0.00 0
103638 0.00 0.00 0.00 0
103639 0.00 0.00 0.00 0
103650 0.00 0.00 0.00 0
103651 0.00 0.00 0.00 0
103657 0.00 0.00 0.00 0
103670 0.00 0.00 0.00 0
103671 0.00 0.00 0.00 0
103672 0.00 0.00 0.00 0
103673 0.00 0.00 0.00 0
103674 0.00 0.00 0.00 0
103688 0.00 0.00 0.00 0
103689 0.00 0.00 0.00 0
103690 0.00 0.00 0.00 0
103691 0.00 0.00 0.00 0
103692 0.00 0.00 0.00 0
103705 0.00 0.00 0.00 0
103706 0.00 0.00 0.00 0
103707 0.00 0.00 0.00 0
103708 0.00 0.00 0.00 0
103709 0.00 0.00 0.00 0
103718 0.00 0.00 0.00 0
103719 0.00 0.00 0.00 0
103720 0.00 0.00 0.00 0
103721 0.00 0.00 0.00 0
104632 0.00 0.00 0.00 0
104633 0.00 0.00 0.00 0
104644 0.00 0.00 0.00 0
104645 0.00 0.00 0.00 0
104646 0.00 0.00 0.00 0
104661 0.00 0.00 0.00 0
104662 0.00 0.00 0.00 0
104663 0.00 0.00 0.00 0
104664 0.00 0.00 0.00 0
104665 0.00 0.00 0.00 0
104676 0.00 0.00 0.00 0
104677 0.00 0.00 0.00 0
104678 0.00 0.00 0.00 0
104682 0.00 0.00 0.00 0
104683 0.00 0.00 0.00 0
104684 0.00 0.00 0.00 0
104690 0.00 0.00 0.00 0
104691 0.00 0.00 0.00 0
104708 0.00 0.00 0.00 0
104709 0.00 0.00 0.00 0
104710 0.00 0.00 0.00 0
104723 0.00 0.00 0.00 0
104724 0.00 0.00 0.00 0
104738 0.00 0.00 0.00 0
104750 0.00 0.00 0.00 0
104751 0.00 0.00 0.00 0
104752 0.00 0.00 0.00 0
104768 0.00 0.00 0.00 0
104769 0.00 0.00 0.00 0
104770 0.00 0.00 0.00 0
104771 0.00 0.00 0.00 0
104772 0.00 0.00 0.00 0
104782 0.00 0.00 0.00 0
104783 0.00 0.00 0.00 0
104784 0.00 0.00 0.00 0
104785 0.00 0.00 0.00 0
104786 0.00 0.00 0.00 0
104787 0.00 0.00 0.00 0
104797 0.00 0.00 0.00 0
104798 0.00 0.00 0.00 0
104799 0.00 0.00 0.00 0
104800 0.00 0.00 0.00 0
104801 0.00 0.00 0.00 0
105715 0.00 0.00 0.00 0
105716 0.00 0.00 0.00 0
105726 0.00 0.00 0.00 0
105727 0.00 0.00 0.00 0
105737 0.00 0.00 0.00 0
105738 0.00 0.00 0.00 0
105739 0.00 0.00 0.00 0
105740 0.00 0.00 0.00 0
105741 0.00 0.00 0.00 0
105756 0.00 0.00 0.00 0
105757 0.00 0.00 0.00 0
105758 0.00 0.00 0.00 0
105759 0.00 0.00 0.00 0
105760 0.00 0.00 0.00 0
105766 0.00 0.00 0.00 0
105767 0.00 0.00 0.00 0
105768 0.00 0.00 0.00 0
105769 0.00 0.00 0.00 0
105776 0.00 0.00 0.00 0
105777 0.00 0.00 0.00 0
105790 0.00 0.00 0.00 0
105791 0.00 0.00 0.00 0
105792 0.00 0.00 0.00 0
105802 0.00 0.00 0.00 0
105803 0.00 0.00 0.00 0
105804 0.00 0.00 0.00 0
105805 0.00 0.00 0.00 0
105815 0.00 0.00 0.00 0
105826 0.00 0.00 0.00 0
105827 0.00 0.00 0.00 0
105846 0.00 0.00 0.00 0
105847 0.00 0.00 0.00 0
105848 0.00 0.00 0.00 0
105849 0.00 0.00 0.00 0
105864 0.00 0.00 0.00 0
105865 0.00 0.00 0.00 0
105866 0.00 0.00 0.00 0
105867 0.00 0.00 0.00 0
105868 0.00 0.00 0.00 0
105869 0.00 0.00 0.00 0
105883 0.00 0.00 0.00 0
105884 0.00 0.00 0.00 0
105885 0.00 0.00 0.00 0
105886 0.00 0.00 0.00 0
105887 0.00 0.00 0.00 0
106820 0.00 0.00 0.00 0
106821 0.00 0.00 0.00 0
106822 0.00 0.00 0.00 0
106823 0.00 0.00 0.00 0
106828 0.00 0.00 0.00 0
106829 0.00 0.00 0.00 0
106830 0.00 0.00 0.00 0
106831 0.00 0.00 0.00 0
106832 0.00 0.00 0.00 0
106840 0.00 0.00 0.00 0
106841 0.00 0.00 0.00 0
106842 0.00 0.00 0.00 0
106843 0.00 0.00 0.00 0
106858 0.00 0.00 0.00 0
106859 0.00 0.00 0.00 0
106860 0.00 0.00 0.00 0
106861 0.00 0.00 0.00 0
106871 0.00 0.00 0.00 0
106872 0.00 0.00 0.00 0
106873 0.00 0.00 0.00 0
106874 0.00 0.00 0.00 0
106884 0.00 0.00 0.00 0
106885 0.00 0.00 0.00 0
106892 0.00 0.00 0.00 0
106893 0.00 0.00 0.00 0
106894 0.00 0.00 0.00 0
106913 0.00 0.00 0.00 0
106914 0.00 0.00 0.00 0
106915 0.00 0.00 0.00 0
106933 0.00 0.00 0.00 0
106934 0.00 0.00 0.00 0
106935 0.00 0.00 0.00 0
106936 0.00 0.00 0.00 0
106937 0.00 0.00 0.00 0
106951 0.00 0.00 0.00 0
106952 0.00 0.00 0.00 0
106953 0.00 0.00 0.00 0
106954 0.00 0.00 0.00 0
107847 0.00 0.00 0.00 0
107848 0.00 0.00 0.00 0
107849 0.00 0.00 0.00 0
107855 0.00 0.00 0.00 0
107856 0.00 0.00 0.00 0
107857 0.00 0.00 0.00 0
107858 0.00 0.00 0.00 0
107873 0.00 0.00 0.00 0
107874 0.00 0.00 0.00 0
107875 0.00 0.00 0.00 0
107876 0.00 0.00 0.00 0
107893 0.00 0.00 0.00 0
107894 0.00 0.00 0.00 0
107895 0.00 0.00 0.00 0
107902 0.00 0.00 0.00 0
107903 0.00 0.00 0.00 0
107904 0.00 0.00 0.00 0
107910 0.00 0.00 0.00 0
107911 0.00 0.00 0.00 0
107919 0.00 0.00 0.00 0
107920 0.00 0.00 0.00 0
107921 0.00 0.00 0.00 0
107939 0.00 0.00 0.00 0
108840 0.00 0.00 0.00 0
108841 0.00 0.00 0.00 0
108842 0.00 0.00 0.00 0
108857 0.00 0.00 0.00 0
108858 0.00 0.00 0.00 0
108859 0.00 0.00 0.00 0
108860 0.00 0.00 0.00 0
108861 0.00 0.00 0.00 0
108876 0.00 0.00 0.00 0
108877 0.00 0.00 0.00 0
108878 0.00 0.00 0.00 0
108891 0.00 0.00 0.00 0
108892 0.00 0.00 0.00 0
109891 0.00 0.00 0.00 0
109892 0.00 0.00 0.00 0
109893 0.00 0.00 0.00 0
109894 0.00 0.00 0.00 0
109895 0.00 0.00 0.00 0
