# paracentral
2215
23240 0.00 0.00 0.00 0
23241 0.00 0.00 0.00 0
23244 0.00 0.00 0.00 0
23245 0.00 0.00 0.00 0
23248 0.00 0.00 0.00 0
24402 0.00 0.00 0.00 0
24405 0.00 0.00 0.00 0
24406 0.00 0.00 0.00 0
24409 0.00 0.00 0.00 0
24410 0.00 0.00 0.00 0
24412 0.00 0.00 0.00 0
24414 0.00 0.00 0.00 0
24416 0.00 0.00 0.00 0
25611 0.00 0.00 0.00 0
25612 0.00 0.00 0.00 0
25613 0.00 0.00 0.00 0
25615 0.00 0.00 0.00 0
25617 0.00 0.00 0.00 0
25618 0.00 0.00 0.00 0
25619 0.00 0.00 0.00 0
25620 0.00 0.00 0.00 0
25621 0.00 0.00 0.00 0
25622 0.00 0.00 0.00 0
25624 0.00 0.00 0.00 0
25625 0.00 0.00 0.00 0
25626 0.00 0.00 0.00 0
25627 0.00 0.00 0.00 0
25628 0.00 0.00 0.00 0
25629 0.00 0.00 0.00 0
25630 0.00 0.00 0.00 0
25633 0.00 0.00 0.00 0
25634 0.00 0.00 0.00 0
25635 0.00 0.00 0.00 0
25636 0.00 0.00 0.00 0
25637 0.00 0.00 0.00 0
25638 0.00 0.00 0.00 0
25640 0.00 0.00 0.00 0
25641 0.00 0.00 0.00 0
25642 0.00 0.00 0.00 0
25643 0.00 0.00 0.00 0
25644 0.00 0.00 0.00 0
25646 0.00 0.00 0.00 0
25647 0.00 0.00 0.00 0
25648 0.00 0.00 0.00 0
25649 0.00 0.00 0.00 0
25650 0.00 0.00 0.00 0
25652 0.00 0.00 0.00 0
25653 0.00 0.00 0.00 0
25654 0.00 0.00 0.00 0
26885 0.00 0.00 0.00 0
26892 0.00 0.00 0.00 0
26893 0.00 0.00 0.00 0
26894 0.00 0.00 0.00 0
26895 0.00 0.00 0.00 0
26896 0.00 0.00 0.00 0
26897 0.00 0.00 0.00 0
26899 0.00 0.00 0.00 0
26901 0.00 0.00 0.00 0
26902 0.00 0.00 0.00 0
26903 0.00 0.00 0.00 0
26904 0.00 0.00 0.00 0
26905 0.00 0.00 0.00 0
26906 0.00 0.00 0.00 0
26907 0.00 0.00 0.00 0
26908 0.00 0.00 0.00 0
26909 0.00 0.00 0.00 0
26911 0.00 0.00 0.00 0
26912 0.00 0.00 0.00 0
26913 0.00 0.00 0.00 0
26914 0.00 0.00 0.00 0
26915 0.00 0.00 0.00 0
26916 0.00 0.00 0.00 0
26917 0.00 0.00 0.00 0
26920 0.00 0.00 0.00 0
26921 0.00 0.00 0.00 0
26922 0.00 0.00 0.00 0
26923 0.00 0.00 0.00 0
26924 0.00 0.00 0.00 0
26925 0.00 0.00 0.00 0
26926 0.00 0.00 0.00 0
26928 0.00 0.00 0.00 0
26929 0.00 0.00 0.00 0
26930 0.00 0.00 0.00 0
26931 0.00 0.00 0.00 0
26932 0.00 0.00 0.00 0
26933 0.00 0.00 0.00 0
26935 0.00 0.00 0.00 0
26936 0.00 0.00 0.00 0
26937 0.00 0.00 0.00 0
26938 0.00 0.00 0.00 0
26939 0.00 0.00 0.00 0
26940 0.00 0.00 0.00 0
26941 0.00 0.00 0.00 0
26943 0.00 0.00 0.00 0
26944 0.00 0.00 0.00 0
26945 0.00 0.00 0.00 0
26946 0.00 0.00 0.00 0
26947 0.00 0.00 0.00 0
26948 0.00 0.00 0.00 0
26950 0.00 0.00 0.00 0
26952 0.00 0.00 0.00 0
28196 0.00 0.00 0.00 0
28197 0.00 0.00 0.00 0
28198 0.00 0.00 0.00 0
28199 0.00 0.00 0.00 0
28209 0.00 0.00 0.00 0
28210 0.00 0.00 0.00 0
28211 0.00 0.00 0.00 0
28212 0.00 0.00 0.00 0
28213 0.00 0.00 0.00 0
28214 0.00 0.00 0.00 0
28224 0.00 0.00 0.00 0
28225 0.00 0.00 0.00 0
28226 0.00 0.00 0.00 0
28227 0.00 0.00 0.00 0
28228 0.00 0.00 0.00 0
28238 0.00 0.00 0.00 0
28239 0.00 0.00 0.00 0
28240 0.00 0.00 0.00 0
28241 0.00 0.00 0.00 0
28242 0.00 0.00 0.00 0
28251 0.00 0.00 0.00 0
28252 0.00 0.00 0.00 0
28253 0.00 0.00 0.00 0
28254 0.00 0.00 0.00 0
28255 0.00 0.00 0.00 0
28256 0.00 0.00 0.00 0
28264 0.00 0.00 0.00 0
28265 0.00 0.00 0.00 0
28266 0.00 0.00 0.00 0
28267 0.00 0.00 0.00 0
28268 0.00 0.00 0.00 0
28269 0.00 0.00 0.00 0
28270 0.00 0.00 0.00 0
28278 0.00 0.00 0.00 0
28279 0.00 0.00 0.00 0
28280 0.00 0.00 0.00 0
28281 0.00 0.00 0.00 0
28282 0.00 0.00 0.00 0
28283 0.00 0.00 0.00 0
28284 0.00 0.00 0.00 0
28285 0.00 0.00 0.00 0
28286 0.00 0.00 0.00 0
28287 0.00 0.00 0.00 0
28294 0.00 0.00 0.00 0
28295 0.00 0.00 0.00 0
28296 0.00 0.00 0.00 0
28297 0.00 0.00 0.00 0
28298 0.00 0.00 0.00 0
28299 0.00 0.00 0.00 0
28300 0.00 0.00 0.00 0
28301 0.00 0.00 0.00 0
28304 0.00 0.00 0.00 0
28305 0.00 0.00 0.00 0
28306 0.00 0.00 0.00 0
28307 0.00 0.00 0.00 0
28311 0.00 0.00 0.00 0
29586 0.00 0.00 0.00 0
29594 0.00 0.00 0.00 0
29595 0.00 0.00 0.00 0
29598 0.00 0.00 0.00 0
29599 0.00 0.00 0.00 0
29600 0.00 0.00 0.00 0
29603 0.00 0.00 0.00 0
29604 0.00 0.00 0.00 0
29605 0.00 0.00 0.00 0
29609 0.00 0.00 0.00 0
29610 0.00 0.00 0.00 0
29613 0.00 0.00 0.00 0
29617 0.00 0.00 0.00 0
29618 0.00 0.00 0.00 0
29619 0.00 0.00 0.00 0
29620 0.00 0.00 0.00 0
29621 0.00 0.00 0.00 0
29628 0.00 0.00 0.00 0
29629 0.00 0.00 0.00 0
29630 0.00 0.00 0.00 0
29631 0.00 0.00 0.00 0
29632 0.00 0.00 0.00 0
29633 0.00 0.00 0.00 0
29634 0.00 0.00 0.00 0
29635 0.00 0.00 0.00 0
29636 0.00 0.00 0.00 0
29637 0.00 0.00 0.00 0
29644 0.00 0.00 0.00 0
29645 0.00 0.00 0.00 0
29646 0.00 0.00 0.00 0
29647 0.00 0.00 0.00 0
29648 0.00 0.00 0.00 0
29649 0.00 0.00 0.00 0
29650 0.00 0.00 0.00 0
29651 0.00 0.00 0.00 0
29652 0.00 0.00 0.00 0
29653 0.00 0.00 0.00 0
29654 0.00 0.00 0.00 0
29660 0.00 0.00 0.00 0
29661 0.00 0.00 0.00 0
29662 0.00 0.00 0.00 0
29672 0.00 0.00 0.00 0
30866 0.00 0.00 0.00 0
30867 0.00 0.00 0.00 0
30872 0.00 0.00 0.00 0
30873 0.00 0.00 0.00 0
30874 0.00 0.00 0.00 0
30879 0.00 0.00 0.00 0
30880 0.00 0.00 0.00 0
30883 0.00 0.00 0.00 0
30884 0.00 0.00 0.00 0
30887 0.00 0.00 0.00 0
30890 0.00 0.00 0.00 0
30891 0.00 0.00 0.00 0
30892 0.00 0.00 0.00 0
30893 0.00 0.00 0.00 0
30894 0.00 0.00 0.00 0
30895 0.00 0.00 0.00 0
30896 0.00 0.00 0.00 0
30897 0.00 0.00 0.00 0
30898 0.00 0.00 0.00 0
30899 0.00 0.00 0.00 0
30900 0.00 0.00 0.00 0
30904 0.00 0.00 0.00 0
30905 0.00 0.00 0.00 0
30906 0.00 0.00 0.00 0
30907 0.00 0.00 0.00 0
30908 0.00 0.00 0.00 0
30909 0.00 0.00 0.00 0
30910 0.00 0.00 0.00 0
30911 0.00 0.00 0.00 0
30912 0.00 0.00 0.00 0
30913 0.00 0.00 0.00 0
30917 0.00 0.00 0.00 0
30918 0.00 0.00 0.00 0
30919 0.00 0.00 0.00 0
30920 0.00 0.00 0.00 0
30929 0.00 0.00 0.00 0
30938 0.00 0.00 0.00 0
32116 0.00 0.00 0.00 0
32134 0.00 0.00 0.00 0
32135 0.00 0.00 0.00 0
32151 0.00 0.00 0.00 0
32158 0.00 0.00 0.00 0
32159 0.00 0.00 0.00 0
32162 0.00 0.00 0.00 0
32163 0.00 0.00 0.00 0
32167 0.00 0.00 0.00 0
32168 0.00 0.00 0.00 0
32172 0.00 0.00 0.00 0
32173 0.00 0.00 0.00 0
32174 0.00 0.00 0.00 0
32175 0.00 0.00 0.00 0
32176 0.00 0.00 0.00 0
32177 0.00 0.00 0.00 0
32178 0.00 0.00 0.00 0
32179 0.00 0.00 0.00 0
32180 0.00 0.00 0.00 0
32183 0.00 0.00 0.00 0
32184 0.00 0.00 0.00 0
32185 0.00 0.00 0.00 0
32186 0.00 0.00 0.00 0
32187 0.00 0.00 0.00 0
32188 0.00 0.00 0.00 0
32189 0.00 0.00 0.00 0
32190 0.00 0.00 0.00 0
32191 0.00 0.00 0.00 0
32192 0.00 0.00 0.00 0
32201 0.00 0.00 0.00 0
32202 0.00 0.00 0.00 0
32203 0.00 0.00 0.00 0
32204 0.00 0.00 0.00 0
32205 0.00 0.00 0.00 0
32206 0.00 0.00 0.00 0
32216 0.00 0.00 0.00 0
33450 0.00 0.00 0.00 0
33468 0.00 0.00 0.00 0
33487 0.00 0.00 0.00 0
33500 0.00 0.00 0.00 0
33501 0.00 0.00 0.00 0
33507 0.00 0.00 0.00 0
33508 0.00 0.00 0.00 0
33512 0.00 0.00 0.00 0
33513 0.00 0.00 0.00 0
33517 0.00 0.00 0.00 0
33518 0.00 0.00 0.00 0
33519 0.00 0.00 0.00 0
33520 0.00 0.00 0.00 0
33521 0.00 0.00 0.00 0
33522 0.00 0.00 0.00 0
33523 0.00 0.00 0.00 0
33531 0.00 0.00 0.00 0
33532 0.00 0.00 0.00 0
33533 0.00 0.00 0.00 0
33534 0.00 0.00 0.00 0
33535 0.00 0.00 0.00 0
33536 0.00 0.00 0.00 0
33537 0.00 0.00 0.00 0
33538 0.00 0.00 0.00 0
33539 0.00 0.00 0.00 0
33550 0.00 0.00 0.00 0
33551 0.00 0.00 0.00 0
33552 0.00 0.00 0.00 0
33553 0.00 0.00 0.00 0
33554 0.00 0.00 0.00 0
33555 0.00 0.00 0.00 0
33563 0.00 0.00 0.00 0
33572 0.00 0.00 0.00 0
34667 0.00 0.00 0.00 0
34679 0.00 0.00 0.00 0
34680 0.00 0.00 0.00 0
34697 0.00 0.00 0.00 0
34698 0.00 0.00 0.00 0
34713 0.00 0.00 0.00 0
34714 0.00 0.00 0.00 0
34722 0.00 0.00 0.00 0
34723 0.00 0.00 0.00 0
34727 0.00 0.00 0.00 0
34731 0.00 0.00 0.00 0
34732 0.00 0.00 0.00 0
34733 0.00 0.00 0.00 0
34734 0.00 0.00 0.00 0
34735 0.00 0.00 0.00 0
34736 0.00 0.00 0.00 0
34746 0.00 0.00 0.00 0
34747 0.00 0.00 0.00 0
34748 0.00 0.00 0.00 0
34749 0.00 0.00 0.00 0
34750 0.00 0.00 0.00 0
34751 0.00 0.00 0.00 0
34752 0.00 0.00 0.00 0
34753 0.00 0.00 0.00 0
34754 0.00 0.00 0.00 0
34765 0.00 0.00 0.00 0
34766 0.00 0.00 0.00 0
34767 0.00 0.00 0.00 0
34768 0.00 0.00 0.00 0
34769 0.00 0.00 0.00 0
34770 0.00 0.00 0.00 0
34782 0.00 0.00 0.00 0
35913 0.00 0.00 0.00 0
35914 0.00 0.00 0.00 0
35919 0.00 0.00 0.00 0
35920 0.00 0.00 0.00 0
35930 0.00 0.00 0.00 0
35943 0.00 0.00 0.00 0
35944 0.00 0.00 0.00 0
35955 0.00 0.00 0.00 0
35956 0.00 0.00 0.00 0
35965 0.00 0.00 0.00 0
35966 0.00 0.00 0.00 0
35969 0.00 0.00 0.00 0
35970 0.00 0.00 0.00 0
35974 0.00 0.00 0.00 0
35975 0.00 0.00 0.00 0
35976 0.00 0.00 0.00 0
35977 0.00 0.00 0.00 0
35978 0.00 0.00 0.00 0
35979 0.00 0.00 0.00 0
35980 0.00 0.00 0.00 0
35989 0.00 0.00 0.00 0
35990 0.00 0.00 0.00 0
35991 0.00 0.00 0.00 0
35992 0.00 0.00 0.00 0
35993 0.00 0.00 0.00 0
35994 0.00 0.00 0.00 0
35995 0.00 0.00 0.00 0
35996 0.00 0.00 0.00 0
35997 0.00 0.00 0.00 0
36011 0.00 0.00 0.00 0
36012 0.00 0.00 0.00 0
36013 0.00 0.00 0.00 0
36014 0.00 0.00 0.00 0
36015 0.00 0.00 0.00 0
36016 0.00 0.00 0.00 0
36017 0.00 0.00 0.00 0
36027 0.00 0.00 0.00 0
36028 0.00 0.00 0.00 0
36029 0.00 0.00 0.00 0
37132 0.00 0.00 0.00 0
37138 0.00 0.00 0.00 0
37139 0.00 0.00 0.00 0
37146 0.00 0.00 0.00 0
37153 0.00 0.00 0.00 0
37161 0.00 0.00 0.00 0
37162 0.00 0.00 0.00 0
37172 0.00 0.00 0.00 0
37173 0.00 0.00 0.00 0
37184 0.00 0.00 0.00 0
37185 0.00 0.00 0.00 0
37193 0.00 0.00 0.00 0
37196 0.00 0.00 0.00 0
37197 0.00 0.00 0.00 0
37200 0.00 0.00 0.00 0
37201 0.00 0.00 0.00 0
37202 0.00 0.00 0.00 0
37203 0.00 0.00 0.00 0
37204 0.00 0.00 0.00 0
37215 0.00 0.00 0.00 0
37216 0.00 0.00 0.00 0
37217 0.00 0.00 0.00 0
37218 0.00 0.00 0.00 0
37219 0.00 0.00 0.00 0
37220 0.00 0.00 0.00 0
37221 0.00 0.00 0.00 0
37222 0.00 0.00 0.00 0
37223 0.00 0.00 0.00 0
37231 0.00 0.00 0.00 0
37232 0.00 0.00 0.00 0
37233 0.00 0.00 0.00 0
37234 0.00 0.00 0.00 0
37235 0.00 0.00 0.00 0
37236 0.00 0.00 0.00 0
37237 0.00 0.00 0.00 0
37238 0.00 0.00 0.00 0
37248 0.00 0.00 0.00 0
37249 0.00 0.00 0.00 0
38302 0.00 0.00 0.00 0
38320 0.00 0.00 0.00 0
38321 0.00 0.00 0.00 0
38343 0.00 0.00 0.00 0
38364 0.00 0.00 0.00 0
38365 0.00 0.00 0.00 0
38381 0.00 0.00 0.00 0
38393 0.00 0.00 0.00 0
38394 0.00 0.00 0.00 0
38404 0.00 0.00 0.00 0
38405 0.00 0.00 0.00 0
38415 0.00 0.00 0.00 0
38416 0.00 0.00 0.00 0
38425 0.00 0.00 0.00 0
38426 0.00 0.00 0.00 0
38436 0.00 0.00 0.00 0
38443 0.00 0.00 0.00 0
38444 0.00 0.00 0.00 0
38447 0.00 0.00 0.00 0
38448 0.00 0.00 0.00 0
38457 0.00 0.00 0.00 0
38458 0.00 0.00 0.00 0
38459 0.00 0.00 0.00 0
38460 0.00 0.00 0.00 0
38461 0.00 0.00 0.00 0
38462 0.00 0.00 0.00 0
38470 0.00 0.00 0.00 0
38471 0.00 0.00 0.00 0
38472 0.00 0.00 0.00 0
38473 0.00 0.00 0.00 0
38474 0.00 0.00 0.00 0
38475 0.00 0.00 0.00 0
38476 0.00 0.00 0.00 0
38477 0.00 0.00 0.00 0
38478 0.00 0.00 0.00 0
38479 0.00 0.00 0.00 0
38488 0.00 0.00 0.00 0
38489 0.00 0.00 0.00 0
38490 0.00 0.00 0.00 0
39556 0.00 0.00 0.00 0
39563 0.00 0.00 0.00 0
39568 0.00 0.00 0.00 0
39572 0.00 0.00 0.00 0
39573 0.00 0.00 0.00 0
39578 0.00 0.00 0.00 0
39579 0.00 0.00 0.00 0
39589 0.00 0.00 0.00 0
39590 0.00 0.00 0.00 0
39602 0.00 0.00 0.00 0
39603 0.00 0.00 0.00 0
39613 0.00 0.00 0.00 0
39614 0.00 0.00 0.00 0
39626 0.00 0.00 0.00 0
39627 0.00 0.00 0.00 0
39642 0.00 0.00 0.00 0
39643 0.00 0.00 0.00 0
39659 0.00 0.00 0.00 0
39677 0.00 0.00 0.00 0
39678 0.00 0.00 0.00 0
39694 0.00 0.00 0.00 0
39695 0.00 0.00 0.00 0
39706 0.00 0.00 0.00 0
39707 0.00 0.00 0.00 0
39708 0.00 0.00 0.00 0
39719 0.00 0.00 0.00 0
39720 0.00 0.00 0.00 0
39734 0.00 0.00 0.00 0
39749 0.00 0.00 0.00 0
39757 0.00 0.00 0.00 0
39758 0.00 0.00 0.00 0
39759 0.00 0.00 0.00 0
39766 0.00 0.00 0.00 0
39767 0.00 0.00 0.00 0
39776 0.00 0.00 0.00 0
39777 0.00 0.00 0.00 0
39778 0.00 0.00 0.00 0
39779 0.00 0.00 0.00 0
39780 0.00 0.00 0.00 0
39781 0.00 0.00 0.00 0
39782 0.00 0.00 0.00 0
39783 0.00 0.00 0.00 0
39784 0.00 0.00 0.00 0
39792 0.00 0.00 0.00 0
39793 0.00 0.00 0.00 0
39794 0.00 0.00 0.00 0
39795 0.00 0.00 0.00 0
39796 0.00 0.00 0.00 0
39797 0.00 0.00 0.00 0
39798 0.00 0.00 0.00 0
39799 0.00 0.00 0.00 0
39807 0.00 0.00 0.00 0
39808 0.00 0.00 0.00 0
40841 0.00 0.00 0.00 0
40846 0.00 0.00 0.00 0
40847 0.00 0.00 0.00 0
40851 0.00 0.00 0.00 0
40860 0.00 0.00 0.00 0
40861 0.00 0.00 0.00 0
40866 0.00 0.00 0.00 0
40867 0.00 0.00 0.00 0
40870 0.00 0.00 0.00 0
40871 0.00 0.00 0.00 0
40874 0.00 0.00 0.00 0
40875 0.00 0.00 0.00 0
40881 0.00 0.00 0.00 0
40882 0.00 0.00 0.00 0
40894 0.00 0.00 0.00 0
40902 0.00 0.00 0.00 0
40903 0.00 0.00 0.00 0
40911 0.00 0.00 0.00 0
40912 0.00 0.00 0.00 0
40923 0.00 0.00 0.00 0
40924 0.00 0.00 0.00 0
40934 0.00 0.00 0.00 0
40935 0.00 0.00 0.00 0
40947 0.00 0.00 0.00 0
40964 0.00 0.00 0.00 0
40965 0.00 0.00 0.00 0
40984 0.00 0.00 0.00 0
40985 0.00 0.00 0.00 0
41000 0.00 0.00 0.00 0
41001 0.00 0.00 0.00 0
41012 0.00 0.00 0.00 0
41023 0.00 0.00 0.00 0
41039 0.00 0.00 0.00 0
41052 0.00 0.00 0.00 0
41053 0.00 0.00 0.00 0
41054 0.00 0.00 0.00 0
41060 0.00 0.00 0.00 0
41061 0.00 0.00 0.00 0
41074 0.00 0.00 0.00 0
41075 0.00 0.00 0.00 0
41076 0.00 0.00 0.00 0
41077 0.00 0.00 0.00 0
41078 0.00 0.00 0.00 0
41079 0.00 0.00 0.00 0
41080 0.00 0.00 0.00 0
41092 0.00 0.00 0.00 0
41093 0.00 0.00 0.00 0
41094 0.00 0.00 0.00 0
41095 0.00 0.00 0.00 0
41096 0.00 0.00 0.00 0
41097 0.00 0.00 0.00 0
41098 0.00 0.00 0.00 0
41099 0.00 0.00 0.00 0
41100 0.00 0.00 0.00 0
41101 0.00 0.00 0.00 0
41109 0.00 0.00 0.00 0
41110 0.00 0.00 0.00 0
41111 0.00 0.00 0.00 0
41118 0.00 0.00 0.00 0
42054 0.00 0.00 0.00 0
42055 0.00 0.00 0.00 0
42059 0.00 0.00 0.00 0
42060 0.00 0.00 0.00 0
42068 0.00 0.00 0.00 0
42069 0.00 0.00 0.00 0
42079 0.00 0.00 0.00 0
42080 0.00 0.00 0.00 0
42083 0.00 0.00 0.00 0
42084 0.00 0.00 0.00 0
42087 0.00 0.00 0.00 0
42088 0.00 0.00 0.00 0
42089 0.00 0.00 0.00 0
42092 0.00 0.00 0.00 0
42093 0.00 0.00 0.00 0
42094 0.00 0.00 0.00 0
42103 0.00 0.00 0.00 0
42104 0.00 0.00 0.00 0
42105 0.00 0.00 0.00 0
42106 0.00 0.00 0.00 0
42118 0.00 0.00 0.00 0
42119 0.00 0.00 0.00 0
42120 0.00 0.00 0.00 0
42121 0.00 0.00 0.00 0
42131 0.00 0.00 0.00 0
42132 0.00 0.00 0.00 0
42133 0.00 0.00 0.00 0
42134 0.00 0.00 0.00 0
42149 0.00 0.00 0.00 0
42150 0.00 0.00 0.00 0
42151 0.00 0.00 0.00 0
42152 0.00 0.00 0.00 0
42166 0.00 0.00 0.00 0
42167 0.00 0.00 0.00 0
42168 0.00 0.00 0.00 0
42178 0.00 0.00 0.00 0
42179 0.00 0.00 0.00 0
42180 0.00 0.00 0.00 0
42189 0.00 0.00 0.00 0
42190 0.00 0.00 0.00 0
42200 0.00 0.00 0.00 0
42201 0.00 0.00 0.00 0
42214 0.00 0.00 0.00 0
42215 0.00 0.00 0.00 0
42228 0.00 0.00 0.00 0
42229 0.00 0.00 0.00 0
42243 0.00 0.00 0.00 0
42254 0.00 0.00 0.00 0
42265 0.00 0.00 0.00 0
42266 0.00 0.00 0.00 0
42281 0.00 0.00 0.00 0
42282 0.00 0.00 0.00 0
42283 0.00 0.00 0.00 0
42292 0.00 0.00 0.00 0
42293 0.00 0.00 0.00 0
42304 0.00 0.00 0.00 0
42305 0.00 0.00 0.00 0
42306 0.00 0.00 0.00 0
42307 0.00 0.00 0.00 0
42322 0.00 0.00 0.00 0
42323 0.00 0.00 0.00 0
42324 0.00 0.00 0.00 0
42325 0.00 0.00 0.00 0
42326 0.00 0.00 0.00 0
42327 0.00 0.00 0.00 0
42328 0.00 0.00 0.00 0
42329 0.00 0.00 0.00 0
42330 0.00 0.00 0.00 0
42331 0.00 0.00 0.00 0
42345 0.00 0.00 0.00 0
42346 0.00 0.00 0.00 0
42347 0.00 0.00 0.00 0
42348 0.00 0.00 0.00 0
42361 0.00 0.00 0.00 0
42362 0.00 0.00 0.00 0
42363 0.00 0.00 0.00 0
42376 0.00 0.00 0.00 0
42377 0.00 0.00 0.00 0
43312 0.00 0.00 0.00 0
43313 0.00 0.00 0.00 0
43314 0.00 0.00 0.00 0
43322 0.00 0.00 0.00 0
43331 0.00 0.00 0.00 0
43340 0.00 0.00 0.00 0
43341 0.00 0.00 0.00 0
43344 0.00 0.00 0.00 0
43345 0.00 0.00 0.00 0
43349 0.00 0.00 0.00 0
43350 0.00 0.00 0.00 0
43353 0.00 0.00 0.00 0
43354 0.00 0.00 0.00 0
43355 0.00 0.00 0.00 0
43356 0.00 0.00 0.00 0
43364 0.00 0.00 0.00 0
43365 0.00 0.00 0.00 0
43366 0.00 0.00 0.00 0
43367 0.00 0.00 0.00 0
43382 0.00 0.00 0.00 0
43383 0.00 0.00 0.00 0
43384 0.00 0.00 0.00 0
43400 0.00 0.00 0.00 0
43401 0.00 0.00 0.00 0
43418 0.00 0.00 0.00 0
43419 0.00 0.00 0.00 0
43435 0.00 0.00 0.00 0
43436 0.00 0.00 0.00 0
43453 0.00 0.00 0.00 0
43454 0.00 0.00 0.00 0
43455 0.00 0.00 0.00 0
43468 0.00 0.00 0.00 0
43469 0.00 0.00 0.00 0
43470 0.00 0.00 0.00 0
43483 0.00 0.00 0.00 0
43484 0.00 0.00 0.00 0
43501 0.00 0.00 0.00 0
43502 0.00 0.00 0.00 0
43503 0.00 0.00 0.00 0
43517 0.00 0.00 0.00 0
43518 0.00 0.00 0.00 0
43532 0.00 0.00 0.00 0
43544 0.00 0.00 0.00 0
43553 0.00 0.00 0.00 0
43554 0.00 0.00 0.00 0
43566 0.00 0.00 0.00 0
43567 0.00 0.00 0.00 0
43568 0.00 0.00 0.00 0
43577 0.00 0.00 0.00 0
43578 0.00 0.00 0.00 0
43579 0.00 0.00 0.00 0
43580 0.00 0.00 0.00 0
43586 0.00 0.00 0.00 0
43587 0.00 0.00 0.00 0
43597 0.00 0.00 0.00 0
43598 0.00 0.00 0.00 0
43599 0.00 0.00 0.00 0
43600 0.00 0.00 0.00 0
43601 0.00 0.00 0.00 0
43602 0.00 0.00 0.00 0
43603 0.00 0.00 0.00 0
43604 0.00 0.00 0.00 0
43605 0.00 0.00 0.00 0
43606 0.00 0.00 0.00 0
43618 0.00 0.00 0.00 0
43619 0.00 0.00 0.00 0
43620 0.00 0.00 0.00 0
43621 0.00 0.00 0.00 0
43622 0.00 0.00 0.00 0
43623 0.00 0.00 0.00 0
43624 0.00 0.00 0.00 0
43625 0.00 0.00 0.00 0
43626 0.00 0.00 0.00 0
43627 0.00 0.00 0.00 0
43628 0.00 0.00 0.00 0
43642 0.00 0.00 0.00 0
43643 0.00 0.00 0.00 0
43644 0.00 0.00 0.00 0
43662 0.00 0.00 0.00 0
43663 0.00 0.00 0.00 0
43664 0.00 0.00 0.00 0
44641 0.00 0.00 0.00 0
44642 0.00 0.00 0.00 0
44643 0.00 0.00 0.00 0
44644 0.00 0.00 0.00 0
44652 0.00 0.00 0.00 0
44659 0.00 0.00 0.00 0
44667 0.00 0.00 0.00 0
44668 0.00 0.00 0.00 0
44673 0.00 0.00 0.00 0
44674 0.00 0.00 0.00 0
44677 0.00 0.00 0.00 0
44678 0.00 0.00 0.00 0
44681 0.00 0.00 0.00 0
44682 0.00 0.00 0.00 0
44683 0.00 0.00 0.00 0
44689 0.00 0.00 0.00 0
44690 0.00 0.00 0.00 0
44703 0.00 0.00 0.00 0
44704 0.00 0.00 0.00 0
44705 0.00 0.00 0.00 0
44722 0.00 0.00 0.00 0
44723 0.00 0.00 0.00 0
44724 0.00 0.00 0.00 0
44739 0.00 0.00 0.00 0
44740 0.00 0.00 0.00 0
44741 0.00 0.00 0.00 0
44755 0.00 0.00 0.00 0
44756 0.00 0.00 0.00 0
44757 0.00 0.00 0.00 0
44772 0.00 0.00 0.00 0
44773 0.00 0.00 0.00 0
44774 0.00 0.00 0.00 0
44790 0.00 0.00 0.00 0
44791 0.00 0.00 0.00 0
44807 0.00 0.00 0.00 0
44808 0.00 0.00 0.00 0
44823 0.00 0.00 0.00 0
44824 0.00 0.00 0.00 0
44840 0.00 0.00 0.00 0
44841 0.00 0.00 0.00 0
44856 0.00 0.00 0.00 0
44857 0.00 0.00 0.00 0
44871 0.00 0.00 0.00 0
44872 0.00 0.00 0.00 0
44884 0.00 0.00 0.00 0
44885 0.00 0.00 0.00 0
44897 0.00 0.00 0.00 0
44898 0.00 0.00 0.00 0
44899 0.00 0.00 0.00 0
44911 0.00 0.00 0.00 0
44912 0.00 0.00 0.00 0
44913 0.00 0.00 0.00 0
44914 0.00 0.00 0.00 0
44926 0.00 0.00 0.00 0
44927 0.00 0.00 0.00 0
44937 0.00 0.00 0.00 0
44938 0.00 0.00 0.00 0
44939 0.00 0.00 0.00 0
44940 0.00 0.00 0.00 0
44953 0.00 0.00 0.00 0
44954 0.00 0.00 0.00 0
44955 0.00 0.00 0.00 0
44956 0.00 0.00 0.00 0
44957 0.00 0.00 0.00 0
44958 0.00 0.00 0.00 0
44959 0.00 0.00 0.00 0
44960 0.00 0.00 0.00 0
44961 0.00 0.00 0.00 0
44962 0.00 0.00 0.00 0
44963 0.00 0.00 0.00 0
44977 0.00 0.00 0.00 0
44978 0.00 0.00 0.00 0
44979 0.00 0.00 0.00 0
44980 0.00 0.00 0.00 0
44981 0.00 0.00 0.00 0
44996 0.00 0.00 0.00 0
44997 0.00 0.00 0.00 0
44998 0.00 0.00 0.00 0
45013 0.00 0.00 0.00 0
45014 0.00 0.00 0.00 0
46002 0.00 0.00 0.00 0
46003 0.00 0.00 0.00 0
46004 0.00 0.00 0.00 0
46005 0.00 0.00 0.00 0
46006 0.00 0.00 0.00 0
46010 0.00 0.00 0.00 0
46011 0.00 0.00 0.00 0
46016 0.00 0.00 0.00 0
46017 0.00 0.00 0.00 0
46024 0.00 0.00 0.00 0
46025 0.00 0.00 0.00 0
46032 0.00 0.00 0.00 0
46033 0.00 0.00 0.00 0
46036 0.00 0.00 0.00 0
46037 0.00 0.00 0.00 0
46040 0.00 0.00 0.00 0
46041 0.00 0.00 0.00 0
46045 0.00 0.00 0.00 0
46055 0.00 0.00 0.00 0
46056 0.00 0.00 0.00 0
46070 0.00 0.00 0.00 0
46071 0.00 0.00 0.00 0
46086 0.00 0.00 0.00 0
46087 0.00 0.00 0.00 0
46102 0.00 0.00 0.00 0
46103 0.00 0.00 0.00 0
46116 0.00 0.00 0.00 0
46117 0.00 0.00 0.00 0
46118 0.00 0.00 0.00 0
46130 0.00 0.00 0.00 0
46131 0.00 0.00 0.00 0
46132 0.00 0.00 0.00 0
46144 0.00 0.00 0.00 0
46145 0.00 0.00 0.00 0
46146 0.00 0.00 0.00 0
46159 0.00 0.00 0.00 0
46160 0.00 0.00 0.00 0
46161 0.00 0.00 0.00 0
46175 0.00 0.00 0.00 0
46176 0.00 0.00 0.00 0
46177 0.00 0.00 0.00 0
46187 0.00 0.00 0.00 0
46188 0.00 0.00 0.00 0
46195 0.00 0.00 0.00 0
46196 0.00 0.00 0.00 0
46203 0.00 0.00 0.00 0
46204 0.00 0.00 0.00 0
46212 0.00 0.00 0.00 0
46213 0.00 0.00 0.00 0
46214 0.00 0.00 0.00 0
46215 0.00 0.00 0.00 0
46224 0.00 0.00 0.00 0
46225 0.00 0.00 0.00 0
46226 0.00 0.00 0.00 0
46227 0.00 0.00 0.00 0
46228 0.00 0.00 0.00 0
46229 0.00 0.00 0.00 0
46239 0.00 0.00 0.00 0
46240 0.00 0.00 0.00 0
46241 0.00 0.00 0.00 0
46242 0.00 0.00 0.00 0
46248 0.00 0.00 0.00 0
46249 0.00 0.00 0.00 0
46258 0.00 0.00 0.00 0
46259 0.00 0.00 0.00 0
46260 0.00 0.00 0.00 0
46261 0.00 0.00 0.00 0
46262 0.00 0.00 0.00 0
46263 0.00 0.00 0.00 0
46264 0.00 0.00 0.00 0
46265 0.00 0.00 0.00 0
46277 0.00 0.00 0.00 0
46278 0.00 0.00 0.00 0
46279 0.00 0.00 0.00 0
46280 0.00 0.00 0.00 0
46281 0.00 0.00 0.00 0
46282 0.00 0.00 0.00 0
46283 0.00 0.00 0.00 0
46284 0.00 0.00 0.00 0
46285 0.00 0.00 0.00 0
46286 0.00 0.00 0.00 0
46298 0.00 0.00 0.00 0
46299 0.00 0.00 0.00 0
46300 0.00 0.00 0.00 0
46312 0.00 0.00 0.00 0
46313 0.00 0.00 0.00 0
46314 0.00 0.00 0.00 0
46327 0.00 0.00 0.00 0
47243 0.00 0.00 0.00 0
47244 0.00 0.00 0.00 0
47245 0.00 0.00 0.00 0
47246 0.00 0.00 0.00 0
47247 0.00 0.00 0.00 0
47248 0.00 0.00 0.00 0
47253 0.00 0.00 0.00 0
47254 0.00 0.00 0.00 0
47255 0.00 0.00 0.00 0
47256 0.00 0.00 0.00 0
47262 0.00 0.00 0.00 0
47263 0.00 0.00 0.00 0
47264 0.00 0.00 0.00 0
47269 0.00 0.00 0.00 0
47270 0.00 0.00 0.00 0
47271 0.00 0.00 0.00 0
47278 0.00 0.00 0.00 0
47279 0.00 0.00 0.00 0
47282 0.00 0.00 0.00 0
47283 0.00 0.00 0.00 0
47284 0.00 0.00 0.00 0
47285 0.00 0.00 0.00 0
47286 0.00 0.00 0.00 0
47288 0.00 0.00 0.00 0
47289 0.00 0.00 0.00 0
47290 0.00 0.00 0.00 0
47291 0.00 0.00 0.00 0
47292 0.00 0.00 0.00 0
47293 0.00 0.00 0.00 0
47297 0.00 0.00 0.00 0
47298 0.00 0.00 0.00 0
47299 0.00 0.00 0.00 0
47300 0.00 0.00 0.00 0
47301 0.00 0.00 0.00 0
47302 0.00 0.00 0.00 0
47310 0.00 0.00 0.00 0
47311 0.00 0.00 0.00 0
47319 0.00 0.00 0.00 0
47320 0.00 0.00 0.00 0
47331 0.00 0.00 0.00 0
47332 0.00 0.00 0.00 0
47343 0.00 0.00 0.00 0
47344 0.00 0.00 0.00 0
47358 0.00 0.00 0.00 0
47359 0.00 0.00 0.00 0
47373 0.00 0.00 0.00 0
47374 0.00 0.00 0.00 0
47390 0.00 0.00 0.00 0
47391 0.00 0.00 0.00 0
47392 0.00 0.00 0.00 0
47409 0.00 0.00 0.00 0
47410 0.00 0.00 0.00 0
47411 0.00 0.00 0.00 0
47429 0.00 0.00 0.00 0
47430 0.00 0.00 0.00 0
47447 0.00 0.00 0.00 0
47448 0.00 0.00 0.00 0
47461 0.00 0.00 0.00 0
47462 0.00 0.00 0.00 0
47471 0.00 0.00 0.00 0
47472 0.00 0.00 0.00 0
47479 0.00 0.00 0.00 0
47480 0.00 0.00 0.00 0
47487 0.00 0.00 0.00 0
47488 0.00 0.00 0.00 0
47489 0.00 0.00 0.00 0
47490 0.00 0.00 0.00 0
47498 0.00 0.00 0.00 0
47499 0.00 0.00 0.00 0
47500 0.00 0.00 0.00 0
47501 0.00 0.00 0.00 0
47502 0.00 0.00 0.00 0
47505 0.00 0.00 0.00 0
47510 0.00 0.00 0.00 0
47511 0.00 0.00 0.00 0
47518 0.00 0.00 0.00 0
47519 0.00 0.00 0.00 0
47520 0.00 0.00 0.00 0
47521 0.00 0.00 0.00 0
47522 0.00 0.00 0.00 0
47523 0.00 0.00 0.00 0
47524 0.00 0.00 0.00 0
47525 0.00 0.00 0.00 0
47526 0.00 0.00 0.00 0
47527 0.00 0.00 0.00 0
47535 0.00 0.00 0.00 0
47536 0.00 0.00 0.00 0
47548 0.00 0.00 0.00 0
47549 0.00 0.00 0.00 0
47550 0.00 0.00 0.00 0
47561 0.00 0.00 0.00 0
48411 0.00 0.00 0.00 0
48412 0.00 0.00 0.00 0
48413 0.00 0.00 0.00 0
48414 0.00 0.00 0.00 0
48415 0.00 0.00 0.00 0
48420 0.00 0.00 0.00 0
48421 0.00 0.00 0.00 0
48422 0.00 0.00 0.00 0
48423 0.00 0.00 0.00 0
48424 0.00 0.00 0.00 0
48425 0.00 0.00 0.00 0
48430 0.00 0.00 0.00 0
48431 0.00 0.00 0.00 0
48432 0.00 0.00 0.00 0
48433 0.00 0.00 0.00 0
48437 0.00 0.00 0.00 0
48438 0.00 0.00 0.00 0
48439 0.00 0.00 0.00 0
48450 0.00 0.00 0.00 0
48451 0.00 0.00 0.00 0
48452 0.00 0.00 0.00 0
48453 0.00 0.00 0.00 0
48462 0.00 0.00 0.00 0
48463 0.00 0.00 0.00 0
48464 0.00 0.00 0.00 0
48465 0.00 0.00 0.00 0
48470 0.00 0.00 0.00 0
48471 0.00 0.00 0.00 0
48477 0.00 0.00 0.00 0
48478 0.00 0.00 0.00 0
48479 0.00 0.00 0.00 0
48480 0.00 0.00 0.00 0
48481 0.00 0.00 0.00 0
48482 0.00 0.00 0.00 0
48483 0.00 0.00 0.00 0
48490 0.00 0.00 0.00 0
48491 0.00 0.00 0.00 0
48492 0.00 0.00 0.00 0
48493 0.00 0.00 0.00 0
48494 0.00 0.00 0.00 0
48502 0.00 0.00 0.00 0
48511 0.00 0.00 0.00 0
48521 0.00 0.00 0.00 0
48522 0.00 0.00 0.00 0
48530 0.00 0.00 0.00 0
48531 0.00 0.00 0.00 0
48538 0.00 0.00 0.00 0
48539 0.00 0.00 0.00 0
48549 0.00 0.00 0.00 0
48550 0.00 0.00 0.00 0
48564 0.00 0.00 0.00 0
48565 0.00 0.00 0.00 0
48582 0.00 0.00 0.00 0
48583 0.00 0.00 0.00 0
48600 0.00 0.00 0.00 0
48601 0.00 0.00 0.00 0
48619 0.00 0.00 0.00 0
48620 0.00 0.00 0.00 0
48636 0.00 0.00 0.00 0
48637 0.00 0.00 0.00 0
48649 0.00 0.00 0.00 0
48650 0.00 0.00 0.00 0
48651 0.00 0.00 0.00 0
48660 0.00 0.00 0.00 0
48661 0.00 0.00 0.00 0
48662 0.00 0.00 0.00 0
48673 0.00 0.00 0.00 0
48674 0.00 0.00 0.00 0
48675 0.00 0.00 0.00 0
48676 0.00 0.00 0.00 0
48677 0.00 0.00 0.00 0
48678 0.00 0.00 0.00 0
48682 0.00 0.00 0.00 0
48683 0.00 0.00 0.00 0
48687 0.00 0.00 0.00 0
48688 0.00 0.00 0.00 0
48689 0.00 0.00 0.00 0
48690 0.00 0.00 0.00 0
48691 0.00 0.00 0.00 0
48697 0.00 0.00 0.00 0
48698 0.00 0.00 0.00 0
48699 0.00 0.00 0.00 0
48700 0.00 0.00 0.00 0
48701 0.00 0.00 0.00 0
48702 0.00 0.00 0.00 0
48703 0.00 0.00 0.00 0
48704 0.00 0.00 0.00 0
48705 0.00 0.00 0.00 0
48706 0.00 0.00 0.00 0
48713 0.00 0.00 0.00 0
48714 0.00 0.00 0.00 0
48715 0.00 0.00 0.00 0
48729 0.00 0.00 0.00 0
48730 0.00 0.00 0.00 0
48731 0.00 0.00 0.00 0
48742 0.00 0.00 0.00 0
48743 0.00 0.00 0.00 0
49568 0.00 0.00 0.00 0
49569 0.00 0.00 0.00 0
49570 0.00 0.00 0.00 0
49571 0.00 0.00 0.00 0
49572 0.00 0.00 0.00 0
49577 0.00 0.00 0.00 0
49578 0.00 0.00 0.00 0
49579 0.00 0.00 0.00 0
49580 0.00 0.00 0.00 0
49581 0.00 0.00 0.00 0
49582 0.00 0.00 0.00 0
49583 0.00 0.00 0.00 0
49591 0.00 0.00 0.00 0
49592 0.00 0.00 0.00 0
49593 0.00 0.00 0.00 0
49606 0.00 0.00 0.00 0
49607 0.00 0.00 0.00 0
49620 0.00 0.00 0.00 0
49621 0.00 0.00 0.00 0
49630 0.00 0.00 0.00 0
49642 0.00 0.00 0.00 0
49643 0.00 0.00 0.00 0
49644 0.00 0.00 0.00 0
49645 0.00 0.00 0.00 0
49659 0.00 0.00 0.00 0
49660 0.00 0.00 0.00 0
49661 0.00 0.00 0.00 0
49662 0.00 0.00 0.00 0
49663 0.00 0.00 0.00 0
49664 0.00 0.00 0.00 0
49665 0.00 0.00 0.00 0
49666 0.00 0.00 0.00 0
49681 0.00 0.00 0.00 0
49682 0.00 0.00 0.00 0
49683 0.00 0.00 0.00 0
49684 0.00 0.00 0.00 0
49685 0.00 0.00 0.00 0
49686 0.00 0.00 0.00 0
49687 0.00 0.00 0.00 0
49702 0.00 0.00 0.00 0
49703 0.00 0.00 0.00 0
49704 0.00 0.00 0.00 0
49705 0.00 0.00 0.00 0
49706 0.00 0.00 0.00 0
49707 0.00 0.00 0.00 0
49721 0.00 0.00 0.00 0
49722 0.00 0.00 0.00 0
49723 0.00 0.00 0.00 0
49724 0.00 0.00 0.00 0
49725 0.00 0.00 0.00 0
49726 0.00 0.00 0.00 0
49737 0.00 0.00 0.00 0
49738 0.00 0.00 0.00 0
49739 0.00 0.00 0.00 0
49749 0.00 0.00 0.00 0
49759 0.00 0.00 0.00 0
49770 0.00 0.00 0.00 0
49785 0.00 0.00 0.00 0
49801 0.00 0.00 0.00 0
49817 0.00 0.00 0.00 0
49833 0.00 0.00 0.00 0
49834 0.00 0.00 0.00 0
49849 0.00 0.00 0.00 0
49850 0.00 0.00 0.00 0
49863 0.00 0.00 0.00 0
49864 0.00 0.00 0.00 0
49865 0.00 0.00 0.00 0
49877 0.00 0.00 0.00 0
49878 0.00 0.00 0.00 0
49879 0.00 0.00 0.00 0
49880 0.00 0.00 0.00 0
49881 0.00 0.00 0.00 0
49890 0.00 0.00 0.00 0
49891 0.00 0.00 0.00 0
49895 0.00 0.00 0.00 0
49896 0.00 0.00 0.00 0
49897 0.00 0.00 0.00 0
49898 0.00 0.00 0.00 0
49899 0.00 0.00 0.00 0
49900 0.00 0.00 0.00 0
49904 0.00 0.00 0.00 0
49905 0.00 0.00 0.00 0
49906 0.00 0.00 0.00 0
49907 0.00 0.00 0.00 0
49908 0.00 0.00 0.00 0
49909 0.00 0.00 0.00 0
49910 0.00 0.00 0.00 0
49911 0.00 0.00 0.00 0
49912 0.00 0.00 0.00 0
49918 0.00 0.00 0.00 0
49919 0.00 0.00 0.00 0
49920 0.00 0.00 0.00 0
49933 0.00 0.00 0.00 0
49934 0.00 0.00 0.00 0
49945 0.00 0.00 0.00 0
49946 0.00 0.00 0.00 0
49967 0.00 0.00 0.00 0
50911 0.00 0.00 0.00 0
50912 0.00 0.00 0.00 0
50913 0.00 0.00 0.00 0
50914 0.00 0.00 0.00 0
50915 0.00 0.00 0.00 0
50916 0.00 0.00 0.00 0
50928 0.00 0.00 0.00 0
50929 0.00 0.00 0.00 0
50930 0.00 0.00 0.00 0
50931 0.00 0.00 0.00 0
50932 0.00 0.00 0.00 0
50946 0.00 0.00 0.00 0
50956 0.00 0.00 0.00 0
50957 0.00 0.00 0.00 0
50966 0.00 0.00 0.00 0
50967 0.00 0.00 0.00 0
50979 0.00 0.00 0.00 0
50989 0.00 0.00 0.00 0
50990 0.00 0.00 0.00 0
51004 0.00 0.00 0.00 0
51005 0.00 0.00 0.00 0
51006 0.00 0.00 0.00 0
51007 0.00 0.00 0.00 0
51008 0.00 0.00 0.00 0
51026 0.00 0.00 0.00 0
51027 0.00 0.00 0.00 0
51028 0.00 0.00 0.00 0
51029 0.00 0.00 0.00 0
51030 0.00 0.00 0.00 0
51031 0.00 0.00 0.00 0
51047 0.00 0.00 0.00 0
51048 0.00 0.00 0.00 0
51049 0.00 0.00 0.00 0
51050 0.00 0.00 0.00 0
51051 0.00 0.00 0.00 0
51052 0.00 0.00 0.00 0
51053 0.00 0.00 0.00 0
51054 0.00 0.00 0.00 0
51069 0.00 0.00 0.00 0
51070 0.00 0.00 0.00 0
51071 0.00 0.00 0.00 0
51072 0.00 0.00 0.00 0
51073 0.00 0.00 0.00 0
51074 0.00 0.00 0.00 0
51075 0.00 0.00 0.00 0
51076 0.00 0.00 0.00 0
51088 0.00 0.00 0.00 0
51089 0.00 0.00 0.00 0
51090 0.00 0.00 0.00 0
51091 0.00 0.00 0.00 0
51092 0.00 0.00 0.00 0
51093 0.00 0.00 0.00 0
51094 0.00 0.00 0.00 0
51095 0.00 0.00 0.00 0
51107 0.00 0.00 0.00 0
51108 0.00 0.00 0.00 0
51109 0.00 0.00 0.00 0
51110 0.00 0.00 0.00 0
51111 0.00 0.00 0.00 0
51112 0.00 0.00 0.00 0
51113 0.00 0.00 0.00 0
51126 0.00 0.00 0.00 0
51127 0.00 0.00 0.00 0
51128 0.00 0.00 0.00 0
51129 0.00 0.00 0.00 0
51130 0.00 0.00 0.00 0
51131 0.00 0.00 0.00 0
51132 0.00 0.00 0.00 0
51146 0.00 0.00 0.00 0
51147 0.00 0.00 0.00 0
51148 0.00 0.00 0.00 0
51149 0.00 0.00 0.00 0
51150 0.00 0.00 0.00 0
51151 0.00 0.00 0.00 0
51152 0.00 0.00 0.00 0
51153 0.00 0.00 0.00 0
51166 0.00 0.00 0.00 0
51167 0.00 0.00 0.00 0
51168 0.00 0.00 0.00 0
51169 0.00 0.00 0.00 0
51170 0.00 0.00 0.00 0
51171 0.00 0.00 0.00 0
51172 0.00 0.00 0.00 0
51184 0.00 0.00 0.00 0
51185 0.00 0.00 0.00 0
51186 0.00 0.00 0.00 0
51187 0.00 0.00 0.00 0
51188 0.00 0.00 0.00 0
51189 0.00 0.00 0.00 0
51207 0.00 0.00 0.00 0
51208 0.00 0.00 0.00 0
51209 0.00 0.00 0.00 0
51210 0.00 0.00 0.00 0
51211 0.00 0.00 0.00 0
51212 0.00 0.00 0.00 0
51230 0.00 0.00 0.00 0
51231 0.00 0.00 0.00 0
51232 0.00 0.00 0.00 0
51233 0.00 0.00 0.00 0
51234 0.00 0.00 0.00 0
51251 0.00 0.00 0.00 0
51252 0.00 0.00 0.00 0
51253 0.00 0.00 0.00 0
51254 0.00 0.00 0.00 0
51255 0.00 0.00 0.00 0
51270 0.00 0.00 0.00 0
51271 0.00 0.00 0.00 0
51272 0.00 0.00 0.00 0
51273 0.00 0.00 0.00 0
51274 0.00 0.00 0.00 0
51287 0.00 0.00 0.00 0
51288 0.00 0.00 0.00 0
51296 0.00 0.00 0.00 0
51297 0.00 0.00 0.00 0
51298 0.00 0.00 0.00 0
51299 0.00 0.00 0.00 0
51300 0.00 0.00 0.00 0
51301 0.00 0.00 0.00 0
51302 0.00 0.00 0.00 0
51303 0.00 0.00 0.00 0
51307 0.00 0.00 0.00 0
51308 0.00 0.00 0.00 0
51309 0.00 0.00 0.00 0
51310 0.00 0.00 0.00 0
51311 0.00 0.00 0.00 0
51312 0.00 0.00 0.00 0
51313 0.00 0.00 0.00 0
51314 0.00 0.00 0.00 0
51318 0.00 0.00 0.00 0
51319 0.00 0.00 0.00 0
51330 0.00 0.00 0.00 0
51331 0.00 0.00 0.00 0
51342 0.00 0.00 0.00 0
51364 0.00 0.00 0.00 0
51365 0.00 0.00 0.00 0
51384 0.00 0.00 0.00 0
52315 0.00 0.00 0.00 0
52316 0.00 0.00 0.00 0
52317 0.00 0.00 0.00 0
52318 0.00 0.00 0.00 0
52331 0.00 0.00 0.00 0
52332 0.00 0.00 0.00 0
52333 0.00 0.00 0.00 0
52334 0.00 0.00 0.00 0
52335 0.00 0.00 0.00 0
52347 0.00 0.00 0.00 0
52354 0.00 0.00 0.00 0
52363 0.00 0.00 0.00 0
52364 0.00 0.00 0.00 0
52373 0.00 0.00 0.00 0
52374 0.00 0.00 0.00 0
52385 0.00 0.00 0.00 0
52386 0.00 0.00 0.00 0
52399 0.00 0.00 0.00 0
52413 0.00 0.00 0.00 0
52414 0.00 0.00 0.00 0
52430 0.00 0.00 0.00 0
52431 0.00 0.00 0.00 0
52432 0.00 0.00 0.00 0
52449 0.00 0.00 0.00 0
52450 0.00 0.00 0.00 0
52451 0.00 0.00 0.00 0
52452 0.00 0.00 0.00 0
52453 0.00 0.00 0.00 0
52469 0.00 0.00 0.00 0
52470 0.00 0.00 0.00 0
52471 0.00 0.00 0.00 0
52472 0.00 0.00 0.00 0
52473 0.00 0.00 0.00 0
52474 0.00 0.00 0.00 0
52488 0.00 0.00 0.00 0
52489 0.00 0.00 0.00 0
52490 0.00 0.00 0.00 0
52491 0.00 0.00 0.00 0
52492 0.00 0.00 0.00 0
52493 0.00 0.00 0.00 0
52507 0.00 0.00 0.00 0
52508 0.00 0.00 0.00 0
52509 0.00 0.00 0.00 0
52510 0.00 0.00 0.00 0
52511 0.00 0.00 0.00 0
52526 0.00 0.00 0.00 0
52527 0.00 0.00 0.00 0
52528 0.00 0.00 0.00 0
52529 0.00 0.00 0.00 0
52530 0.00 0.00 0.00 0
52531 0.00 0.00 0.00 0
52549 0.00 0.00 0.00 0
52550 0.00 0.00 0.00 0
52567 0.00 0.00 0.00 0
52584 0.00 0.00 0.00 0
52604 0.00 0.00 0.00 0
52623 0.00 0.00 0.00 0
52624 0.00 0.00 0.00 0
52641 0.00 0.00 0.00 0
52642 0.00 0.00 0.00 0
52643 0.00 0.00 0.00 0
52658 0.00 0.00 0.00 0
52673 0.00 0.00 0.00 0
52674 0.00 0.00 0.00 0
52675 0.00 0.00 0.00 0
52676 0.00 0.00 0.00 0
52677 0.00 0.00 0.00 0
52678 0.00 0.00 0.00 0
52679 0.00 0.00 0.00 0
52680 0.00 0.00 0.00 0
52681 0.00 0.00 0.00 0
52693 0.00 0.00 0.00 0
52694 0.00 0.00 0.00 0
52695 0.00 0.00 0.00 0
52696 0.00 0.00 0.00 0
52697 0.00 0.00 0.00 0
52698 0.00 0.00 0.00 0
52706 0.00 0.00 0.00 0
52707 0.00 0.00 0.00 0
52717 0.00 0.00 0.00 0
52718 0.00 0.00 0.00 0
52731 0.00 0.00 0.00 0
52753 0.00 0.00 0.00 0
52754 0.00 0.00 0.00 0
52775 0.00 0.00 0.00 0
53631 0.00 0.00 0.00 0
53635 0.00 0.00 0.00 0
53644 0.00 0.00 0.00 0
53645 0.00 0.00 0.00 0
53646 0.00 0.00 0.00 0
53647 0.00 0.00 0.00 0
53648 0.00 0.00 0.00 0
53649 0.00 0.00 0.00 0
53650 0.00 0.00 0.00 0
53663 0.00 0.00 0.00 0
53664 0.00 0.00 0.00 0
53665 0.00 0.00 0.00 0
53666 0.00 0.00 0.00 0
53667 0.00 0.00 0.00 0
53668 0.00 0.00 0.00 0
53679 0.00 0.00 0.00 0
53685 0.00 0.00 0.00 0
53693 0.00 0.00 0.00 0
53702 0.00 0.00 0.00 0
53714 0.00 0.00 0.00 0
53715 0.00 0.00 0.00 0
53728 0.00 0.00 0.00 0
53729 0.00 0.00 0.00 0
53741 0.00 0.00 0.00 0
53754 0.00 0.00 0.00 0
53755 0.00 0.00 0.00 0
53769 0.00 0.00 0.00 0
53788 0.00 0.00 0.00 0
53808 0.00 0.00 0.00 0
53809 0.00 0.00 0.00 0
53828 0.00 0.00 0.00 0
53829 0.00 0.00 0.00 0
53847 0.00 0.00 0.00 0
53848 0.00 0.00 0.00 0
53849 0.00 0.00 0.00 0
53850 0.00 0.00 0.00 0
53851 0.00 0.00 0.00 0
53867 0.00 0.00 0.00 0
53868 0.00 0.00 0.00 0
53869 0.00 0.00 0.00 0
53870 0.00 0.00 0.00 0
53871 0.00 0.00 0.00 0
53887 0.00 0.00 0.00 0
53888 0.00 0.00 0.00 0
53889 0.00 0.00 0.00 0
53890 0.00 0.00 0.00 0
53907 0.00 0.00 0.00 0
53924 0.00 0.00 0.00 0
53943 0.00 0.00 0.00 0
53944 0.00 0.00 0.00 0
53963 0.00 0.00 0.00 0
53964 0.00 0.00 0.00 0
53965 0.00 0.00 0.00 0
53985 0.00 0.00 0.00 0
53986 0.00 0.00 0.00 0
54003 0.00 0.00 0.00 0
54004 0.00 0.00 0.00 0
54005 0.00 0.00 0.00 0
54006 0.00 0.00 0.00 0
54007 0.00 0.00 0.00 0
54008 0.00 0.00 0.00 0
54009 0.00 0.00 0.00 0
54010 0.00 0.00 0.00 0
54011 0.00 0.00 0.00 0
54024 0.00 0.00 0.00 0
54025 0.00 0.00 0.00 0
54026 0.00 0.00 0.00 0
54027 0.00 0.00 0.00 0
54028 0.00 0.00 0.00 0
54029 0.00 0.00 0.00 0
54030 0.00 0.00 0.00 0
54031 0.00 0.00 0.00 0
54040 0.00 0.00 0.00 0
54041 0.00 0.00 0.00 0
54052 0.00 0.00 0.00 0
54053 0.00 0.00 0.00 0
54064 0.00 0.00 0.00 0
54065 0.00 0.00 0.00 0
54086 0.00 0.00 0.00 0
54087 0.00 0.00 0.00 0
54113 0.00 0.00 0.00 0
54114 0.00 0.00 0.00 0
54131 0.00 0.00 0.00 0
54132 0.00 0.00 0.00 0
54943 0.00 0.00 0.00 0
54944 0.00 0.00 0.00 0
54948 0.00 0.00 0.00 0
54949 0.00 0.00 0.00 0
54952 0.00 0.00 0.00 0
54953 0.00 0.00 0.00 0
54954 0.00 0.00 0.00 0
54962 0.00 0.00 0.00 0
54963 0.00 0.00 0.00 0
54964 0.00 0.00 0.00 0
54965 0.00 0.00 0.00 0
54966 0.00 0.00 0.00 0
54967 0.00 0.00 0.00 0
54977 0.00 0.00 0.00 0
54978 0.00 0.00 0.00 0
54979 0.00 0.00 0.00 0
54991 0.00 0.00 0.00 0
55002 0.00 0.00 0.00 0
55009 0.00 0.00 0.00 0
55010 0.00 0.00 0.00 0
55021 0.00 0.00 0.00 0
55022 0.00 0.00 0.00 0
55023 0.00 0.00 0.00 0
55038 0.00 0.00 0.00 0
55039 0.00 0.00 0.00 0
55040 0.00 0.00 0.00 0
55052 0.00 0.00 0.00 0
55053 0.00 0.00 0.00 0
55054 0.00 0.00 0.00 0
55064 0.00 0.00 0.00 0
55065 0.00 0.00 0.00 0
55074 0.00 0.00 0.00 0
55075 0.00 0.00 0.00 0
55085 0.00 0.00 0.00 0
55086 0.00 0.00 0.00 0
55097 0.00 0.00 0.00 0
55098 0.00 0.00 0.00 0
55113 0.00 0.00 0.00 0
55114 0.00 0.00 0.00 0
55132 0.00 0.00 0.00 0
55133 0.00 0.00 0.00 0
55148 0.00 0.00 0.00 0
55149 0.00 0.00 0.00 0
55166 0.00 0.00 0.00 0
55167 0.00 0.00 0.00 0
55168 0.00 0.00 0.00 0
55185 0.00 0.00 0.00 0
55186 0.00 0.00 0.00 0
55187 0.00 0.00 0.00 0
55188 0.00 0.00 0.00 0
55189 0.00 0.00 0.00 0
55204 0.00 0.00 0.00 0
55205 0.00 0.00 0.00 0
55223 0.00 0.00 0.00 0
55224 0.00 0.00 0.00 0
55225 0.00 0.00 0.00 0
55243 0.00 0.00 0.00 0
55244 0.00 0.00 0.00 0
55245 0.00 0.00 0.00 0
55269 0.00 0.00 0.00 0
55270 0.00 0.00 0.00 0
55290 0.00 0.00 0.00 0
55291 0.00 0.00 0.00 0
55305 0.00 0.00 0.00 0
55306 0.00 0.00 0.00 0
55307 0.00 0.00 0.00 0
55308 0.00 0.00 0.00 0
55318 0.00 0.00 0.00 0
55319 0.00 0.00 0.00 0
55320 0.00 0.00 0.00 0
55321 0.00 0.00 0.00 0
55322 0.00 0.00 0.00 0
55323 0.00 0.00 0.00 0
55324 0.00 0.00 0.00 0
55325 0.00 0.00 0.00 0
55335 0.00 0.00 0.00 0
55336 0.00 0.00 0.00 0
55337 0.00 0.00 0.00 0
55338 0.00 0.00 0.00 0
55346 0.00 0.00 0.00 0
55347 0.00 0.00 0.00 0
55359 0.00 0.00 0.00 0
55360 0.00 0.00 0.00 0
55378 0.00 0.00 0.00 0
55379 0.00 0.00 0.00 0
55400 0.00 0.00 0.00 0
55401 0.00 0.00 0.00 0
55419 0.00 0.00 0.00 0
55420 0.00 0.00 0.00 0
55437 0.00 0.00 0.00 0
55438 0.00 0.00 0.00 0
56204 0.00 0.00 0.00 0
56205 0.00 0.00 0.00 0
56219 0.00 0.00 0.00 0
56220 0.00 0.00 0.00 0
56229 0.00 0.00 0.00 0
56230 0.00 0.00 0.00 0
56231 0.00 0.00 0.00 0
56242 0.00 0.00 0.00 0
56243 0.00 0.00 0.00 0
56244 0.00 0.00 0.00 0
56245 0.00 0.00 0.00 0
56255 0.00 0.00 0.00 0
56267 0.00 0.00 0.00 0
56277 0.00 0.00 0.00 0
56278 0.00 0.00 0.00 0
56279 0.00 0.00 0.00 0
56287 0.00 0.00 0.00 0
56288 0.00 0.00 0.00 0
56289 0.00 0.00 0.00 0
56290 0.00 0.00 0.00 0
56299 0.00 0.00 0.00 0
56300 0.00 0.00 0.00 0
56301 0.00 0.00 0.00 0
56311 0.00 0.00 0.00 0
56312 0.00 0.00 0.00 0
56313 0.00 0.00 0.00 0
56321 0.00 0.00 0.00 0
56322 0.00 0.00 0.00 0
56323 0.00 0.00 0.00 0
56324 0.00 0.00 0.00 0
56332 0.00 0.00 0.00 0
56333 0.00 0.00 0.00 0
56334 0.00 0.00 0.00 0
56342 0.00 0.00 0.00 0
56350 0.00 0.00 0.00 0
56358 0.00 0.00 0.00 0
56368 0.00 0.00 0.00 0
56384 0.00 0.00 0.00 0
56385 0.00 0.00 0.00 0
56401 0.00 0.00 0.00 0
56418 0.00 0.00 0.00 0
56419 0.00 0.00 0.00 0
56420 0.00 0.00 0.00 0
56421 0.00 0.00 0.00 0
56422 0.00 0.00 0.00 0
56437 0.00 0.00 0.00 0
56438 0.00 0.00 0.00 0
56439 0.00 0.00 0.00 0
56440 0.00 0.00 0.00 0
56456 0.00 0.00 0.00 0
56457 0.00 0.00 0.00 0
56478 0.00 0.00 0.00 0
56479 0.00 0.00 0.00 0
56480 0.00 0.00 0.00 0
56496 0.00 0.00 0.00 0
56497 0.00 0.00 0.00 0
56498 0.00 0.00 0.00 0
56499 0.00 0.00 0.00 0
56521 0.00 0.00 0.00 0
56522 0.00 0.00 0.00 0
56523 0.00 0.00 0.00 0
56540 0.00 0.00 0.00 0
56541 0.00 0.00 0.00 0
56542 0.00 0.00 0.00 0
56558 0.00 0.00 0.00 0
56559 0.00 0.00 0.00 0
56560 0.00 0.00 0.00 0
56571 0.00 0.00 0.00 0
56572 0.00 0.00 0.00 0
56573 0.00 0.00 0.00 0
56574 0.00 0.00 0.00 0
56575 0.00 0.00 0.00 0
56585 0.00 0.00 0.00 0
56586 0.00 0.00 0.00 0
56587 0.00 0.00 0.00 0
56588 0.00 0.00 0.00 0
56589 0.00 0.00 0.00 0
56590 0.00 0.00 0.00 0
56591 0.00 0.00 0.00 0
56599 0.00 0.00 0.00 0
56600 0.00 0.00 0.00 0
56601 0.00 0.00 0.00 0
56616 0.00 0.00 0.00 0
56617 0.00 0.00 0.00 0
56633 0.00 0.00 0.00 0
56653 0.00 0.00 0.00 0
56654 0.00 0.00 0.00 0
56671 0.00 0.00 0.00 0
56672 0.00 0.00 0.00 0
56690 0.00 0.00 0.00 0
57416 0.00 0.00 0.00 0
57427 0.00 0.00 0.00 0
57428 0.00 0.00 0.00 0
57437 0.00 0.00 0.00 0
57438 0.00 0.00 0.00 0
57453 0.00 0.00 0.00 0
57454 0.00 0.00 0.00 0
57455 0.00 0.00 0.00 0
57470 0.00 0.00 0.00 0
57471 0.00 0.00 0.00 0
57484 0.00 0.00 0.00 0
57485 0.00 0.00 0.00 0
57500 0.00 0.00 0.00 0
57501 0.00 0.00 0.00 0
57502 0.00 0.00 0.00 0
57503 0.00 0.00 0.00 0
57514 0.00 0.00 0.00 0
57515 0.00 0.00 0.00 0
57516 0.00 0.00 0.00 0
57528 0.00 0.00 0.00 0
57529 0.00 0.00 0.00 0
57540 0.00 0.00 0.00 0
57541 0.00 0.00 0.00 0
57550 0.00 0.00 0.00 0
57551 0.00 0.00 0.00 0
57552 0.00 0.00 0.00 0
57553 0.00 0.00 0.00 0
57561 0.00 0.00 0.00 0
57562 0.00 0.00 0.00 0
57563 0.00 0.00 0.00 0
57564 0.00 0.00 0.00 0
57565 0.00 0.00 0.00 0
57572 0.00 0.00 0.00 0
57579 0.00 0.00 0.00 0
57586 0.00 0.00 0.00 0
57593 0.00 0.00 0.00 0
57600 0.00 0.00 0.00 0
57601 0.00 0.00 0.00 0
57608 0.00 0.00 0.00 0
57609 0.00 0.00 0.00 0
57621 0.00 0.00 0.00 0
57622 0.00 0.00 0.00 0
57623 0.00 0.00 0.00 0
57624 0.00 0.00 0.00 0
57625 0.00 0.00 0.00 0
57640 0.00 0.00 0.00 0
57641 0.00 0.00 0.00 0
57642 0.00 0.00 0.00 0
57656 0.00 0.00 0.00 0
57657 0.00 0.00 0.00 0
57658 0.00 0.00 0.00 0
57677 0.00 0.00 0.00 0
57678 0.00 0.00 0.00 0
57679 0.00 0.00 0.00 0
57690 0.00 0.00 0.00 0
57691 0.00 0.00 0.00 0
57692 0.00 0.00 0.00 0
57708 0.00 0.00 0.00 0
57709 0.00 0.00 0.00 0
57710 0.00 0.00 0.00 0
57723 0.00 0.00 0.00 0
57724 0.00 0.00 0.00 0
57725 0.00 0.00 0.00 0
57735 0.00 0.00 0.00 0
57736 0.00 0.00 0.00 0
57737 0.00 0.00 0.00 0
57748 0.00 0.00 0.00 0
57749 0.00 0.00 0.00 0
57750 0.00 0.00 0.00 0
57762 0.00 0.00 0.00 0
57763 0.00 0.00 0.00 0
57764 0.00 0.00 0.00 0
57765 0.00 0.00 0.00 0
57766 0.00 0.00 0.00 0
57767 0.00 0.00 0.00 0
57779 0.00 0.00 0.00 0
57780 0.00 0.00 0.00 0
57781 0.00 0.00 0.00 0
57782 0.00 0.00 0.00 0
57783 0.00 0.00 0.00 0
57801 0.00 0.00 0.00 0
57802 0.00 0.00 0.00 0
57803 0.00 0.00 0.00 0
57820 0.00 0.00 0.00 0
57821 0.00 0.00 0.00 0
57842 0.00 0.00 0.00 0
57861 0.00 0.00 0.00 0
58615 0.00 0.00 0.00 0
58625 0.00 0.00 0.00 0
58637 0.00 0.00 0.00 0
58638 0.00 0.00 0.00 0
58649 0.00 0.00 0.00 0
58650 0.00 0.00 0.00 0
58660 0.00 0.00 0.00 0
58661 0.00 0.00 0.00 0
58662 0.00 0.00 0.00 0
58675 0.00 0.00 0.00 0
58676 0.00 0.00 0.00 0
58677 0.00 0.00 0.00 0
58678 0.00 0.00 0.00 0
58692 0.00 0.00 0.00 0
58693 0.00 0.00 0.00 0
58704 0.00 0.00 0.00 0
58705 0.00 0.00 0.00 0
58714 0.00 0.00 0.00 0
58715 0.00 0.00 0.00 0
58726 0.00 0.00 0.00 0
58727 0.00 0.00 0.00 0
58739 0.00 0.00 0.00 0
58740 0.00 0.00 0.00 0
58741 0.00 0.00 0.00 0
58742 0.00 0.00 0.00 0
58743 0.00 0.00 0.00 0
58744 0.00 0.00 0.00 0
58751 0.00 0.00 0.00 0
58752 0.00 0.00 0.00 0
58759 0.00 0.00 0.00 0
58766 0.00 0.00 0.00 0
58772 0.00 0.00 0.00 0
58778 0.00 0.00 0.00 0
58779 0.00 0.00 0.00 0
58785 0.00 0.00 0.00 0
58786 0.00 0.00 0.00 0
58792 0.00 0.00 0.00 0
58793 0.00 0.00 0.00 0
58794 0.00 0.00 0.00 0
58795 0.00 0.00 0.00 0
58796 0.00 0.00 0.00 0
58805 0.00 0.00 0.00 0
58806 0.00 0.00 0.00 0
58807 0.00 0.00 0.00 0
58808 0.00 0.00 0.00 0
58824 0.00 0.00 0.00 0
58825 0.00 0.00 0.00 0
58826 0.00 0.00 0.00 0
58827 0.00 0.00 0.00 0
58847 0.00 0.00 0.00 0
58848 0.00 0.00 0.00 0
58849 0.00 0.00 0.00 0
58850 0.00 0.00 0.00 0
58869 0.00 0.00 0.00 0
58870 0.00 0.00 0.00 0
58871 0.00 0.00 0.00 0
58891 0.00 0.00 0.00 0
58892 0.00 0.00 0.00 0
58893 0.00 0.00 0.00 0
58894 0.00 0.00 0.00 0
58909 0.00 0.00 0.00 0
58910 0.00 0.00 0.00 0
58911 0.00 0.00 0.00 0
58912 0.00 0.00 0.00 0
58920 0.00 0.00 0.00 0
58921 0.00 0.00 0.00 0
58922 0.00 0.00 0.00 0
58923 0.00 0.00 0.00 0
58924 0.00 0.00 0.00 0
58928 0.00 0.00 0.00 0
58929 0.00 0.00 0.00 0
58930 0.00 0.00 0.00 0
58931 0.00 0.00 0.00 0
58932 0.00 0.00 0.00 0
58935 0.00 0.00 0.00 0
58936 0.00 0.00 0.00 0
58937 0.00 0.00 0.00 0
58947 0.00 0.00 0.00 0
58948 0.00 0.00 0.00 0
58949 0.00 0.00 0.00 0
58950 0.00 0.00 0.00 0
58968 0.00 0.00 0.00 0
58969 0.00 0.00 0.00 0
58970 0.00 0.00 0.00 0
58971 0.00 0.00 0.00 0
58990 0.00 0.00 0.00 0
58991 0.00 0.00 0.00 0
58992 0.00 0.00 0.00 0
59014 0.00 0.00 0.00 0
59015 0.00 0.00 0.00 0
59816 0.00 0.00 0.00 0
59832 0.00 0.00 0.00 0
59833 0.00 0.00 0.00 0
59834 0.00 0.00 0.00 0
59844 0.00 0.00 0.00 0
59845 0.00 0.00 0.00 0
59846 0.00 0.00 0.00 0
59847 0.00 0.00 0.00 0
59857 0.00 0.00 0.00 0
59858 0.00 0.00 0.00 0
59859 0.00 0.00 0.00 0
59869 0.00 0.00 0.00 0
59870 0.00 0.00 0.00 0
59886 0.00 0.00 0.00 0
59901 0.00 0.00 0.00 0
59922 0.00 0.00 0.00 0
59934 0.00 0.00 0.00 0
59935 0.00 0.00 0.00 0
59936 0.00 0.00 0.00 0
59937 0.00 0.00 0.00 0
59950 0.00 0.00 0.00 0
59951 0.00 0.00 0.00 0
59957 0.00 0.00 0.00 0
59964 0.00 0.00 0.00 0
59970 0.00 0.00 0.00 0
59975 0.00 0.00 0.00 0
59976 0.00 0.00 0.00 0
59984 0.00 0.00 0.00 0
59985 0.00 0.00 0.00 0
59986 0.00 0.00 0.00 0
59987 0.00 0.00 0.00 0
59988 0.00 0.00 0.00 0
59989 0.00 0.00 0.00 0
59995 0.00 0.00 0.00 0
59996 0.00 0.00 0.00 0
59997 0.00 0.00 0.00 0
59998 0.00 0.00 0.00 0
59999 0.00 0.00 0.00 0
60000 0.00 0.00 0.00 0
60001 0.00 0.00 0.00 0
60002 0.00 0.00 0.00 0
60011 0.00 0.00 0.00 0
60012 0.00 0.00 0.00 0
60013 0.00 0.00 0.00 0
60014 0.00 0.00 0.00 0
60015 0.00 0.00 0.00 0
60026 0.00 0.00 0.00 0
60027 0.00 0.00 0.00 0
60028 0.00 0.00 0.00 0
60029 0.00 0.00 0.00 0
60035 0.00 0.00 0.00 0
60036 0.00 0.00 0.00 0
60037 0.00 0.00 0.00 0
60045 0.00 0.00 0.00 0
60046 0.00 0.00 0.00 0
60060 0.00 0.00 0.00 0
60061 0.00 0.00 0.00 0
60062 0.00 0.00 0.00 0
60083 0.00 0.00 0.00 0
60084 0.00 0.00 0.00 0
60099 0.00 0.00 0.00 0
60100 0.00 0.00 0.00 0
60104 0.00 0.00 0.00 0
60105 0.00 0.00 0.00 0
60106 0.00 0.00 0.00 0
60110 0.00 0.00 0.00 0
60111 0.00 0.00 0.00 0
60112 0.00 0.00 0.00 0
60115 0.00 0.00 0.00 0
60116 0.00 0.00 0.00 0
60127 0.00 0.00 0.00 0
60128 0.00 0.00 0.00 0
60129 0.00 0.00 0.00 0
60140 0.00 0.00 0.00 0
60141 0.00 0.00 0.00 0
60155 0.00 0.00 0.00 0
60983 0.00 0.00 0.00 0
61087 0.00 0.00 0.00 0
61088 0.00 0.00 0.00 0
61089 0.00 0.00 0.00 0
61110 0.00 0.00 0.00 0
61111 0.00 0.00 0.00 0
61125 0.00 0.00 0.00 0
61137 0.00 0.00 0.00 0
61147 0.00 0.00 0.00 0
61156 0.00 0.00 0.00 0
61170 0.00 0.00 0.00 0
61171 0.00 0.00 0.00 0
61172 0.00 0.00 0.00 0
61173 0.00 0.00 0.00 0
61174 0.00 0.00 0.00 0
61175 0.00 0.00 0.00 0
61176 0.00 0.00 0.00 0
61177 0.00 0.00 0.00 0
61193 0.00 0.00 0.00 0
61194 0.00 0.00 0.00 0
61195 0.00 0.00 0.00 0
61196 0.00 0.00 0.00 0
61197 0.00 0.00 0.00 0
61215 0.00 0.00 0.00 0
61216 0.00 0.00 0.00 0
61217 0.00 0.00 0.00 0
61231 0.00 0.00 0.00 0
61232 0.00 0.00 0.00 0
61233 0.00 0.00 0.00 0
61244 0.00 0.00 0.00 0
61245 0.00 0.00 0.00 0
61255 0.00 0.00 0.00 0
61256 0.00 0.00 0.00 0
61271 0.00 0.00 0.00 0
61272 0.00 0.00 0.00 0
61273 0.00 0.00 0.00 0
61291 0.00 0.00 0.00 0
61292 0.00 0.00 0.00 0
61306 0.00 0.00 0.00 0
61307 0.00 0.00 0.00 0
61316 0.00 0.00 0.00 0
61317 0.00 0.00 0.00 0
61325 0.00 0.00 0.00 0
61326 0.00 0.00 0.00 0
61327 0.00 0.00 0.00 0
61333 0.00 0.00 0.00 0
61334 0.00 0.00 0.00 0
61346 0.00 0.00 0.00 0
61347 0.00 0.00 0.00 0
61358 0.00 0.00 0.00 0
61359 0.00 0.00 0.00 0
61370 0.00 0.00 0.00 0
62332 0.00 0.00 0.00 0
62333 0.00 0.00 0.00 0
62334 0.00 0.00 0.00 0
62335 0.00 0.00 0.00 0
62361 0.00 0.00 0.00 0
62362 0.00 0.00 0.00 0
62384 0.00 0.00 0.00 0
62401 0.00 0.00 0.00 0
62412 0.00 0.00 0.00 0
62424 0.00 0.00 0.00 0
62436 0.00 0.00 0.00 0
62437 0.00 0.00 0.00 0
62438 0.00 0.00 0.00 0
62439 0.00 0.00 0.00 0
62440 0.00 0.00 0.00 0
62441 0.00 0.00 0.00 0
62442 0.00 0.00 0.00 0
62443 0.00 0.00 0.00 0
62457 0.00 0.00 0.00 0
62458 0.00 0.00 0.00 0
62472 0.00 0.00 0.00 0
62473 0.00 0.00 0.00 0
62486 0.00 0.00 0.00 0
62487 0.00 0.00 0.00 0
62500 0.00 0.00 0.00 0
62501 0.00 0.00 0.00 0
62514 0.00 0.00 0.00 0
62515 0.00 0.00 0.00 0
62516 0.00 0.00 0.00 0
62528 0.00 0.00 0.00 0
62529 0.00 0.00 0.00 0
62541 0.00 0.00 0.00 0
62552 0.00 0.00 0.00 0
62561 0.00 0.00 0.00 0
62569 0.00 0.00 0.00 0
62570 0.00 0.00 0.00 0
62577 0.00 0.00 0.00 0
62578 0.00 0.00 0.00 0
62593 0.00 0.00 0.00 0
62594 0.00 0.00 0.00 0
62609 0.00 0.00 0.00 0
63559 0.00 0.00 0.00 0
63560 0.00 0.00 0.00 0
63561 0.00 0.00 0.00 0
63562 0.00 0.00 0.00 0
63578 0.00 0.00 0.00 0
63579 0.00 0.00 0.00 0
63599 0.00 0.00 0.00 0
63618 0.00 0.00 0.00 0
63633 0.00 0.00 0.00 0
63642 0.00 0.00 0.00 0
63651 0.00 0.00 0.00 0
63652 0.00 0.00 0.00 0
63653 0.00 0.00 0.00 0
63654 0.00 0.00 0.00 0
63655 0.00 0.00 0.00 0
63656 0.00 0.00 0.00 0
63657 0.00 0.00 0.00 0
63658 0.00 0.00 0.00 0
63667 0.00 0.00 0.00 0
63668 0.00 0.00 0.00 0
63669 0.00 0.00 0.00 0
63679 0.00 0.00 0.00 0
63680 0.00 0.00 0.00 0
63681 0.00 0.00 0.00 0
63695 0.00 0.00 0.00 0
63696 0.00 0.00 0.00 0
63697 0.00 0.00 0.00 0
63710 0.00 0.00 0.00 0
63711 0.00 0.00 0.00 0
63727 0.00 0.00 0.00 0
63728 0.00 0.00 0.00 0
63747 0.00 0.00 0.00 0
63764 0.00 0.00 0.00 0
63778 0.00 0.00 0.00 0
63791 0.00 0.00 0.00 0
63799 0.00 0.00 0.00 0
64814 0.00 0.00 0.00 0
64815 0.00 0.00 0.00 0
64816 0.00 0.00 0.00 0
64817 0.00 0.00 0.00 0
64825 0.00 0.00 0.00 0
64826 0.00 0.00 0.00 0
64827 0.00 0.00 0.00 0
64828 0.00 0.00 0.00 0
64841 0.00 0.00 0.00 0
64855 0.00 0.00 0.00 0
64872 0.00 0.00 0.00 0
64889 0.00 0.00 0.00 0
64898 0.00 0.00 0.00 0
64899 0.00 0.00 0.00 0
64900 0.00 0.00 0.00 0
64901 0.00 0.00 0.00 0
64902 0.00 0.00 0.00 0
64903 0.00 0.00 0.00 0
64904 0.00 0.00 0.00 0
64905 0.00 0.00 0.00 0
64918 0.00 0.00 0.00 0
64919 0.00 0.00 0.00 0
64920 0.00 0.00 0.00 0
64935 0.00 0.00 0.00 0
64936 0.00 0.00 0.00 0
64952 0.00 0.00 0.00 0
64953 0.00 0.00 0.00 0
64970 0.00 0.00 0.00 0
64987 0.00 0.00 0.00 0
64988 0.00 0.00 0.00 0
65016 0.00 0.00 0.00 0
65017 0.00 0.00 0.00 0
65043 0.00 0.00 0.00 0
65044 0.00 0.00 0.00 0
65071 0.00 0.00 0.00 0
66191 0.00 0.00 0.00 0
66192 0.00 0.00 0.00 0
66193 0.00 0.00 0.00 0
66194 0.00 0.00 0.00 0
66207 0.00 0.00 0.00 0
66219 0.00 0.00 0.00 0
66226 0.00 0.00 0.00 0
66242 0.00 0.00 0.00 0
66255 0.00 0.00 0.00 0
66256 0.00 0.00 0.00 0
66257 0.00 0.00 0.00 0
66258 0.00 0.00 0.00 0
66259 0.00 0.00 0.00 0
66260 0.00 0.00 0.00 0
66261 0.00 0.00 0.00 0
66262 0.00 0.00 0.00 0
66271 0.00 0.00 0.00 0
66272 0.00 0.00 0.00 0
66273 0.00 0.00 0.00 0
66274 0.00 0.00 0.00 0
66275 0.00 0.00 0.00 0
66276 0.00 0.00 0.00 0
66283 0.00 0.00 0.00 0
66284 0.00 0.00 0.00 0
66292 0.00 0.00 0.00 0
66293 0.00 0.00 0.00 0
66302 0.00 0.00 0.00 0
66303 0.00 0.00 0.00 0
66313 0.00 0.00 0.00 0
66332 0.00 0.00 0.00 0
66333 0.00 0.00 0.00 0
67503 0.00 0.00 0.00 0
67504 0.00 0.00 0.00 0
67505 0.00 0.00 0.00 0
67519 0.00 0.00 0.00 0
67533 0.00 0.00 0.00 0
67542 0.00 0.00 0.00 0
67554 0.00 0.00 0.00 0
67564 0.00 0.00 0.00 0
67565 0.00 0.00 0.00 0
67566 0.00 0.00 0.00 0
67567 0.00 0.00 0.00 0
67568 0.00 0.00 0.00 0
67569 0.00 0.00 0.00 0
67570 0.00 0.00 0.00 0
67574 0.00 0.00 0.00 0
67575 0.00 0.00 0.00 0
67576 0.00 0.00 0.00 0
67577 0.00 0.00 0.00 0
67578 0.00 0.00 0.00 0
67579 0.00 0.00 0.00 0
67580 0.00 0.00 0.00 0
67581 0.00 0.00 0.00 0
67582 0.00 0.00 0.00 0
67587 0.00 0.00 0.00 0
67588 0.00 0.00 0.00 0
67589 0.00 0.00 0.00 0
67594 0.00 0.00 0.00 0
67601 0.00 0.00 0.00 0
67602 0.00 0.00 0.00 0
67614 0.00 0.00 0.00 0
67615 0.00 0.00 0.00 0
67638 0.00 0.00 0.00 0
68780 0.00 0.00 0.00 0
68781 0.00 0.00 0.00 0
68798 0.00 0.00 0.00 0
68811 0.00 0.00 0.00 0
68821 0.00 0.00 0.00 0
68832 0.00 0.00 0.00 0
68845 0.00 0.00 0.00 0
68846 0.00 0.00 0.00 0
68856 0.00 0.00 0.00 0
68857 0.00 0.00 0.00 0
68858 0.00 0.00 0.00 0
68859 0.00 0.00 0.00 0
68860 0.00 0.00 0.00 0
68861 0.00 0.00 0.00 0
68862 0.00 0.00 0.00 0
68863 0.00 0.00 0.00 0
68870 0.00 0.00 0.00 0
68871 0.00 0.00 0.00 0
68872 0.00 0.00 0.00 0
68873 0.00 0.00 0.00 0
68874 0.00 0.00 0.00 0
68875 0.00 0.00 0.00 0
68882 0.00 0.00 0.00 0
68883 0.00 0.00 0.00 0
68891 0.00 0.00 0.00 0
68904 0.00 0.00 0.00 0
70098 0.00 0.00 0.00 0
70119 0.00 0.00 0.00 0
70141 0.00 0.00 0.00 0
70157 0.00 0.00 0.00 0
70172 0.00 0.00 0.00 0
70185 0.00 0.00 0.00 0
70186 0.00 0.00 0.00 0
70198 0.00 0.00 0.00 0
70199 0.00 0.00 0.00 0
70200 0.00 0.00 0.00 0
70201 0.00 0.00 0.00 0
70202 0.00 0.00 0.00 0
70203 0.00 0.00 0.00 0
70204 0.00 0.00 0.00 0
70205 0.00 0.00 0.00 0
70213 0.00 0.00 0.00 0
70214 0.00 0.00 0.00 0
70215 0.00 0.00 0.00 0
70216 0.00 0.00 0.00 0
70217 0.00 0.00 0.00 0
70218 0.00 0.00 0.00 0
70219 0.00 0.00 0.00 0
70233 0.00 0.00 0.00 0
70234 0.00 0.00 0.00 0
70235 0.00 0.00 0.00 0
70251 0.00 0.00 0.00 0
70252 0.00 0.00 0.00 0
70272 0.00 0.00 0.00 0
71533 0.00 0.00 0.00 0
71549 0.00 0.00 0.00 0
71568 0.00 0.00 0.00 0
71569 0.00 0.00 0.00 0
71587 0.00 0.00 0.00 0
71588 0.00 0.00 0.00 0
71607 0.00 0.00 0.00 0
71608 0.00 0.00 0.00 0
71624 0.00 0.00 0.00 0
71625 0.00 0.00 0.00 0
71626 0.00 0.00 0.00 0
71640 0.00 0.00 0.00 0
71641 0.00 0.00 0.00 0
71659 0.00 0.00 0.00 0
71660 0.00 0.00 0.00 0
72781 0.00 0.00 0.00 0
72795 0.00 0.00 0.00 0
72807 0.00 0.00 0.00 0
