# parahippocampal
934
66527 0.00 0.00 0.00 0
66614 0.00 0.00 0.00 0
66615 0.00 0.00 0.00 0
66616 0.00 0.00 0.00 0
66617 0.00 0.00 0.00 0
66618 0.00 0.00 0.00 0
66619 0.00 0.00 0.00 0
66620 0.00 0.00 0.00 0
66637 0.00 0.00 0.00 0
66638 0.00 0.00 0.00 0
66639 0.00 0.00 0.00 0
66640 0.00 0.00 0.00 0
66641 0.00 0.00 0.00 0
66642 0.00 0.00 0.00 0
66643 0.00 0.00 0.00 0
66644 0.00 0.00 0.00 0
66645 0.00 0.00 0.00 0
68039 0.00 0.00 0.00 0
68040 0.00 0.00 0.00 0
68041 0.00 0.00 0.00 0
68042 0.00 0.00 0.00 0
68043 0.00 0.00 0.00 0
68044 0.00 0.00 0.00 0
68045 0.00 0.00 0.00 0
68046 0.00 0.00 0.00 0
68047 0.00 0.00 0.00 0
68048 0.00 0.00 0.00 0
68049 0.00 0.00 0.00 0
68062 0.00 0.00 0.00 0
68063 0.00 0.00 0.00 0
68064 0.00 0.00 0.00 0
68065 0.00 0.00 0.00 0
68066 0.00 0.00 0.00 0
68067 0.00 0.00 0.00 0
68068 0.00 0.00 0.00 0
68069 0.00 0.00 0.00 0
68070 0.00 0.00 0.00 0
68071 0.00 0.00 0.00 0
68072 0.00 0.00 0.00 0
68085 0.00 0.00 0.00 0
68086 0.00 0.00 0.00 0
68087 0.00 0.00 0.00 0
68088 0.00 0.00 0.00 0
69283 0.00 0.00 0.00 0
69284 0.00 0.00 0.00 0
69285 0.00 0.00 0.00 0
69286 0.00 0.00 0.00 0
69287 0.00 0.00 0.00 0
69288 0.00 0.00 0.00 0
69289 0.00 0.00 0.00 0
69290 0.00 0.00 0.00 0
69291 0.00 0.00 0.00 0
69292 0.00 0.00 0.00 0
69293 0.00 0.00 0.00 0
69294 0.00 0.00 0.00 0
69305 0.00 0.00 0.00 0
69306 0.00 0.00 0.00 0
69307 0.00 0.00 0.00 0
69308 0.00 0.00 0.00 0
69309 0.00 0.00 0.00 0
69310 0.00 0.00 0.00 0
69311 0.00 0.00 0.00 0
69312 0.00 0.00 0.00 0
69322 0.00 0.00 0.00 0
69323 0.00 0.00 0.00 0
69324 0.00 0.00 0.00 0
70383 0.00 0.00 0.00 0
70394 0.00 0.00 0.00 0
70427 0.00 0.00 0.00 0
70453 0.00 0.00 0.00 0
70454 0.00 0.00 0.00 0
70455 0.00 0.00 0.00 0
70456 0.00 0.00 0.00 0
70457 0.00 0.00 0.00 0
70458 0.00 0.00 0.00 0
70459 0.00 0.00 0.00 0
70460 0.00 0.00 0.00 0
70461 0.00 0.00 0.00 0
70462 0.00 0.00 0.00 0
70463 0.00 0.00 0.00 0
70464 0.00 0.00 0.00 0
70465 0.00 0.00 0.00 0
70475 0.00 0.00 0.00 0
70476 0.00 0.00 0.00 0
70477 0.00 0.00 0.00 0
70478 0.00 0.00 0.00 0
70479 0.00 0.00 0.00 0
70480 0.00 0.00 0.00 0
70481 0.00 0.00 0.00 0
70482 0.00 0.00 0.00 0
70483 0.00 0.00 0.00 0
70491 0.00 0.00 0.00 0
70492 0.00 0.00 0.00 0
70493 0.00 0.00 0.00 0
70494 0.00 0.00 0.00 0
70495 0.00 0.00 0.00 0
70496 0.00 0.00 0.00 0
70505 0.00 0.00 0.00 0
70506 0.00 0.00 0.00 0
71671 0.00 0.00 0.00 0
71684 0.00 0.00 0.00 0
71707 0.00 0.00 0.00 0
71708 0.00 0.00 0.00 0
71723 0.00 0.00 0.00 0
71730 0.00 0.00 0.00 0
71731 0.00 0.00 0.00 0
71732 0.00 0.00 0.00 0
71733 0.00 0.00 0.00 0
71739 0.00 0.00 0.00 0
71740 0.00 0.00 0.00 0
71741 0.00 0.00 0.00 0
71742 0.00 0.00 0.00 0
71743 0.00 0.00 0.00 0
71744 0.00 0.00 0.00 0
71745 0.00 0.00 0.00 0
71746 0.00 0.00 0.00 0
71747 0.00 0.00 0.00 0
71748 0.00 0.00 0.00 0
71749 0.00 0.00 0.00 0
71750 0.00 0.00 0.00 0
71751 0.00 0.00 0.00 0
71752 0.00 0.00 0.00 0
71758 0.00 0.00 0.00 0
71759 0.00 0.00 0.00 0
71760 0.00 0.00 0.00 0
71761 0.00 0.00 0.00 0
71762 0.00 0.00 0.00 0
71763 0.00 0.00 0.00 0
71764 0.00 0.00 0.00 0
71765 0.00 0.00 0.00 0
71766 0.00 0.00 0.00 0
71767 0.00 0.00 0.00 0
71768 0.00 0.00 0.00 0
71769 0.00 0.00 0.00 0
71770 0.00 0.00 0.00 0
71779 0.00 0.00 0.00 0
71780 0.00 0.00 0.00 0
71781 0.00 0.00 0.00 0
71782 0.00 0.00 0.00 0
71783 0.00 0.00 0.00 0
71784 0.00 0.00 0.00 0
71785 0.00 0.00 0.00 0
72915 0.00 0.00 0.00 0
72928 0.00 0.00 0.00 0
72929 0.00 0.00 0.00 0
72943 0.00 0.00 0.00 0
72944 0.00 0.00 0.00 0
72956 0.00 0.00 0.00 0
72957 0.00 0.00 0.00 0
72958 0.00 0.00 0.00 0
72959 0.00 0.00 0.00 0
72960 0.00 0.00 0.00 0
72961 0.00 0.00 0.00 0
72965 0.00 0.00 0.00 0
72966 0.00 0.00 0.00 0
72967 0.00 0.00 0.00 0
72968 0.00 0.00 0.00 0
72969 0.00 0.00 0.00 0
72970 0.00 0.00 0.00 0
72971 0.00 0.00 0.00 0
72972 0.00 0.00 0.00 0
72973 0.00 0.00 0.00 0
72974 0.00 0.00 0.00 0
72975 0.00 0.00 0.00 0
72976 0.00 0.00 0.00 0
72977 0.00 0.00 0.00 0
72978 0.00 0.00 0.00 0
72986 0.00 0.00 0.00 0
72987 0.00 0.00 0.00 0
72988 0.00 0.00 0.00 0
72989 0.00 0.00 0.00 0
72990 0.00 0.00 0.00 0
72991 0.00 0.00 0.00 0
72992 0.00 0.00 0.00 0
72993 0.00 0.00 0.00 0
72994 0.00 0.00 0.00 0
72995 0.00 0.00 0.00 0
72996 0.00 0.00 0.00 0
72997 0.00 0.00 0.00 0
72998 0.00 0.00 0.00 0
72999 0.00 0.00 0.00 0
73000 0.00 0.00 0.00 0
73001 0.00 0.00 0.00 0
73002 0.00 0.00 0.00 0
73013 0.00 0.00 0.00 0
73014 0.00 0.00 0.00 0
73015 0.00 0.00 0.00 0
73016 0.00 0.00 0.00 0
73017 0.00 0.00 0.00 0
73018 0.00 0.00 0.00 0
73019 0.00 0.00 0.00 0
73020 0.00 0.00 0.00 0
73021 0.00 0.00 0.00 0
73022 0.00 0.00 0.00 0
74174 0.00 0.00 0.00 0
74189 0.00 0.00 0.00 0
74190 0.00 0.00 0.00 0
74205 0.00 0.00 0.00 0
74206 0.00 0.00 0.00 0
74207 0.00 0.00 0.00 0
74208 0.00 0.00 0.00 0
74209 0.00 0.00 0.00 0
74216 0.00 0.00 0.00 0
74217 0.00 0.00 0.00 0
74218 0.00 0.00 0.00 0
74219 0.00 0.00 0.00 0
74220 0.00 0.00 0.00 0
74221 0.00 0.00 0.00 0
74230 0.00 0.00 0.00 0
74231 0.00 0.00 0.00 0
74232 0.00 0.00 0.00 0
74233 0.00 0.00 0.00 0
74234 0.00 0.00 0.00 0
74235 0.00 0.00 0.00 0
74236 0.00 0.00 0.00 0
74237 0.00 0.00 0.00 0
74238 0.00 0.00 0.00 0
74239 0.00 0.00 0.00 0
74240 0.00 0.00 0.00 0
74255 0.00 0.00 0.00 0
74256 0.00 0.00 0.00 0
74257 0.00 0.00 0.00 0
74258 0.00 0.00 0.00 0
74259 0.00 0.00 0.00 0
74260 0.00 0.00 0.00 0
74261 0.00 0.00 0.00 0
74262 0.00 0.00 0.00 0
74263 0.00 0.00 0.00 0
74264 0.00 0.00 0.00 0
74265 0.00 0.00 0.00 0
74266 0.00 0.00 0.00 0
74267 0.00 0.00 0.00 0
74282 0.00 0.00 0.00 0
75445 0.00 0.00 0.00 0
75458 0.00 0.00 0.00 0
75459 0.00 0.00 0.00 0
75477 0.00 0.00 0.00 0
75496 0.00 0.00 0.00 0
75497 0.00 0.00 0.00 0
75498 0.00 0.00 0.00 0
75499 0.00 0.00 0.00 0
75514 0.00 0.00 0.00 0
75515 0.00 0.00 0.00 0
75516 0.00 0.00 0.00 0
75517 0.00 0.00 0.00 0
75518 0.00 0.00 0.00 0
75519 0.00 0.00 0.00 0
75534 0.00 0.00 0.00 0
75535 0.00 0.00 0.00 0
75536 0.00 0.00 0.00 0
75537 0.00 0.00 0.00 0
75538 0.00 0.00 0.00 0
75539 0.00 0.00 0.00 0
75540 0.00 0.00 0.00 0
75541 0.00 0.00 0.00 0
75542 0.00 0.00 0.00 0
75543 0.00 0.00 0.00 0
75544 0.00 0.00 0.00 0
75545 0.00 0.00 0.00 0
75546 0.00 0.00 0.00 0
75547 0.00 0.00 0.00 0
75548 0.00 0.00 0.00 0
75549 0.00 0.00 0.00 0
75559 0.00 0.00 0.00 0
75560 0.00 0.00 0.00 0
75561 0.00 0.00 0.00 0
75562 0.00 0.00 0.00 0
75563 0.00 0.00 0.00 0
75564 0.00 0.00 0.00 0
75565 0.00 0.00 0.00 0
75566 0.00 0.00 0.00 0
75567 0.00 0.00 0.00 0
75568 0.00 0.00 0.00 0
75569 0.00 0.00 0.00 0
75570 0.00 0.00 0.00 0
75571 0.00 0.00 0.00 0
75572 0.00 0.00 0.00 0
75573 0.00 0.00 0.00 0
76745 0.00 0.00 0.00 0
76760 0.00 0.00 0.00 0
76783 0.00 0.00 0.00 0
76784 0.00 0.00 0.00 0
76785 0.00 0.00 0.00 0
76786 0.00 0.00 0.00 0
76806 0.00 0.00 0.00 0
76807 0.00 0.00 0.00 0
76815 0.00 0.00 0.00 0
76816 0.00 0.00 0.00 0
76818 0.00 0.00 0.00 0
76819 0.00 0.00 0.00 0
76820 0.00 0.00 0.00 0
76821 0.00 0.00 0.00 0
76822 0.00 0.00 0.00 0
76823 0.00 0.00 0.00 0
76824 0.00 0.00 0.00 0
76825 0.00 0.00 0.00 0
76826 0.00 0.00 0.00 0
76827 0.00 0.00 0.00 0
76828 0.00 0.00 0.00 0
76829 0.00 0.00 0.00 0
76830 0.00 0.00 0.00 0
76831 0.00 0.00 0.00 0
76832 0.00 0.00 0.00 0
76833 0.00 0.00 0.00 0
76834 0.00 0.00 0.00 0
76838 0.00 0.00 0.00 0
76839 0.00 0.00 0.00 0
76840 0.00 0.00 0.00 0
76841 0.00 0.00 0.00 0
76842 0.00 0.00 0.00 0
77978 0.00 0.00 0.00 0
77979 0.00 0.00 0.00 0
78006 0.00 0.00 0.00 0
78007 0.00 0.00 0.00 0
78008 0.00 0.00 0.00 0
78027 0.00 0.00 0.00 0
78028 0.00 0.00 0.00 0
78031 0.00 0.00 0.00 0
78032 0.00 0.00 0.00 0
78034 0.00 0.00 0.00 0
78035 0.00 0.00 0.00 0
78036 0.00 0.00 0.00 0
78037 0.00 0.00 0.00 0
78038 0.00 0.00 0.00 0
78039 0.00 0.00 0.00 0
78040 0.00 0.00 0.00 0
78041 0.00 0.00 0.00 0
78042 0.00 0.00 0.00 0
78043 0.00 0.00 0.00 0
78044 0.00 0.00 0.00 0
78045 0.00 0.00 0.00 0
78046 0.00 0.00 0.00 0
78047 0.00 0.00 0.00 0
78056 0.00 0.00 0.00 0
78057 0.00 0.00 0.00 0
78058 0.00 0.00 0.00 0
78059 0.00 0.00 0.00 0
78060 0.00 0.00 0.00 0
78061 0.00 0.00 0.00 0
79333 0.00 0.00 0.00 0
79356 0.00 0.00 0.00 0
79357 0.00 0.00 0.00 0
79376 0.00 0.00 0.00 0
79377 0.00 0.00 0.00 0
79385 0.00 0.00 0.00 0
79386 0.00 0.00 0.00 0
79396 0.00 0.00 0.00 0
79397 0.00 0.00 0.00 0
79398 0.00 0.00 0.00 0
79399 0.00 0.00 0.00 0
79400 0.00 0.00 0.00 0
79401 0.00 0.00 0.00 0
79402 0.00 0.00 0.00 0
79403 0.00 0.00 0.00 0
79404 0.00 0.00 0.00 0
79405 0.00 0.00 0.00 0
79406 0.00 0.00 0.00 0
79407 0.00 0.00 0.00 0
79408 0.00 0.00 0.00 0
79409 0.00 0.00 0.00 0
79410 0.00 0.00 0.00 0
79423 0.00 0.00 0.00 0
79424 0.00 0.00 0.00 0
79425 0.00 0.00 0.00 0
79426 0.00 0.00 0.00 0
79427 0.00 0.00 0.00 0
79428 0.00 0.00 0.00 0
79429 0.00 0.00 0.00 0
79430 0.00 0.00 0.00 0
79431 0.00 0.00 0.00 0
79432 0.00 0.00 0.00 0
79433 0.00 0.00 0.00 0
80721 0.00 0.00 0.00 0
80737 0.00 0.00 0.00 0
80738 0.00 0.00 0.00 0
80744 0.00 0.00 0.00 0
80749 0.00 0.00 0.00 0
80750 0.00 0.00 0.00 0
80751 0.00 0.00 0.00 0
80752 0.00 0.00 0.00 0
80753 0.00 0.00 0.00 0
80754 0.00 0.00 0.00 0
80755 0.00 0.00 0.00 0
80756 0.00 0.00 0.00 0
80757 0.00 0.00 0.00 0
80758 0.00 0.00 0.00 0
80759 0.00 0.00 0.00 0
80760 0.00 0.00 0.00 0
80761 0.00 0.00 0.00 0
80766 0.00 0.00 0.00 0
80767 0.00 0.00 0.00 0
80768 0.00 0.00 0.00 0
80769 0.00 0.00 0.00 0
80770 0.00 0.00 0.00 0
80771 0.00 0.00 0.00 0
80772 0.00 0.00 0.00 0
80773 0.00 0.00 0.00 0
80774 0.00 0.00 0.00 0
80775 0.00 0.00 0.00 0
82029 0.00 0.00 0.00 0
82042 0.00 0.00 0.00 0
82043 0.00 0.00 0.00 0
82046 0.00 0.00 0.00 0
82047 0.00 0.00 0.00 0
82050 0.00 0.00 0.00 0
82051 0.00 0.00 0.00 0
82052 0.00 0.00 0.00 0
82053 0.00 0.00 0.00 0
82054 0.00 0.00 0.00 0
82055 0.00 0.00 0.00 0
82056 0.00 0.00 0.00 0
82057 0.00 0.00 0.00 0
82058 0.00 0.00 0.00 0
82059 0.00 0.00 0.00 0
82060 0.00 0.00 0.00 0
82061 0.00 0.00 0.00 0
82062 0.00 0.00 0.00 0
82065 0.00 0.00 0.00 0
82066 0.00 0.00 0.00 0
82067 0.00 0.00 0.00 0
82068 0.00 0.00 0.00 0
82069 0.00 0.00 0.00 0
82070 0.00 0.00 0.00 0
82071 0.00 0.00 0.00 0
82072 0.00 0.00 0.00 0
82073 0.00 0.00 0.00 0
82074 0.00 0.00 0.00 0
82075 0.00 0.00 0.00 0
82076 0.00 0.00 0.00 0
82077 0.00 0.00 0.00 0
83218 0.00 0.00 0.00 0
83219 0.00 0.00 0.00 0
83234 0.00 0.00 0.00 0
83235 0.00 0.00 0.00 0
83238 0.00 0.00 0.00 0
83239 0.00 0.00 0.00 0
83242 0.00 0.00 0.00 0
83243 0.00 0.00 0.00 0
83244 0.00 0.00 0.00 0
83245 0.00 0.00 0.00 0
83246 0.00 0.00 0.00 0
83247 0.00 0.00 0.00 0
83248 0.00 0.00 0.00 0
83249 0.00 0.00 0.00 0
83250 0.00 0.00 0.00 0
83251 0.00 0.00 0.00 0
83252 0.00 0.00 0.00 0
83256 0.00 0.00 0.00 0
83257 0.00 0.00 0.00 0
83258 0.00 0.00 0.00 0
83259 0.00 0.00 0.00 0
83260 0.00 0.00 0.00 0
83261 0.00 0.00 0.00 0
83262 0.00 0.00 0.00 0
83263 0.00 0.00 0.00 0
83264 0.00 0.00 0.00 0
83265 0.00 0.00 0.00 0
83266 0.00 0.00 0.00 0
83267 0.00 0.00 0.00 0
83268 0.00 0.00 0.00 0
84449 0.00 0.00 0.00 0
84474 0.00 0.00 0.00 0
84475 0.00 0.00 0.00 0
84493 0.00 0.00 0.00 0
84494 0.00 0.00 0.00 0
84498 0.00 0.00 0.00 0
84501 0.00 0.00 0.00 0
84502 0.00 0.00 0.00 0
84503 0.00 0.00 0.00 0
84504 0.00 0.00 0.00 0
84505 0.00 0.00 0.00 0
84506 0.00 0.00 0.00 0
84507 0.00 0.00 0.00 0
84508 0.00 0.00 0.00 0
84509 0.00 0.00 0.00 0
84510 0.00 0.00 0.00 0
84511 0.00 0.00 0.00 0
84512 0.00 0.00 0.00 0
84516 0.00 0.00 0.00 0
84517 0.00 0.00 0.00 0
84518 0.00 0.00 0.00 0
84519 0.00 0.00 0.00 0
84520 0.00 0.00 0.00 0
84521 0.00 0.00 0.00 0
84522 0.00 0.00 0.00 0
84523 0.00 0.00 0.00 0
84524 0.00 0.00 0.00 0
84525 0.00 0.00 0.00 0
84526 0.00 0.00 0.00 0
84527 0.00 0.00 0.00 0
84528 0.00 0.00 0.00 0
84534 0.00 0.00 0.00 0
84535 0.00 0.00 0.00 0
85652 0.00 0.00 0.00 0
85671 0.00 0.00 0.00 0
85675 0.00 0.00 0.00 0
85679 0.00 0.00 0.00 0
85680 0.00 0.00 0.00 0
85681 0.00 0.00 0.00 0
85682 0.00 0.00 0.00 0
85683 0.00 0.00 0.00 0
85684 0.00 0.00 0.00 0
85685 0.00 0.00 0.00 0
85686 0.00 0.00 0.00 0
85687 0.00 0.00 0.00 0
85688 0.00 0.00 0.00 0
85689 0.00 0.00 0.00 0
85690 0.00 0.00 0.00 0
85694 0.00 0.00 0.00 0
85695 0.00 0.00 0.00 0
85696 0.00 0.00 0.00 0
85697 0.00 0.00 0.00 0
85698 0.00 0.00 0.00 0
85699 0.00 0.00 0.00 0
85700 0.00 0.00 0.00 0
85701 0.00 0.00 0.00 0
85702 0.00 0.00 0.00 0
85703 0.00 0.00 0.00 0
85704 0.00 0.00 0.00 0
85705 0.00 0.00 0.00 0
85706 0.00 0.00 0.00 0
85707 0.00 0.00 0.00 0
85713 0.00 0.00 0.00 0
85714 0.00 0.00 0.00 0
85715 0.00 0.00 0.00 0
85716 0.00 0.00 0.00 0
86853 0.00 0.00 0.00 0
86854 0.00 0.00 0.00 0
86877 0.00 0.00 0.00 0
86878 0.00 0.00 0.00 0
86882 0.00 0.00 0.00 0
86885 0.00 0.00 0.00 0
86886 0.00 0.00 0.00 0
86887 0.00 0.00 0.00 0
86888 0.00 0.00 0.00 0
86889 0.00 0.00 0.00 0
86890 0.00 0.00 0.00 0
86891 0.00 0.00 0.00 0
86892 0.00 0.00 0.00 0
86893 0.00 0.00 0.00 0
86894 0.00 0.00 0.00 0
86900 0.00 0.00 0.00 0
86901 0.00 0.00 0.00 0
86902 0.00 0.00 0.00 0
86903 0.00 0.00 0.00 0
86904 0.00 0.00 0.00 0
86905 0.00 0.00 0.00 0
86906 0.00 0.00 0.00 0
86907 0.00 0.00 0.00 0
86908 0.00 0.00 0.00 0
86909 0.00 0.00 0.00 0
86910 0.00 0.00 0.00 0
86911 0.00 0.00 0.00 0
86912 0.00 0.00 0.00 0
86923 0.00 0.00 0.00 0
86924 0.00 0.00 0.00 0
86925 0.00 0.00 0.00 0
86926 0.00 0.00 0.00 0
86927 0.00 0.00 0.00 0
86928 0.00 0.00 0.00 0
88073 0.00 0.00 0.00 0
88079 0.00 0.00 0.00 0
88085 0.00 0.00 0.00 0
88086 0.00 0.00 0.00 0
88087 0.00 0.00 0.00 0
88088 0.00 0.00 0.00 0
88089 0.00 0.00 0.00 0
88090 0.00 0.00 0.00 0
88102 0.00 0.00 0.00 0
88103 0.00 0.00 0.00 0
88104 0.00 0.00 0.00 0
88105 0.00 0.00 0.00 0
88106 0.00 0.00 0.00 0
88107 0.00 0.00 0.00 0
88108 0.00 0.00 0.00 0
88109 0.00 0.00 0.00 0
88110 0.00 0.00 0.00 0
88111 0.00 0.00 0.00 0
88112 0.00 0.00 0.00 0
88113 0.00 0.00 0.00 0
88124 0.00 0.00 0.00 0
88125 0.00 0.00 0.00 0
88126 0.00 0.00 0.00 0
88127 0.00 0.00 0.00 0
88128 0.00 0.00 0.00 0
88129 0.00 0.00 0.00 0
89257 0.00 0.00 0.00 0
89272 0.00 0.00 0.00 0
89273 0.00 0.00 0.00 0
89274 0.00 0.00 0.00 0
89275 0.00 0.00 0.00 0
89276 0.00 0.00 0.00 0
89277 0.00 0.00 0.00 0
89295 0.00 0.00 0.00 0
89296 0.00 0.00 0.00 0
89297 0.00 0.00 0.00 0
89298 0.00 0.00 0.00 0
89299 0.00 0.00 0.00 0
89300 0.00 0.00 0.00 0
89301 0.00 0.00 0.00 0
89302 0.00 0.00 0.00 0
89303 0.00 0.00 0.00 0
89304 0.00 0.00 0.00 0
89305 0.00 0.00 0.00 0
89319 0.00 0.00 0.00 0
89320 0.00 0.00 0.00 0
89321 0.00 0.00 0.00 0
89322 0.00 0.00 0.00 0
89323 0.00 0.00 0.00 0
90497 0.00 0.00 0.00 0
90515 0.00 0.00 0.00 0
90516 0.00 0.00 0.00 0
90529 0.00 0.00 0.00 0
90530 0.00 0.00 0.00 0
90531 0.00 0.00 0.00 0
90532 0.00 0.00 0.00 0
90533 0.00 0.00 0.00 0
90534 0.00 0.00 0.00 0
90535 0.00 0.00 0.00 0
90536 0.00 0.00 0.00 0
90546 0.00 0.00 0.00 0
90547 0.00 0.00 0.00 0
90548 0.00 0.00 0.00 0
90549 0.00 0.00 0.00 0
90550 0.00 0.00 0.00 0
90551 0.00 0.00 0.00 0
90552 0.00 0.00 0.00 0
90553 0.00 0.00 0.00 0
90554 0.00 0.00 0.00 0
90555 0.00 0.00 0.00 0
90556 0.00 0.00 0.00 0
90566 0.00 0.00 0.00 0
90567 0.00 0.00 0.00 0
90568 0.00 0.00 0.00 0
90569 0.00 0.00 0.00 0
90570 0.00 0.00 0.00 0
90571 0.00 0.00 0.00 0
90582 0.00 0.00 0.00 0
90583 0.00 0.00 0.00 0
90584 0.00 0.00 0.00 0
90585 0.00 0.00 0.00 0
91850 0.00 0.00 0.00 0
91851 0.00 0.00 0.00 0
91852 0.00 0.00 0.00 0
91854 0.00 0.00 0.00 0
91863 0.00 0.00 0.00 0
91864 0.00 0.00 0.00 0
91865 0.00 0.00 0.00 0
91866 0.00 0.00 0.00 0
91867 0.00 0.00 0.00 0
91868 0.00 0.00 0.00 0
91869 0.00 0.00 0.00 0
91873 0.00 0.00 0.00 0
91874 0.00 0.00 0.00 0
91875 0.00 0.00 0.00 0
91876 0.00 0.00 0.00 0
91877 0.00 0.00 0.00 0
91878 0.00 0.00 0.00 0
91879 0.00 0.00 0.00 0
91880 0.00 0.00 0.00 0
91885 0.00 0.00 0.00 0
91886 0.00 0.00 0.00 0
91887 0.00 0.00 0.00 0
91888 0.00 0.00 0.00 0
91889 0.00 0.00 0.00 0
91895 0.00 0.00 0.00 0
91896 0.00 0.00 0.00 0
91897 0.00 0.00 0.00 0
91898 0.00 0.00 0.00 0
91899 0.00 0.00 0.00 0
93023 0.00 0.00 0.00 0
93024 0.00 0.00 0.00 0
93025 0.00 0.00 0.00 0
93035 0.00 0.00 0.00 0
93036 0.00 0.00 0.00 0
93037 0.00 0.00 0.00 0
93038 0.00 0.00 0.00 0
93039 0.00 0.00 0.00 0
93040 0.00 0.00 0.00 0
93043 0.00 0.00 0.00 0
93044 0.00 0.00 0.00 0
93045 0.00 0.00 0.00 0
93046 0.00 0.00 0.00 0
93047 0.00 0.00 0.00 0
93048 0.00 0.00 0.00 0
93049 0.00 0.00 0.00 0
93054 0.00 0.00 0.00 0
93055 0.00 0.00 0.00 0
93056 0.00 0.00 0.00 0
93057 0.00 0.00 0.00 0
93058 0.00 0.00 0.00 0
93067 0.00 0.00 0.00 0
93068 0.00 0.00 0.00 0
93069 0.00 0.00 0.00 0
93070 0.00 0.00 0.00 0
93071 0.00 0.00 0.00 0
93072 0.00 0.00 0.00 0
93073 0.00 0.00 0.00 0
93084 0.00 0.00 0.00 0
93085 0.00 0.00 0.00 0
94168 0.00 0.00 0.00 0
94169 0.00 0.00 0.00 0
94170 0.00 0.00 0.00 0
94183 0.00 0.00 0.00 0
94184 0.00 0.00 0.00 0
94185 0.00 0.00 0.00 0
94186 0.00 0.00 0.00 0
94187 0.00 0.00 0.00 0
94188 0.00 0.00 0.00 0
94189 0.00 0.00 0.00 0
94192 0.00 0.00 0.00 0
94193 0.00 0.00 0.00 0
94194 0.00 0.00 0.00 0
94195 0.00 0.00 0.00 0
94196 0.00 0.00 0.00 0
94197 0.00 0.00 0.00 0
94198 0.00 0.00 0.00 0
94203 0.00 0.00 0.00 0
94204 0.00 0.00 0.00 0
94205 0.00 0.00 0.00 0
94217 0.00 0.00 0.00 0
94218 0.00 0.00 0.00 0
94219 0.00 0.00 0.00 0
94220 0.00 0.00 0.00 0
94221 0.00 0.00 0.00 0
94222 0.00 0.00 0.00 0
94223 0.00 0.00 0.00 0
94224 0.00 0.00 0.00 0
94235 0.00 0.00 0.00 0
94236 0.00 0.00 0.00 0
94237 0.00 0.00 0.00 0
94238 0.00 0.00 0.00 0
95306 0.00 0.00 0.00 0
95307 0.00 0.00 0.00 0
95308 0.00 0.00 0.00 0
95309 0.00 0.00 0.00 0
95310 0.00 0.00 0.00 0
95312 0.00 0.00 0.00 0
95316 0.00 0.00 0.00 0
95317 0.00 0.00 0.00 0
95318 0.00 0.00 0.00 0
95319 0.00 0.00 0.00 0
95320 0.00 0.00 0.00 0
95321 0.00 0.00 0.00 0
95322 0.00 0.00 0.00 0
95323 0.00 0.00 0.00 0
95329 0.00 0.00 0.00 0
95330 0.00 0.00 0.00 0
95331 0.00 0.00 0.00 0
95332 0.00 0.00 0.00 0
95333 0.00 0.00 0.00 0
95345 0.00 0.00 0.00 0
95346 0.00 0.00 0.00 0
95347 0.00 0.00 0.00 0
95348 0.00 0.00 0.00 0
95349 0.00 0.00 0.00 0
95350 0.00 0.00 0.00 0
95363 0.00 0.00 0.00 0
95364 0.00 0.00 0.00 0
95365 0.00 0.00 0.00 0
95366 0.00 0.00 0.00 0
95367 0.00 0.00 0.00 0
95368 0.00 0.00 0.00 0
96424 0.00 0.00 0.00 0
96425 0.00 0.00 0.00 0
96426 0.00 0.00 0.00 0
96434 0.00 0.00 0.00 0
96438 0.00 0.00 0.00 0
96439 0.00 0.00 0.00 0
96440 0.00 0.00 0.00 0
96441 0.00 0.00 0.00 0
96442 0.00 0.00 0.00 0
96450 0.00 0.00 0.00 0
96451 0.00 0.00 0.00 0
96452 0.00 0.00 0.00 0
96453 0.00 0.00 0.00 0
96454 0.00 0.00 0.00 0
96465 0.00 0.00 0.00 0
96466 0.00 0.00 0.00 0
96467 0.00 0.00 0.00 0
96468 0.00 0.00 0.00 0
96469 0.00 0.00 0.00 0
96470 0.00 0.00 0.00 0
96481 0.00 0.00 0.00 0
96482 0.00 0.00 0.00 0
96483 0.00 0.00 0.00 0
96484 0.00 0.00 0.00 0
96485 0.00 0.00 0.00 0
96486 0.00 0.00 0.00 0
96487 0.00 0.00 0.00 0
97487 0.00 0.00 0.00 0
97488 0.00 0.00 0.00 0
97489 0.00 0.00 0.00 0
97503 0.00 0.00 0.00 0
97504 0.00 0.00 0.00 0
97505 0.00 0.00 0.00 0
97506 0.00 0.00 0.00 0
97507 0.00 0.00 0.00 0
97516 0.00 0.00 0.00 0
97517 0.00 0.00 0.00 0
97518 0.00 0.00 0.00 0
97519 0.00 0.00 0.00 0
97520 0.00 0.00 0.00 0
97530 0.00 0.00 0.00 0
97531 0.00 0.00 0.00 0
97532 0.00 0.00 0.00 0
97533 0.00 0.00 0.00 0
97534 0.00 0.00 0.00 0
97535 0.00 0.00 0.00 0
97544 0.00 0.00 0.00 0
97545 0.00 0.00 0.00 0
97546 0.00 0.00 0.00 0
97547 0.00 0.00 0.00 0
97548 0.00 0.00 0.00 0
97549 0.00 0.00 0.00 0
97550 0.00 0.00 0.00 0
97551 0.00 0.00 0.00 0
97565 0.00 0.00 0.00 0
97566 0.00 0.00 0.00 0
97567 0.00 0.00 0.00 0
98503 0.00 0.00 0.00 0
98504 0.00 0.00 0.00 0
98505 0.00 0.00 0.00 0
98528 0.00 0.00 0.00 0
98529 0.00 0.00 0.00 0
98530 0.00 0.00 0.00 0
98531 0.00 0.00 0.00 0
98544 0.00 0.00 0.00 0
98545 0.00 0.00 0.00 0
98546 0.00 0.00 0.00 0
98547 0.00 0.00 0.00 0
98556 0.00 0.00 0.00 0
98557 0.00 0.00 0.00 0
98558 0.00 0.00 0.00 0
98559 0.00 0.00 0.00 0
98560 0.00 0.00 0.00 0
98568 0.00 0.00 0.00 0
98569 0.00 0.00 0.00 0
98570 0.00 0.00 0.00 0
98571 0.00 0.00 0.00 0
98572 0.00 0.00 0.00 0
98573 0.00 0.00 0.00 0
98574 0.00 0.00 0.00 0
98575 0.00 0.00 0.00 0
98587 0.00 0.00 0.00 0
98588 0.00 0.00 0.00 0
98589 0.00 0.00 0.00 0
98590 0.00 0.00 0.00 0
99582 0.00 0.00 0.00 0
99607 0.00 0.00 0.00 0
99608 0.00 0.00 0.00 0
99609 0.00 0.00 0.00 0
99610 0.00 0.00 0.00 0
99622 0.00 0.00 0.00 0
99623 0.00 0.00 0.00 0
99624 0.00 0.00 0.00 0
99625 0.00 0.00 0.00 0
99636 0.00 0.00 0.00 0
99637 0.00 0.00 0.00 0
99638 0.00 0.00 0.00 0
99639 0.00 0.00 0.00 0
99640 0.00 0.00 0.00 0
99648 0.00 0.00 0.00 0
99649 0.00 0.00 0.00 0
99650 0.00 0.00 0.00 0
99651 0.00 0.00 0.00 0
99652 0.00 0.00 0.00 0
99653 0.00 0.00 0.00 0
99654 0.00 0.00 0.00 0
99655 0.00 0.00 0.00 0
99656 0.00 0.00 0.00 0
99668 0.00 0.00 0.00 0
99669 0.00 0.00 0.00 0
99670 0.00 0.00 0.00 0
99671 0.00 0.00 0.00 0
99672 0.00 0.00 0.00 0
100643 0.00 0.00 0.00 0
100654 0.00 0.00 0.00 0
100655 0.00 0.00 0.00 0
100656 0.00 0.00 0.00 0
100665 0.00 0.00 0.00 0
100666 0.00 0.00 0.00 0
100667 0.00 0.00 0.00 0
100668 0.00 0.00 0.00 0
100676 0.00 0.00 0.00 0
100677 0.00 0.00 0.00 0
100678 0.00 0.00 0.00 0
100679 0.00 0.00 0.00 0
100680 0.00 0.00 0.00 0
100681 0.00 0.00 0.00 0
100682 0.00 0.00 0.00 0
100683 0.00 0.00 0.00 0
100684 0.00 0.00 0.00 0
100685 0.00 0.00 0.00 0
100696 0.00 0.00 0.00 0
100697 0.00 0.00 0.00 0
100698 0.00 0.00 0.00 0
100699 0.00 0.00 0.00 0
100700 0.00 0.00 0.00 0
100713 0.00 0.00 0.00 0
100714 0.00 0.00 0.00 0
100715 0.00 0.00 0.00 0
101733 0.00 0.00 0.00 0
101743 0.00 0.00 0.00 0
101744 0.00 0.00 0.00 0
101745 0.00 0.00 0.00 0
101746 0.00 0.00 0.00 0
101747 0.00 0.00 0.00 0
101748 0.00 0.00 0.00 0
101759 0.00 0.00 0.00 0
101760 0.00 0.00 0.00 0
101761 0.00 0.00 0.00 0
101762 0.00 0.00 0.00 0
101777 0.00 0.00 0.00 0
101778 0.00 0.00 0.00 0
101779 0.00 0.00 0.00 0
101780 0.00 0.00 0.00 0
102896 0.00 0.00 0.00 0
102897 0.00 0.00 0.00 0
102898 0.00 0.00 0.00 0
102910 0.00 0.00 0.00 0
102911 0.00 0.00 0.00 0
102912 0.00 0.00 0.00 0
102923 0.00 0.00 0.00 0
102924 0.00 0.00 0.00 0
102925 0.00 0.00 0.00 0
104057 0.00 0.00 0.00 0
104058 0.00 0.00 0.00 0
104059 0.00 0.00 0.00 0
104072 0.00 0.00 0.00 0
104073 0.00 0.00 0.00 0
104083 0.00 0.00 0.00 0
105140 0.00 0.00 0.00 0
105141 0.00 0.00 0.00 0
