# paracentral
2728
24175 0.00 0.00 0.00 0
24176 0.00 0.00 0.00 0
24177 0.00 0.00 0.00 0
24178 0.00 0.00 0.00 0
24179 0.00 0.00 0.00 0
24180 0.00 0.00 0.00 0
24181 0.00 0.00 0.00 0
24185 0.00 0.00 0.00 0
24186 0.00 0.00 0.00 0
24187 0.00 0.00 0.00 0
24188 0.00 0.00 0.00 0
24189 0.00 0.00 0.00 0
24190 0.00 0.00 0.00 0
24195 0.00 0.00 0.00 0
24196 0.00 0.00 0.00 0
24197 0.00 0.00 0.00 0
24198 0.00 0.00 0.00 0
24199 0.00 0.00 0.00 0
24203 0.00 0.00 0.00 0
24204 0.00 0.00 0.00 0
25575 0.00 0.00 0.00 0
25576 0.00 0.00 0.00 0
25577 0.00 0.00 0.00 0
25578 0.00 0.00 0.00 0
25585 0.00 0.00 0.00 0
25586 0.00 0.00 0.00 0
25587 0.00 0.00 0.00 0
25588 0.00 0.00 0.00 0
25589 0.00 0.00 0.00 0
25596 0.00 0.00 0.00 0
25597 0.00 0.00 0.00 0
25598 0.00 0.00 0.00 0
25599 0.00 0.00 0.00 0
25600 0.00 0.00 0.00 0
25601 0.00 0.00 0.00 0
25602 0.00 0.00 0.00 0
25603 0.00 0.00 0.00 0
25604 0.00 0.00 0.00 0
25607 0.00 0.00 0.00 0
25608 0.00 0.00 0.00 0
25609 0.00 0.00 0.00 0
25610 0.00 0.00 0.00 0
25611 0.00 0.00 0.00 0
25612 0.00 0.00 0.00 0
25613 0.00 0.00 0.00 0
25617 0.00 0.00 0.00 0
25618 0.00 0.00 0.00 0
25619 0.00 0.00 0.00 0
25620 0.00 0.00 0.00 0
25621 0.00 0.00 0.00 0
26988 0.00 0.00 0.00 0
26994 0.00 0.00 0.00 0
26995 0.00 0.00 0.00 0
26996 0.00 0.00 0.00 0
27003 0.00 0.00 0.00 0
27004 0.00 0.00 0.00 0
27005 0.00 0.00 0.00 0
27006 0.00 0.00 0.00 0
27008 0.00 0.00 0.00 0
27009 0.00 0.00 0.00 0
27012 0.00 0.00 0.00 0
27013 0.00 0.00 0.00 0
27014 0.00 0.00 0.00 0
27015 0.00 0.00 0.00 0
27016 0.00 0.00 0.00 0
27017 0.00 0.00 0.00 0
27018 0.00 0.00 0.00 0
27021 0.00 0.00 0.00 0
27022 0.00 0.00 0.00 0
27023 0.00 0.00 0.00 0
27024 0.00 0.00 0.00 0
27025 0.00 0.00 0.00 0
27026 0.00 0.00 0.00 0
27027 0.00 0.00 0.00 0
27028 0.00 0.00 0.00 0
27033 0.00 0.00 0.00 0
27034 0.00 0.00 0.00 0
27035 0.00 0.00 0.00 0
27036 0.00 0.00 0.00 0
27037 0.00 0.00 0.00 0
28320 0.00 0.00 0.00 0
28322 0.00 0.00 0.00 0
28323 0.00 0.00 0.00 0
28324 0.00 0.00 0.00 0
28330 0.00 0.00 0.00 0
28331 0.00 0.00 0.00 0
28332 0.00 0.00 0.00 0
28333 0.00 0.00 0.00 0
28334 0.00 0.00 0.00 0
28335 0.00 0.00 0.00 0
28341 0.00 0.00 0.00 0
28342 0.00 0.00 0.00 0
28343 0.00 0.00 0.00 0
28344 0.00 0.00 0.00 0
28345 0.00 0.00 0.00 0
28346 0.00 0.00 0.00 0
28347 0.00 0.00 0.00 0
28348 0.00 0.00 0.00 0
28349 0.00 0.00 0.00 0
28355 0.00 0.00 0.00 0
28356 0.00 0.00 0.00 0
28357 0.00 0.00 0.00 0
28358 0.00 0.00 0.00 0
28359 0.00 0.00 0.00 0
28360 0.00 0.00 0.00 0
28361 0.00 0.00 0.00 0
28362 0.00 0.00 0.00 0
28363 0.00 0.00 0.00 0
28366 0.00 0.00 0.00 0
28367 0.00 0.00 0.00 0
28368 0.00 0.00 0.00 0
28369 0.00 0.00 0.00 0
28370 0.00 0.00 0.00 0
28371 0.00 0.00 0.00 0
28372 0.00 0.00 0.00 0
28373 0.00 0.00 0.00 0
28377 0.00 0.00 0.00 0
28378 0.00 0.00 0.00 0
28379 0.00 0.00 0.00 0
28380 0.00 0.00 0.00 0
29697 0.00 0.00 0.00 0
29698 0.00 0.00 0.00 0
29700 0.00 0.00 0.00 0
29710 0.00 0.00 0.00 0
29711 0.00 0.00 0.00 0
29712 0.00 0.00 0.00 0
29713 0.00 0.00 0.00 0
29714 0.00 0.00 0.00 0
29715 0.00 0.00 0.00 0
29726 0.00 0.00 0.00 0
29727 0.00 0.00 0.00 0
29728 0.00 0.00 0.00 0
29729 0.00 0.00 0.00 0
29730 0.00 0.00 0.00 0
29731 0.00 0.00 0.00 0
29742 0.00 0.00 0.00 0
29743 0.00 0.00 0.00 0
29744 0.00 0.00 0.00 0
29745 0.00 0.00 0.00 0
29746 0.00 0.00 0.00 0
29747 0.00 0.00 0.00 0
29748 0.00 0.00 0.00 0
29749 0.00 0.00 0.00 0
29750 0.00 0.00 0.00 0
29758 0.00 0.00 0.00 0
29759 0.00 0.00 0.00 0
29760 0.00 0.00 0.00 0
29761 0.00 0.00 0.00 0
29762 0.00 0.00 0.00 0
29763 0.00 0.00 0.00 0
29764 0.00 0.00 0.00 0
29765 0.00 0.00 0.00 0
29766 0.00 0.00 0.00 0
29767 0.00 0.00 0.00 0
29768 0.00 0.00 0.00 0
29771 0.00 0.00 0.00 0
29772 0.00 0.00 0.00 0
29773 0.00 0.00 0.00 0
29774 0.00 0.00 0.00 0
29775 0.00 0.00 0.00 0
31042 0.00 0.00 0.00 0
31043 0.00 0.00 0.00 0
31055 0.00 0.00 0.00 0
31067 0.00 0.00 0.00 0
31068 0.00 0.00 0.00 0
31075 0.00 0.00 0.00 0
31076 0.00 0.00 0.00 0
31087 0.00 0.00 0.00 0
31101 0.00 0.00 0.00 0
31102 0.00 0.00 0.00 0
31103 0.00 0.00 0.00 0
31104 0.00 0.00 0.00 0
31105 0.00 0.00 0.00 0
31106 0.00 0.00 0.00 0
31107 0.00 0.00 0.00 0
31108 0.00 0.00 0.00 0
31109 0.00 0.00 0.00 0
31110 0.00 0.00 0.00 0
31123 0.00 0.00 0.00 0
31124 0.00 0.00 0.00 0
31125 0.00 0.00 0.00 0
31126 0.00 0.00 0.00 0
31127 0.00 0.00 0.00 0
31128 0.00 0.00 0.00 0
31129 0.00 0.00 0.00 0
31130 0.00 0.00 0.00 0
31131 0.00 0.00 0.00 0
31132 0.00 0.00 0.00 0
31133 0.00 0.00 0.00 0
31144 0.00 0.00 0.00 0
31145 0.00 0.00 0.00 0
31146 0.00 0.00 0.00 0
31147 0.00 0.00 0.00 0
31148 0.00 0.00 0.00 0
31149 0.00 0.00 0.00 0
31150 0.00 0.00 0.00 0
32376 0.00 0.00 0.00 0
32377 0.00 0.00 0.00 0
32398 0.00 0.00 0.00 0
32416 0.00 0.00 0.00 0
32423 0.00 0.00 0.00 0
32424 0.00 0.00 0.00 0
32425 0.00 0.00 0.00 0
32433 0.00 0.00 0.00 0
32434 0.00 0.00 0.00 0
32442 0.00 0.00 0.00 0
32443 0.00 0.00 0.00 0
32454 0.00 0.00 0.00 0
32455 0.00 0.00 0.00 0
32456 0.00 0.00 0.00 0
32457 0.00 0.00 0.00 0
32458 0.00 0.00 0.00 0
32459 0.00 0.00 0.00 0
32474 0.00 0.00 0.00 0
32475 0.00 0.00 0.00 0
32476 0.00 0.00 0.00 0
32477 0.00 0.00 0.00 0
32478 0.00 0.00 0.00 0
32479 0.00 0.00 0.00 0
32480 0.00 0.00 0.00 0
32481 0.00 0.00 0.00 0
32482 0.00 0.00 0.00 0
32483 0.00 0.00 0.00 0
32484 0.00 0.00 0.00 0
32495 0.00 0.00 0.00 0
32496 0.00 0.00 0.00 0
32497 0.00 0.00 0.00 0
32498 0.00 0.00 0.00 0
32499 0.00 0.00 0.00 0
32500 0.00 0.00 0.00 0
32501 0.00 0.00 0.00 0
32502 0.00 0.00 0.00 0
32503 0.00 0.00 0.00 0
32504 0.00 0.00 0.00 0
32584 0.00 0.00 0.00 0
33761 0.00 0.00 0.00 0
33762 0.00 0.00 0.00 0
33767 0.00 0.00 0.00 0
33768 0.00 0.00 0.00 0
33769 0.00 0.00 0.00 0
33770 0.00 0.00 0.00 0
33775 0.00 0.00 0.00 0
33776 0.00 0.00 0.00 0
33777 0.00 0.00 0.00 0
33778 0.00 0.00 0.00 0
33796 0.00 0.00 0.00 0
33797 0.00 0.00 0.00 0
33820 0.00 0.00 0.00 0
33821 0.00 0.00 0.00 0
33822 0.00 0.00 0.00 0
33839 0.00 0.00 0.00 0
33840 0.00 0.00 0.00 0
33841 0.00 0.00 0.00 0
33851 0.00 0.00 0.00 0
33852 0.00 0.00 0.00 0
33858 0.00 0.00 0.00 0
33859 0.00 0.00 0.00 0
33866 0.00 0.00 0.00 0
33867 0.00 0.00 0.00 0
33877 0.00 0.00 0.00 0
33878 0.00 0.00 0.00 0
33879 0.00 0.00 0.00 0
33880 0.00 0.00 0.00 0
33894 0.00 0.00 0.00 0
33895 0.00 0.00 0.00 0
33896 0.00 0.00 0.00 0
33897 0.00 0.00 0.00 0
33898 0.00 0.00 0.00 0
33899 0.00 0.00 0.00 0
33900 0.00 0.00 0.00 0
33901 0.00 0.00 0.00 0
33902 0.00 0.00 0.00 0
33903 0.00 0.00 0.00 0
33904 0.00 0.00 0.00 0
33914 0.00 0.00 0.00 0
33915 0.00 0.00 0.00 0
33916 0.00 0.00 0.00 0
33917 0.00 0.00 0.00 0
33921 0.00 0.00 0.00 0
33922 0.00 0.00 0.00 0
33927 0.00 0.00 0.00 0
33928 0.00 0.00 0.00 0
33933 0.00 0.00 0.00 0
33939 0.00 0.00 0.00 0
33949 0.00 0.00 0.00 0
33959 0.00 0.00 0.00 0
33960 0.00 0.00 0.00 0
33985 0.00 0.00 0.00 0
33986 0.00 0.00 0.00 0
34014 0.00 0.00 0.00 0
35159 0.00 0.00 0.00 0
35160 0.00 0.00 0.00 0
35166 0.00 0.00 0.00 0
35167 0.00 0.00 0.00 0
35168 0.00 0.00 0.00 0
35169 0.00 0.00 0.00 0
35175 0.00 0.00 0.00 0
35176 0.00 0.00 0.00 0
35177 0.00 0.00 0.00 0
35182 0.00 0.00 0.00 0
35195 0.00 0.00 0.00 0
35196 0.00 0.00 0.00 0
35218 0.00 0.00 0.00 0
35219 0.00 0.00 0.00 0
35220 0.00 0.00 0.00 0
35241 0.00 0.00 0.00 0
35259 0.00 0.00 0.00 0
35260 0.00 0.00 0.00 0
35273 0.00 0.00 0.00 0
35274 0.00 0.00 0.00 0
35284 0.00 0.00 0.00 0
35285 0.00 0.00 0.00 0
35286 0.00 0.00 0.00 0
35294 0.00 0.00 0.00 0
35295 0.00 0.00 0.00 0
35306 0.00 0.00 0.00 0
35307 0.00 0.00 0.00 0
35308 0.00 0.00 0.00 0
35309 0.00 0.00 0.00 0
35310 0.00 0.00 0.00 0
35311 0.00 0.00 0.00 0
35312 0.00 0.00 0.00 0
35313 0.00 0.00 0.00 0
35327 0.00 0.00 0.00 0
35328 0.00 0.00 0.00 0
35329 0.00 0.00 0.00 0
35330 0.00 0.00 0.00 0
35331 0.00 0.00 0.00 0
35332 0.00 0.00 0.00 0
35333 0.00 0.00 0.00 0
35334 0.00 0.00 0.00 0
35335 0.00 0.00 0.00 0
35336 0.00 0.00 0.00 0
35351 0.00 0.00 0.00 0
35352 0.00 0.00 0.00 0
35365 0.00 0.00 0.00 0
35366 0.00 0.00 0.00 0
35372 0.00 0.00 0.00 0
35373 0.00 0.00 0.00 0
35378 0.00 0.00 0.00 0
35379 0.00 0.00 0.00 0
35388 0.00 0.00 0.00 0
35389 0.00 0.00 0.00 0
35400 0.00 0.00 0.00 0
35401 0.00 0.00 0.00 0
35415 0.00 0.00 0.00 0
35416 0.00 0.00 0.00 0
35439 0.00 0.00 0.00 0
35461 0.00 0.00 0.00 0
35462 0.00 0.00 0.00 0
36587 0.00 0.00 0.00 0
36595 0.00 0.00 0.00 0
36596 0.00 0.00 0.00 0
36597 0.00 0.00 0.00 0
36602 0.00 0.00 0.00 0
36603 0.00 0.00 0.00 0
36604 0.00 0.00 0.00 0
36609 0.00 0.00 0.00 0
36610 0.00 0.00 0.00 0
36615 0.00 0.00 0.00 0
36616 0.00 0.00 0.00 0
36628 0.00 0.00 0.00 0
36629 0.00 0.00 0.00 0
36630 0.00 0.00 0.00 0
36649 0.00 0.00 0.00 0
36650 0.00 0.00 0.00 0
36668 0.00 0.00 0.00 0
36669 0.00 0.00 0.00 0
36688 0.00 0.00 0.00 0
36689 0.00 0.00 0.00 0
36690 0.00 0.00 0.00 0
36708 0.00 0.00 0.00 0
36709 0.00 0.00 0.00 0
36724 0.00 0.00 0.00 0
36725 0.00 0.00 0.00 0
36736 0.00 0.00 0.00 0
36737 0.00 0.00 0.00 0
36738 0.00 0.00 0.00 0
36747 0.00 0.00 0.00 0
36748 0.00 0.00 0.00 0
36757 0.00 0.00 0.00 0
36758 0.00 0.00 0.00 0
36759 0.00 0.00 0.00 0
36760 0.00 0.00 0.00 0
36761 0.00 0.00 0.00 0
36762 0.00 0.00 0.00 0
36763 0.00 0.00 0.00 0
36764 0.00 0.00 0.00 0
36765 0.00 0.00 0.00 0
36780 0.00 0.00 0.00 0
36781 0.00 0.00 0.00 0
36782 0.00 0.00 0.00 0
36783 0.00 0.00 0.00 0
36784 0.00 0.00 0.00 0
36785 0.00 0.00 0.00 0
36786 0.00 0.00 0.00 0
36787 0.00 0.00 0.00 0
36788 0.00 0.00 0.00 0
36806 0.00 0.00 0.00 0
36807 0.00 0.00 0.00 0
36808 0.00 0.00 0.00 0
36809 0.00 0.00 0.00 0
36823 0.00 0.00 0.00 0
36824 0.00 0.00 0.00 0
36829 0.00 0.00 0.00 0
36830 0.00 0.00 0.00 0
36840 0.00 0.00 0.00 0
36841 0.00 0.00 0.00 0
36842 0.00 0.00 0.00 0
36854 0.00 0.00 0.00 0
36855 0.00 0.00 0.00 0
36865 0.00 0.00 0.00 0
36866 0.00 0.00 0.00 0
36878 0.00 0.00 0.00 0
36879 0.00 0.00 0.00 0
36901 0.00 0.00 0.00 0
36902 0.00 0.00 0.00 0
36914 0.00 0.00 0.00 0
36915 0.00 0.00 0.00 0
36922 0.00 0.00 0.00 0
37925 0.00 0.00 0.00 0
37931 0.00 0.00 0.00 0
37935 0.00 0.00 0.00 0
37940 0.00 0.00 0.00 0
37948 0.00 0.00 0.00 0
37956 0.00 0.00 0.00 0
37957 0.00 0.00 0.00 0
37958 0.00 0.00 0.00 0
37965 0.00 0.00 0.00 0
37966 0.00 0.00 0.00 0
37967 0.00 0.00 0.00 0
37973 0.00 0.00 0.00 0
37974 0.00 0.00 0.00 0
37975 0.00 0.00 0.00 0
37981 0.00 0.00 0.00 0
37982 0.00 0.00 0.00 0
37992 0.00 0.00 0.00 0
37993 0.00 0.00 0.00 0
38009 0.00 0.00 0.00 0
38025 0.00 0.00 0.00 0
38026 0.00 0.00 0.00 0
38042 0.00 0.00 0.00 0
38043 0.00 0.00 0.00 0
38061 0.00 0.00 0.00 0
38062 0.00 0.00 0.00 0
38078 0.00 0.00 0.00 0
38093 0.00 0.00 0.00 0
38094 0.00 0.00 0.00 0
38105 0.00 0.00 0.00 0
38106 0.00 0.00 0.00 0
38107 0.00 0.00 0.00 0
38113 0.00 0.00 0.00 0
38114 0.00 0.00 0.00 0
38125 0.00 0.00 0.00 0
38126 0.00 0.00 0.00 0
38127 0.00 0.00 0.00 0
38128 0.00 0.00 0.00 0
38129 0.00 0.00 0.00 0
38130 0.00 0.00 0.00 0
38147 0.00 0.00 0.00 0
38148 0.00 0.00 0.00 0
38149 0.00 0.00 0.00 0
38150 0.00 0.00 0.00 0
38151 0.00 0.00 0.00 0
38152 0.00 0.00 0.00 0
38153 0.00 0.00 0.00 0
38154 0.00 0.00 0.00 0
38172 0.00 0.00 0.00 0
38173 0.00 0.00 0.00 0
38174 0.00 0.00 0.00 0
38175 0.00 0.00 0.00 0
38176 0.00 0.00 0.00 0
38192 0.00 0.00 0.00 0
38193 0.00 0.00 0.00 0
38194 0.00 0.00 0.00 0
38195 0.00 0.00 0.00 0
38207 0.00 0.00 0.00 0
38208 0.00 0.00 0.00 0
38209 0.00 0.00 0.00 0
38221 0.00 0.00 0.00 0
38222 0.00 0.00 0.00 0
38223 0.00 0.00 0.00 0
38232 0.00 0.00 0.00 0
38233 0.00 0.00 0.00 0
38247 0.00 0.00 0.00 0
38248 0.00 0.00 0.00 0
38274 0.00 0.00 0.00 0
38293 0.00 0.00 0.00 0
38294 0.00 0.00 0.00 0
38300 0.00 0.00 0.00 0
39300 0.00 0.00 0.00 0
39305 0.00 0.00 0.00 0
39308 0.00 0.00 0.00 0
39313 0.00 0.00 0.00 0
39320 0.00 0.00 0.00 0
39330 0.00 0.00 0.00 0
39342 0.00 0.00 0.00 0
39343 0.00 0.00 0.00 0
39356 0.00 0.00 0.00 0
39367 0.00 0.00 0.00 0
39375 0.00 0.00 0.00 0
39385 0.00 0.00 0.00 0
39400 0.00 0.00 0.00 0
39401 0.00 0.00 0.00 0
39417 0.00 0.00 0.00 0
39418 0.00 0.00 0.00 0
39433 0.00 0.00 0.00 0
39451 0.00 0.00 0.00 0
39452 0.00 0.00 0.00 0
39470 0.00 0.00 0.00 0
39487 0.00 0.00 0.00 0
39503 0.00 0.00 0.00 0
39504 0.00 0.00 0.00 0
39505 0.00 0.00 0.00 0
39517 0.00 0.00 0.00 0
39518 0.00 0.00 0.00 0
39532 0.00 0.00 0.00 0
39547 0.00 0.00 0.00 0
39548 0.00 0.00 0.00 0
39549 0.00 0.00 0.00 0
39550 0.00 0.00 0.00 0
39567 0.00 0.00 0.00 0
39568 0.00 0.00 0.00 0
39569 0.00 0.00 0.00 0
39570 0.00 0.00 0.00 0
39589 0.00 0.00 0.00 0
39590 0.00 0.00 0.00 0
39591 0.00 0.00 0.00 0
39610 0.00 0.00 0.00 0
39611 0.00 0.00 0.00 0
39629 0.00 0.00 0.00 0
39630 0.00 0.00 0.00 0
39646 0.00 0.00 0.00 0
39647 0.00 0.00 0.00 0
39648 0.00 0.00 0.00 0
39664 0.00 0.00 0.00 0
39665 0.00 0.00 0.00 0
39686 0.00 0.00 0.00 0
39705 0.00 0.00 0.00 0
39706 0.00 0.00 0.00 0
39711 0.00 0.00 0.00 0
40658 0.00 0.00 0.00 0
40665 0.00 0.00 0.00 0
40666 0.00 0.00 0.00 0
40669 0.00 0.00 0.00 0
40670 0.00 0.00 0.00 0
40675 0.00 0.00 0.00 0
40676 0.00 0.00 0.00 0
40684 0.00 0.00 0.00 0
40685 0.00 0.00 0.00 0
40695 0.00 0.00 0.00 0
40696 0.00 0.00 0.00 0
40708 0.00 0.00 0.00 0
40709 0.00 0.00 0.00 0
40720 0.00 0.00 0.00 0
40730 0.00 0.00 0.00 0
40731 0.00 0.00 0.00 0
40741 0.00 0.00 0.00 0
40756 0.00 0.00 0.00 0
40769 0.00 0.00 0.00 0
40770 0.00 0.00 0.00 0
40786 0.00 0.00 0.00 0
40787 0.00 0.00 0.00 0
40803 0.00 0.00 0.00 0
40804 0.00 0.00 0.00 0
40822 0.00 0.00 0.00 0
40838 0.00 0.00 0.00 0
40839 0.00 0.00 0.00 0
40853 0.00 0.00 0.00 0
40854 0.00 0.00 0.00 0
40874 0.00 0.00 0.00 0
40875 0.00 0.00 0.00 0
40896 0.00 0.00 0.00 0
40897 0.00 0.00 0.00 0
40915 0.00 0.00 0.00 0
40916 0.00 0.00 0.00 0
40917 0.00 0.00 0.00 0
40918 0.00 0.00 0.00 0
40931 0.00 0.00 0.00 0
40932 0.00 0.00 0.00 0
40933 0.00 0.00 0.00 0
40934 0.00 0.00 0.00 0
40948 0.00 0.00 0.00 0
40949 0.00 0.00 0.00 0
40964 0.00 0.00 0.00 0
40965 0.00 0.00 0.00 0
40966 0.00 0.00 0.00 0
40982 0.00 0.00 0.00 0
40983 0.00 0.00 0.00 0
40984 0.00 0.00 0.00 0
40985 0.00 0.00 0.00 0
40986 0.00 0.00 0.00 0
40987 0.00 0.00 0.00 0
41004 0.00 0.00 0.00 0
41005 0.00 0.00 0.00 0
41006 0.00 0.00 0.00 0
41007 0.00 0.00 0.00 0
41008 0.00 0.00 0.00 0
41026 0.00 0.00 0.00 0
41027 0.00 0.00 0.00 0
41028 0.00 0.00 0.00 0
41029 0.00 0.00 0.00 0
41044 0.00 0.00 0.00 0
41045 0.00 0.00 0.00 0
41060 0.00 0.00 0.00 0
41061 0.00 0.00 0.00 0
41062 0.00 0.00 0.00 0
41075 0.00 0.00 0.00 0
41076 0.00 0.00 0.00 0
41096 0.00 0.00 0.00 0
41121 0.00 0.00 0.00 0
41122 0.00 0.00 0.00 0
41128 0.00 0.00 0.00 0
42095 0.00 0.00 0.00 0
42096 0.00 0.00 0.00 0
42100 0.00 0.00 0.00 0
42101 0.00 0.00 0.00 0
42102 0.00 0.00 0.00 0
42108 0.00 0.00 0.00 0
42109 0.00 0.00 0.00 0
42118 0.00 0.00 0.00 0
42119 0.00 0.00 0.00 0
42129 0.00 0.00 0.00 0
42135 0.00 0.00 0.00 0
42143 0.00 0.00 0.00 0
42144 0.00 0.00 0.00 0
42156 0.00 0.00 0.00 0
42157 0.00 0.00 0.00 0
42164 0.00 0.00 0.00 0
42165 0.00 0.00 0.00 0
42173 0.00 0.00 0.00 0
42185 0.00 0.00 0.00 0
42198 0.00 0.00 0.00 0
42199 0.00 0.00 0.00 0
42216 0.00 0.00 0.00 0
42239 0.00 0.00 0.00 0
42240 0.00 0.00 0.00 0
42264 0.00 0.00 0.00 0
42265 0.00 0.00 0.00 0
42284 0.00 0.00 0.00 0
42285 0.00 0.00 0.00 0
42299 0.00 0.00 0.00 0
42311 0.00 0.00 0.00 0
42312 0.00 0.00 0.00 0
42327 0.00 0.00 0.00 0
42343 0.00 0.00 0.00 0
42344 0.00 0.00 0.00 0
42359 0.00 0.00 0.00 0
42360 0.00 0.00 0.00 0
42361 0.00 0.00 0.00 0
42362 0.00 0.00 0.00 0
42375 0.00 0.00 0.00 0
42376 0.00 0.00 0.00 0
42377 0.00 0.00 0.00 0
42390 0.00 0.00 0.00 0
42402 0.00 0.00 0.00 0
42403 0.00 0.00 0.00 0
42404 0.00 0.00 0.00 0
42419 0.00 0.00 0.00 0
42420 0.00 0.00 0.00 0
42421 0.00 0.00 0.00 0
42422 0.00 0.00 0.00 0
42441 0.00 0.00 0.00 0
42442 0.00 0.00 0.00 0
42443 0.00 0.00 0.00 0
42444 0.00 0.00 0.00 0
42461 0.00 0.00 0.00 0
42462 0.00 0.00 0.00 0
42463 0.00 0.00 0.00 0
42479 0.00 0.00 0.00 0
42480 0.00 0.00 0.00 0
42481 0.00 0.00 0.00 0
42495 0.00 0.00 0.00 0
42496 0.00 0.00 0.00 0
42508 0.00 0.00 0.00 0
42509 0.00 0.00 0.00 0
42532 0.00 0.00 0.00 0
42533 0.00 0.00 0.00 0
42552 0.00 0.00 0.00 0
42561 0.00 0.00 0.00 0
43473 0.00 0.00 0.00 0
43479 0.00 0.00 0.00 0
43480 0.00 0.00 0.00 0
43481 0.00 0.00 0.00 0
43486 0.00 0.00 0.00 0
43487 0.00 0.00 0.00 0
43498 0.00 0.00 0.00 0
43510 0.00 0.00 0.00 0
43518 0.00 0.00 0.00 0
43524 0.00 0.00 0.00 0
43533 0.00 0.00 0.00 0
43534 0.00 0.00 0.00 0
43546 0.00 0.00 0.00 0
43547 0.00 0.00 0.00 0
43553 0.00 0.00 0.00 0
43560 0.00 0.00 0.00 0
43568 0.00 0.00 0.00 0
43582 0.00 0.00 0.00 0
43583 0.00 0.00 0.00 0
43599 0.00 0.00 0.00 0
43600 0.00 0.00 0.00 0
43620 0.00 0.00 0.00 0
43621 0.00 0.00 0.00 0
43639 0.00 0.00 0.00 0
43640 0.00 0.00 0.00 0
43658 0.00 0.00 0.00 0
43677 0.00 0.00 0.00 0
43678 0.00 0.00 0.00 0
43697 0.00 0.00 0.00 0
43698 0.00 0.00 0.00 0
43716 0.00 0.00 0.00 0
43731 0.00 0.00 0.00 0
43732 0.00 0.00 0.00 0
43745 0.00 0.00 0.00 0
43746 0.00 0.00 0.00 0
43747 0.00 0.00 0.00 0
43762 0.00 0.00 0.00 0
43763 0.00 0.00 0.00 0
43764 0.00 0.00 0.00 0
43779 0.00 0.00 0.00 0
43780 0.00 0.00 0.00 0
43793 0.00 0.00 0.00 0
43794 0.00 0.00 0.00 0
43795 0.00 0.00 0.00 0
43806 0.00 0.00 0.00 0
43807 0.00 0.00 0.00 0
43808 0.00 0.00 0.00 0
43809 0.00 0.00 0.00 0
43810 0.00 0.00 0.00 0
43811 0.00 0.00 0.00 0
43824 0.00 0.00 0.00 0
43825 0.00 0.00 0.00 0
43826 0.00 0.00 0.00 0
43827 0.00 0.00 0.00 0
43841 0.00 0.00 0.00 0
43842 0.00 0.00 0.00 0
43843 0.00 0.00 0.00 0
43858 0.00 0.00 0.00 0
43859 0.00 0.00 0.00 0
43860 0.00 0.00 0.00 0
43872 0.00 0.00 0.00 0
43873 0.00 0.00 0.00 0
43885 0.00 0.00 0.00 0
43886 0.00 0.00 0.00 0
43897 0.00 0.00 0.00 0
43919 0.00 0.00 0.00 0
43935 0.00 0.00 0.00 0
44875 0.00 0.00 0.00 0
44876 0.00 0.00 0.00 0
44880 0.00 0.00 0.00 0
44881 0.00 0.00 0.00 0
44882 0.00 0.00 0.00 0
44891 0.00 0.00 0.00 0
44905 0.00 0.00 0.00 0
44914 0.00 0.00 0.00 0
44921 0.00 0.00 0.00 0
44922 0.00 0.00 0.00 0
44928 0.00 0.00 0.00 0
44929 0.00 0.00 0.00 0
44941 0.00 0.00 0.00 0
44942 0.00 0.00 0.00 0
44943 0.00 0.00 0.00 0
44958 0.00 0.00 0.00 0
44959 0.00 0.00 0.00 0
44969 0.00 0.00 0.00 0
44978 0.00 0.00 0.00 0
44986 0.00 0.00 0.00 0
44997 0.00 0.00 0.00 0
45012 0.00 0.00 0.00 0
45013 0.00 0.00 0.00 0
45030 0.00 0.00 0.00 0
45031 0.00 0.00 0.00 0
45049 0.00 0.00 0.00 0
45050 0.00 0.00 0.00 0
45066 0.00 0.00 0.00 0
45082 0.00 0.00 0.00 0
45083 0.00 0.00 0.00 0
45104 0.00 0.00 0.00 0
45105 0.00 0.00 0.00 0
45128 0.00 0.00 0.00 0
45151 0.00 0.00 0.00 0
45166 0.00 0.00 0.00 0
45167 0.00 0.00 0.00 0
45183 0.00 0.00 0.00 0
45184 0.00 0.00 0.00 0
45185 0.00 0.00 0.00 0
45200 0.00 0.00 0.00 0
45201 0.00 0.00 0.00 0
45202 0.00 0.00 0.00 0
45203 0.00 0.00 0.00 0
45216 0.00 0.00 0.00 0
45217 0.00 0.00 0.00 0
45218 0.00 0.00 0.00 0
45219 0.00 0.00 0.00 0
45230 0.00 0.00 0.00 0
45231 0.00 0.00 0.00 0
45232 0.00 0.00 0.00 0
45233 0.00 0.00 0.00 0
45234 0.00 0.00 0.00 0
45235 0.00 0.00 0.00 0
45236 0.00 0.00 0.00 0
45237 0.00 0.00 0.00 0
45238 0.00 0.00 0.00 0
45252 0.00 0.00 0.00 0
45253 0.00 0.00 0.00 0
45267 0.00 0.00 0.00 0
45268 0.00 0.00 0.00 0
45281 0.00 0.00 0.00 0
45282 0.00 0.00 0.00 0
45299 0.00 0.00 0.00 0
45300 0.00 0.00 0.00 0
45316 0.00 0.00 0.00 0
45317 0.00 0.00 0.00 0
45326 0.00 0.00 0.00 0
45342 0.00 0.00 0.00 0
45365 0.00 0.00 0.00 0
45382 0.00 0.00 0.00 0
46283 0.00 0.00 0.00 0
46284 0.00 0.00 0.00 0
46294 0.00 0.00 0.00 0
46295 0.00 0.00 0.00 0
46300 0.00 0.00 0.00 0
46301 0.00 0.00 0.00 0
46315 0.00 0.00 0.00 0
46329 0.00 0.00 0.00 0
46337 0.00 0.00 0.00 0
46345 0.00 0.00 0.00 0
46346 0.00 0.00 0.00 0
46354 0.00 0.00 0.00 0
46366 0.00 0.00 0.00 0
46367 0.00 0.00 0.00 0
46382 0.00 0.00 0.00 0
46383 0.00 0.00 0.00 0
46398 0.00 0.00 0.00 0
46410 0.00 0.00 0.00 0
46419 0.00 0.00 0.00 0
46420 0.00 0.00 0.00 0
46431 0.00 0.00 0.00 0
46432 0.00 0.00 0.00 0
46433 0.00 0.00 0.00 0
46444 0.00 0.00 0.00 0
46445 0.00 0.00 0.00 0
46446 0.00 0.00 0.00 0
46457 0.00 0.00 0.00 0
46458 0.00 0.00 0.00 0
46459 0.00 0.00 0.00 0
46470 0.00 0.00 0.00 0
46471 0.00 0.00 0.00 0
46472 0.00 0.00 0.00 0
46482 0.00 0.00 0.00 0
46483 0.00 0.00 0.00 0
46492 0.00 0.00 0.00 0
46493 0.00 0.00 0.00 0
46503 0.00 0.00 0.00 0
46504 0.00 0.00 0.00 0
46518 0.00 0.00 0.00 0
46537 0.00 0.00 0.00 0
46557 0.00 0.00 0.00 0
46558 0.00 0.00 0.00 0
46571 0.00 0.00 0.00 0
46572 0.00 0.00 0.00 0
46573 0.00 0.00 0.00 0
46587 0.00 0.00 0.00 0
46588 0.00 0.00 0.00 0
46589 0.00 0.00 0.00 0
46590 0.00 0.00 0.00 0
46602 0.00 0.00 0.00 0
46609 0.00 0.00 0.00 0
46610 0.00 0.00 0.00 0
46611 0.00 0.00 0.00 0
46612 0.00 0.00 0.00 0
46613 0.00 0.00 0.00 0
46614 0.00 0.00 0.00 0
46615 0.00 0.00 0.00 0
46616 0.00 0.00 0.00 0
46617 0.00 0.00 0.00 0
46626 0.00 0.00 0.00 0
46627 0.00 0.00 0.00 0
46628 0.00 0.00 0.00 0
46629 0.00 0.00 0.00 0
46630 0.00 0.00 0.00 0
46631 0.00 0.00 0.00 0
46648 0.00 0.00 0.00 0
46649 0.00 0.00 0.00 0
46666 0.00 0.00 0.00 0
46667 0.00 0.00 0.00 0
46684 0.00 0.00 0.00 0
46685 0.00 0.00 0.00 0
46705 0.00 0.00 0.00 0
46714 0.00 0.00 0.00 0
46715 0.00 0.00 0.00 0
46725 0.00 0.00 0.00 0
46726 0.00 0.00 0.00 0
46749 0.00 0.00 0.00 0
46750 0.00 0.00 0.00 0
46776 0.00 0.00 0.00 0
47626 0.00 0.00 0.00 0
47627 0.00 0.00 0.00 0
47628 0.00 0.00 0.00 0
47633 0.00 0.00 0.00 0
47634 0.00 0.00 0.00 0
47635 0.00 0.00 0.00 0
47641 0.00 0.00 0.00 0
47642 0.00 0.00 0.00 0
47654 0.00 0.00 0.00 0
47662 0.00 0.00 0.00 0
47664 0.00 0.00 0.00 0
47668 0.00 0.00 0.00 0
47669 0.00 0.00 0.00 0
47678 0.00 0.00 0.00 0
47679 0.00 0.00 0.00 0
47692 0.00 0.00 0.00 0
47693 0.00 0.00 0.00 0
47706 0.00 0.00 0.00 0
47707 0.00 0.00 0.00 0
47708 0.00 0.00 0.00 0
47724 0.00 0.00 0.00 0
47725 0.00 0.00 0.00 0
47740 0.00 0.00 0.00 0
47753 0.00 0.00 0.00 0
47754 0.00 0.00 0.00 0
47755 0.00 0.00 0.00 0
47771 0.00 0.00 0.00 0
47772 0.00 0.00 0.00 0
47784 0.00 0.00 0.00 0
47785 0.00 0.00 0.00 0
47786 0.00 0.00 0.00 0
47798 0.00 0.00 0.00 0
47799 0.00 0.00 0.00 0
47810 0.00 0.00 0.00 0
47811 0.00 0.00 0.00 0
47823 0.00 0.00 0.00 0
47824 0.00 0.00 0.00 0
47834 0.00 0.00 0.00 0
47835 0.00 0.00 0.00 0
47836 0.00 0.00 0.00 0
47848 0.00 0.00 0.00 0
47849 0.00 0.00 0.00 0
47850 0.00 0.00 0.00 0
47851 0.00 0.00 0.00 0
47864 0.00 0.00 0.00 0
47865 0.00 0.00 0.00 0
47866 0.00 0.00 0.00 0
47880 0.00 0.00 0.00 0
47881 0.00 0.00 0.00 0
47898 0.00 0.00 0.00 0
47899 0.00 0.00 0.00 0
47912 0.00 0.00 0.00 0
47913 0.00 0.00 0.00 0
47926 0.00 0.00 0.00 0
47927 0.00 0.00 0.00 0
47928 0.00 0.00 0.00 0
47939 0.00 0.00 0.00 0
47940 0.00 0.00 0.00 0
47951 0.00 0.00 0.00 0
47952 0.00 0.00 0.00 0
47953 0.00 0.00 0.00 0
47954 0.00 0.00 0.00 0
47955 0.00 0.00 0.00 0
47956 0.00 0.00 0.00 0
47957 0.00 0.00 0.00 0
47964 0.00 0.00 0.00 0
47965 0.00 0.00 0.00 0
47966 0.00 0.00 0.00 0
47967 0.00 0.00 0.00 0
47968 0.00 0.00 0.00 0
47969 0.00 0.00 0.00 0
47970 0.00 0.00 0.00 0
47971 0.00 0.00 0.00 0
47972 0.00 0.00 0.00 0
47985 0.00 0.00 0.00 0
47986 0.00 0.00 0.00 0
47987 0.00 0.00 0.00 0
47988 0.00 0.00 0.00 0
48004 0.00 0.00 0.00 0
48005 0.00 0.00 0.00 0
48006 0.00 0.00 0.00 0
48023 0.00 0.00 0.00 0
48024 0.00 0.00 0.00 0
48046 0.00 0.00 0.00 0
48047 0.00 0.00 0.00 0
48058 0.00 0.00 0.00 0
48059 0.00 0.00 0.00 0
48067 0.00 0.00 0.00 0
48068 0.00 0.00 0.00 0
48083 0.00 0.00 0.00 0
48084 0.00 0.00 0.00 0
48110 0.00 0.00 0.00 0
48111 0.00 0.00 0.00 0
48949 0.00 0.00 0.00 0
48960 0.00 0.00 0.00 0
48961 0.00 0.00 0.00 0
48962 0.00 0.00 0.00 0
48967 0.00 0.00 0.00 0
48968 0.00 0.00 0.00 0
48972 0.00 0.00 0.00 0
48980 0.00 0.00 0.00 0
48989 0.00 0.00 0.00 0
48995 0.00 0.00 0.00 0
48996 0.00 0.00 0.00 0
48998 0.00 0.00 0.00 0
48999 0.00 0.00 0.00 0
49006 0.00 0.00 0.00 0
49007 0.00 0.00 0.00 0
49008 0.00 0.00 0.00 0
49016 0.00 0.00 0.00 0
49017 0.00 0.00 0.00 0
49018 0.00 0.00 0.00 0
49019 0.00 0.00 0.00 0
49024 0.00 0.00 0.00 0
49025 0.00 0.00 0.00 0
49026 0.00 0.00 0.00 0
49036 0.00 0.00 0.00 0
49037 0.00 0.00 0.00 0
49038 0.00 0.00 0.00 0
49050 0.00 0.00 0.00 0
49051 0.00 0.00 0.00 0
49052 0.00 0.00 0.00 0
49066 0.00 0.00 0.00 0
49067 0.00 0.00 0.00 0
49068 0.00 0.00 0.00 0
49069 0.00 0.00 0.00 0
49070 0.00 0.00 0.00 0
49088 0.00 0.00 0.00 0
49089 0.00 0.00 0.00 0
49090 0.00 0.00 0.00 0
49091 0.00 0.00 0.00 0
49092 0.00 0.00 0.00 0
49093 0.00 0.00 0.00 0
49106 0.00 0.00 0.00 0
49107 0.00 0.00 0.00 0
49108 0.00 0.00 0.00 0
49109 0.00 0.00 0.00 0
49110 0.00 0.00 0.00 0
49111 0.00 0.00 0.00 0
49124 0.00 0.00 0.00 0
49125 0.00 0.00 0.00 0
49126 0.00 0.00 0.00 0
49140 0.00 0.00 0.00 0
49141 0.00 0.00 0.00 0
49142 0.00 0.00 0.00 0
49155 0.00 0.00 0.00 0
49156 0.00 0.00 0.00 0
49157 0.00 0.00 0.00 0
49170 0.00 0.00 0.00 0
49185 0.00 0.00 0.00 0
49186 0.00 0.00 0.00 0
49200 0.00 0.00 0.00 0
49201 0.00 0.00 0.00 0
49202 0.00 0.00 0.00 0
49216 0.00 0.00 0.00 0
49217 0.00 0.00 0.00 0
49218 0.00 0.00 0.00 0
49234 0.00 0.00 0.00 0
49235 0.00 0.00 0.00 0
49251 0.00 0.00 0.00 0
49252 0.00 0.00 0.00 0
49253 0.00 0.00 0.00 0
49270 0.00 0.00 0.00 0
49271 0.00 0.00 0.00 0
49272 0.00 0.00 0.00 0
49287 0.00 0.00 0.00 0
49288 0.00 0.00 0.00 0
49302 0.00 0.00 0.00 0
49303 0.00 0.00 0.00 0
49313 0.00 0.00 0.00 0
49314 0.00 0.00 0.00 0
49315 0.00 0.00 0.00 0
49316 0.00 0.00 0.00 0
49317 0.00 0.00 0.00 0
49318 0.00 0.00 0.00 0
49319 0.00 0.00 0.00 0
49330 0.00 0.00 0.00 0
49331 0.00 0.00 0.00 0
49332 0.00 0.00 0.00 0
49333 0.00 0.00 0.00 0
49334 0.00 0.00 0.00 0
49345 0.00 0.00 0.00 0
49346 0.00 0.00 0.00 0
49347 0.00 0.00 0.00 0
49348 0.00 0.00 0.00 0
49349 0.00 0.00 0.00 0
49359 0.00 0.00 0.00 0
49360 0.00 0.00 0.00 0
49361 0.00 0.00 0.00 0
49375 0.00 0.00 0.00 0
49376 0.00 0.00 0.00 0
49377 0.00 0.00 0.00 0
49395 0.00 0.00 0.00 0
49396 0.00 0.00 0.00 0
49406 0.00 0.00 0.00 0
49407 0.00 0.00 0.00 0
49416 0.00 0.00 0.00 0
49417 0.00 0.00 0.00 0
49436 0.00 0.00 0.00 0
49437 0.00 0.00 0.00 0
50169 0.00 0.00 0.00 0
50170 0.00 0.00 0.00 0
50171 0.00 0.00 0.00 0
50179 0.00 0.00 0.00 0
50180 0.00 0.00 0.00 0
50181 0.00 0.00 0.00 0
50186 0.00 0.00 0.00 0
50190 0.00 0.00 0.00 0
50196 0.00 0.00 0.00 0
50203 0.00 0.00 0.00 0
50204 0.00 0.00 0.00 0
50211 0.00 0.00 0.00 0
50212 0.00 0.00 0.00 0
50219 0.00 0.00 0.00 0
50220 0.00 0.00 0.00 0
50230 0.00 0.00 0.00 0
50231 0.00 0.00 0.00 0
50232 0.00 0.00 0.00 0
50240 0.00 0.00 0.00 0
50241 0.00 0.00 0.00 0
50242 0.00 0.00 0.00 0
50247 0.00 0.00 0.00 0
50248 0.00 0.00 0.00 0
50249 0.00 0.00 0.00 0
50254 0.00 0.00 0.00 0
50255 0.00 0.00 0.00 0
50256 0.00 0.00 0.00 0
50262 0.00 0.00 0.00 0
50263 0.00 0.00 0.00 0
50264 0.00 0.00 0.00 0
50265 0.00 0.00 0.00 0
50266 0.00 0.00 0.00 0
50279 0.00 0.00 0.00 0
50280 0.00 0.00 0.00 0
50281 0.00 0.00 0.00 0
50282 0.00 0.00 0.00 0
50283 0.00 0.00 0.00 0
50302 0.00 0.00 0.00 0
50303 0.00 0.00 0.00 0
50304 0.00 0.00 0.00 0
50305 0.00 0.00 0.00 0
50306 0.00 0.00 0.00 0
50324 0.00 0.00 0.00 0
50325 0.00 0.00 0.00 0
50326 0.00 0.00 0.00 0
50340 0.00 0.00 0.00 0
50341 0.00 0.00 0.00 0
50342 0.00 0.00 0.00 0
50361 0.00 0.00 0.00 0
50362 0.00 0.00 0.00 0
50363 0.00 0.00 0.00 0
50381 0.00 0.00 0.00 0
50382 0.00 0.00 0.00 0
50383 0.00 0.00 0.00 0
50384 0.00 0.00 0.00 0
50399 0.00 0.00 0.00 0
50400 0.00 0.00 0.00 0
50401 0.00 0.00 0.00 0
50402 0.00 0.00 0.00 0
50416 0.00 0.00 0.00 0
50429 0.00 0.00 0.00 0
50443 0.00 0.00 0.00 0
50444 0.00 0.00 0.00 0
50457 0.00 0.00 0.00 0
50458 0.00 0.00 0.00 0
50459 0.00 0.00 0.00 0
50472 0.00 0.00 0.00 0
50473 0.00 0.00 0.00 0
50474 0.00 0.00 0.00 0
50489 0.00 0.00 0.00 0
50506 0.00 0.00 0.00 0
50507 0.00 0.00 0.00 0
50522 0.00 0.00 0.00 0
50523 0.00 0.00 0.00 0
50524 0.00 0.00 0.00 0
50525 0.00 0.00 0.00 0
50538 0.00 0.00 0.00 0
50539 0.00 0.00 0.00 0
50540 0.00 0.00 0.00 0
50541 0.00 0.00 0.00 0
50542 0.00 0.00 0.00 0
50551 0.00 0.00 0.00 0
50552 0.00 0.00 0.00 0
50553 0.00 0.00 0.00 0
50563 0.00 0.00 0.00 0
50564 0.00 0.00 0.00 0
50565 0.00 0.00 0.00 0
50566 0.00 0.00 0.00 0
50572 0.00 0.00 0.00 0
50573 0.00 0.00 0.00 0
50574 0.00 0.00 0.00 0
50585 0.00 0.00 0.00 0
50586 0.00 0.00 0.00 0
50603 0.00 0.00 0.00 0
50614 0.00 0.00 0.00 0
50621 0.00 0.00 0.00 0
50622 0.00 0.00 0.00 0
50635 0.00 0.00 0.00 0
50636 0.00 0.00 0.00 0
50637 0.00 0.00 0.00 0
50638 0.00 0.00 0.00 0
51395 0.00 0.00 0.00 0
51396 0.00 0.00 0.00 0
51405 0.00 0.00 0.00 0
51406 0.00 0.00 0.00 0
51415 0.00 0.00 0.00 0
51420 0.00 0.00 0.00 0
51429 0.00 0.00 0.00 0
51437 0.00 0.00 0.00 0
51438 0.00 0.00 0.00 0
51445 0.00 0.00 0.00 0
51446 0.00 0.00 0.00 0
51453 0.00 0.00 0.00 0
51454 0.00 0.00 0.00 0
51467 0.00 0.00 0.00 0
51468 0.00 0.00 0.00 0
51478 0.00 0.00 0.00 0
51483 0.00 0.00 0.00 0
51484 0.00 0.00 0.00 0
51490 0.00 0.00 0.00 0
51496 0.00 0.00 0.00 0
51505 0.00 0.00 0.00 0
51519 0.00 0.00 0.00 0
51537 0.00 0.00 0.00 0
51551 0.00 0.00 0.00 0
51562 0.00 0.00 0.00 0
51563 0.00 0.00 0.00 0
51576 0.00 0.00 0.00 0
51589 0.00 0.00 0.00 0
51590 0.00 0.00 0.00 0
51591 0.00 0.00 0.00 0
51592 0.00 0.00 0.00 0
51604 0.00 0.00 0.00 0
51605 0.00 0.00 0.00 0
51606 0.00 0.00 0.00 0
51607 0.00 0.00 0.00 0
51617 0.00 0.00 0.00 0
51618 0.00 0.00 0.00 0
51631 0.00 0.00 0.00 0
51643 0.00 0.00 0.00 0
51644 0.00 0.00 0.00 0
51645 0.00 0.00 0.00 0
51654 0.00 0.00 0.00 0
51655 0.00 0.00 0.00 0
51656 0.00 0.00 0.00 0
51665 0.00 0.00 0.00 0
51677 0.00 0.00 0.00 0
51678 0.00 0.00 0.00 0
51679 0.00 0.00 0.00 0
51680 0.00 0.00 0.00 0
51681 0.00 0.00 0.00 0
51682 0.00 0.00 0.00 0
51683 0.00 0.00 0.00 0
51695 0.00 0.00 0.00 0
51696 0.00 0.00 0.00 0
51697 0.00 0.00 0.00 0
51698 0.00 0.00 0.00 0
51699 0.00 0.00 0.00 0
51700 0.00 0.00 0.00 0
51701 0.00 0.00 0.00 0
51714 0.00 0.00 0.00 0
51715 0.00 0.00 0.00 0
51716 0.00 0.00 0.00 0
51717 0.00 0.00 0.00 0
51718 0.00 0.00 0.00 0
51730 0.00 0.00 0.00 0
51731 0.00 0.00 0.00 0
51732 0.00 0.00 0.00 0
51742 0.00 0.00 0.00 0
51743 0.00 0.00 0.00 0
51744 0.00 0.00 0.00 0
51750 0.00 0.00 0.00 0
51751 0.00 0.00 0.00 0
51752 0.00 0.00 0.00 0
51753 0.00 0.00 0.00 0
51757 0.00 0.00 0.00 0
51758 0.00 0.00 0.00 0
51759 0.00 0.00 0.00 0
51773 0.00 0.00 0.00 0
51774 0.00 0.00 0.00 0
51794 0.00 0.00 0.00 0
51808 0.00 0.00 0.00 0
51819 0.00 0.00 0.00 0
51820 0.00 0.00 0.00 0
51821 0.00 0.00 0.00 0
51822 0.00 0.00 0.00 0
52608 0.00 0.00 0.00 0
52609 0.00 0.00 0.00 0
52611 0.00 0.00 0.00 0
52612 0.00 0.00 0.00 0
52613 0.00 0.00 0.00 0
52617 0.00 0.00 0.00 0
52618 0.00 0.00 0.00 0
52627 0.00 0.00 0.00 0
52628 0.00 0.00 0.00 0
52637 0.00 0.00 0.00 0
52650 0.00 0.00 0.00 0
52658 0.00 0.00 0.00 0
52659 0.00 0.00 0.00 0
52667 0.00 0.00 0.00 0
52668 0.00 0.00 0.00 0
52675 0.00 0.00 0.00 0
52676 0.00 0.00 0.00 0
52691 0.00 0.00 0.00 0
52692 0.00 0.00 0.00 0
52701 0.00 0.00 0.00 0
52702 0.00 0.00 0.00 0
52711 0.00 0.00 0.00 0
52712 0.00 0.00 0.00 0
52719 0.00 0.00 0.00 0
52720 0.00 0.00 0.00 0
52726 0.00 0.00 0.00 0
52727 0.00 0.00 0.00 0
52734 0.00 0.00 0.00 0
52735 0.00 0.00 0.00 0
52748 0.00 0.00 0.00 0
52749 0.00 0.00 0.00 0
52762 0.00 0.00 0.00 0
52763 0.00 0.00 0.00 0
52776 0.00 0.00 0.00 0
52777 0.00 0.00 0.00 0
52784 0.00 0.00 0.00 0
52785 0.00 0.00 0.00 0
52794 0.00 0.00 0.00 0
52802 0.00 0.00 0.00 0
52812 0.00 0.00 0.00 0
52813 0.00 0.00 0.00 0
52814 0.00 0.00 0.00 0
52822 0.00 0.00 0.00 0
52823 0.00 0.00 0.00 0
52833 0.00 0.00 0.00 0
52846 0.00 0.00 0.00 0
52847 0.00 0.00 0.00 0
52861 0.00 0.00 0.00 0
52862 0.00 0.00 0.00 0
52878 0.00 0.00 0.00 0
52879 0.00 0.00 0.00 0
52880 0.00 0.00 0.00 0
52881 0.00 0.00 0.00 0
52882 0.00 0.00 0.00 0
52883 0.00 0.00 0.00 0
52884 0.00 0.00 0.00 0
52902 0.00 0.00 0.00 0
52903 0.00 0.00 0.00 0
52904 0.00 0.00 0.00 0
52905 0.00 0.00 0.00 0
52906 0.00 0.00 0.00 0
52907 0.00 0.00 0.00 0
52908 0.00 0.00 0.00 0
52909 0.00 0.00 0.00 0
52928 0.00 0.00 0.00 0
52929 0.00 0.00 0.00 0
52930 0.00 0.00 0.00 0
52947 0.00 0.00 0.00 0
52948 0.00 0.00 0.00 0
52960 0.00 0.00 0.00 0
52961 0.00 0.00 0.00 0
52969 0.00 0.00 0.00 0
52970 0.00 0.00 0.00 0
52978 0.00 0.00 0.00 0
52979 0.00 0.00 0.00 0
52980 0.00 0.00 0.00 0
52985 0.00 0.00 0.00 0
52986 0.00 0.00 0.00 0
52992 0.00 0.00 0.00 0
52993 0.00 0.00 0.00 0
53007 0.00 0.00 0.00 0
53008 0.00 0.00 0.00 0
53029 0.00 0.00 0.00 0
53045 0.00 0.00 0.00 0
53046 0.00 0.00 0.00 0
53047 0.00 0.00 0.00 0
53048 0.00 0.00 0.00 0
53060 0.00 0.00 0.00 0
53061 0.00 0.00 0.00 0
53062 0.00 0.00 0.00 0
53063 0.00 0.00 0.00 0
53852 0.00 0.00 0.00 0
53853 0.00 0.00 0.00 0
53854 0.00 0.00 0.00 0
53857 0.00 0.00 0.00 0
53858 0.00 0.00 0.00 0
53859 0.00 0.00 0.00 0
53862 0.00 0.00 0.00 0
53865 0.00 0.00 0.00 0
53866 0.00 0.00 0.00 0
53872 0.00 0.00 0.00 0
53884 0.00 0.00 0.00 0
53896 0.00 0.00 0.00 0
53897 0.00 0.00 0.00 0
53909 0.00 0.00 0.00 0
53923 0.00 0.00 0.00 0
53924 0.00 0.00 0.00 0
53940 0.00 0.00 0.00 0
53951 0.00 0.00 0.00 0
53952 0.00 0.00 0.00 0
53962 0.00 0.00 0.00 0
53963 0.00 0.00 0.00 0
53971 0.00 0.00 0.00 0
53972 0.00 0.00 0.00 0
53978 0.00 0.00 0.00 0
53984 0.00 0.00 0.00 0
53996 0.00 0.00 0.00 0
53997 0.00 0.00 0.00 0
54007 0.00 0.00 0.00 0
54008 0.00 0.00 0.00 0
54020 0.00 0.00 0.00 0
54021 0.00 0.00 0.00 0
54030 0.00 0.00 0.00 0
54031 0.00 0.00 0.00 0
54039 0.00 0.00 0.00 0
54040 0.00 0.00 0.00 0
54047 0.00 0.00 0.00 0
54055 0.00 0.00 0.00 0
54056 0.00 0.00 0.00 0
54057 0.00 0.00 0.00 0
54065 0.00 0.00 0.00 0
54066 0.00 0.00 0.00 0
54067 0.00 0.00 0.00 0
54079 0.00 0.00 0.00 0
54080 0.00 0.00 0.00 0
54092 0.00 0.00 0.00 0
54093 0.00 0.00 0.00 0
54105 0.00 0.00 0.00 0
54106 0.00 0.00 0.00 0
54107 0.00 0.00 0.00 0
54119 0.00 0.00 0.00 0
54120 0.00 0.00 0.00 0
54121 0.00 0.00 0.00 0
54122 0.00 0.00 0.00 0
54123 0.00 0.00 0.00 0
54124 0.00 0.00 0.00 0
54125 0.00 0.00 0.00 0
54135 0.00 0.00 0.00 0
54136 0.00 0.00 0.00 0
54137 0.00 0.00 0.00 0
54138 0.00 0.00 0.00 0
54139 0.00 0.00 0.00 0
54154 0.00 0.00 0.00 0
54155 0.00 0.00 0.00 0
54156 0.00 0.00 0.00 0
54172 0.00 0.00 0.00 0
54173 0.00 0.00 0.00 0
54192 0.00 0.00 0.00 0
54193 0.00 0.00 0.00 0
54209 0.00 0.00 0.00 0
54210 0.00 0.00 0.00 0
54211 0.00 0.00 0.00 0
54222 0.00 0.00 0.00 0
54223 0.00 0.00 0.00 0
54224 0.00 0.00 0.00 0
54228 0.00 0.00 0.00 0
54229 0.00 0.00 0.00 0
54236 0.00 0.00 0.00 0
54245 0.00 0.00 0.00 0
54246 0.00 0.00 0.00 0
54264 0.00 0.00 0.00 0
54265 0.00 0.00 0.00 0
54287 0.00 0.00 0.00 0
54288 0.00 0.00 0.00 0
54303 0.00 0.00 0.00 0
54304 0.00 0.00 0.00 0
54305 0.00 0.00 0.00 0
55049 0.00 0.00 0.00 0
55050 0.00 0.00 0.00 0
55051 0.00 0.00 0.00 0
55054 0.00 0.00 0.00 0
55055 0.00 0.00 0.00 0
55056 0.00 0.00 0.00 0
55059 0.00 0.00 0.00 0
55062 0.00 0.00 0.00 0
55063 0.00 0.00 0.00 0
55066 0.00 0.00 0.00 0
55067 0.00 0.00 0.00 0
55073 0.00 0.00 0.00 0
55080 0.00 0.00 0.00 0
55081 0.00 0.00 0.00 0
55088 0.00 0.00 0.00 0
55099 0.00 0.00 0.00 0
55100 0.00 0.00 0.00 0
55116 0.00 0.00 0.00 0
55129 0.00 0.00 0.00 0
55130 0.00 0.00 0.00 0
55143 0.00 0.00 0.00 0
55144 0.00 0.00 0.00 0
55145 0.00 0.00 0.00 0
55156 0.00 0.00 0.00 0
55157 0.00 0.00 0.00 0
55158 0.00 0.00 0.00 0
55164 0.00 0.00 0.00 0
55165 0.00 0.00 0.00 0
55170 0.00 0.00 0.00 0
55171 0.00 0.00 0.00 0
55182 0.00 0.00 0.00 0
55183 0.00 0.00 0.00 0
55184 0.00 0.00 0.00 0
55194 0.00 0.00 0.00 0
55195 0.00 0.00 0.00 0
55196 0.00 0.00 0.00 0
55205 0.00 0.00 0.00 0
55206 0.00 0.00 0.00 0
55207 0.00 0.00 0.00 0
55217 0.00 0.00 0.00 0
55218 0.00 0.00 0.00 0
55226 0.00 0.00 0.00 0
55227 0.00 0.00 0.00 0
55235 0.00 0.00 0.00 0
55236 0.00 0.00 0.00 0
55245 0.00 0.00 0.00 0
55246 0.00 0.00 0.00 0
55247 0.00 0.00 0.00 0
55261 0.00 0.00 0.00 0
55262 0.00 0.00 0.00 0
55263 0.00 0.00 0.00 0
55264 0.00 0.00 0.00 0
55280 0.00 0.00 0.00 0
55281 0.00 0.00 0.00 0
55282 0.00 0.00 0.00 0
55283 0.00 0.00 0.00 0
55297 0.00 0.00 0.00 0
55298 0.00 0.00 0.00 0
55299 0.00 0.00 0.00 0
55314 0.00 0.00 0.00 0
55315 0.00 0.00 0.00 0
55316 0.00 0.00 0.00 0
55332 0.00 0.00 0.00 0
55333 0.00 0.00 0.00 0
55334 0.00 0.00 0.00 0
55343 0.00 0.00 0.00 0
55344 0.00 0.00 0.00 0
55345 0.00 0.00 0.00 0
55346 0.00 0.00 0.00 0
55358 0.00 0.00 0.00 0
55359 0.00 0.00 0.00 0
55360 0.00 0.00 0.00 0
55361 0.00 0.00 0.00 0
55373 0.00 0.00 0.00 0
55374 0.00 0.00 0.00 0
55375 0.00 0.00 0.00 0
55392 0.00 0.00 0.00 0
55393 0.00 0.00 0.00 0
55413 0.00 0.00 0.00 0
55414 0.00 0.00 0.00 0
55434 0.00 0.00 0.00 0
55435 0.00 0.00 0.00 0
55449 0.00 0.00 0.00 0
55450 0.00 0.00 0.00 0
55459 0.00 0.00 0.00 0
55460 0.00 0.00 0.00 0
55470 0.00 0.00 0.00 0
55471 0.00 0.00 0.00 0
55487 0.00 0.00 0.00 0
55488 0.00 0.00 0.00 0
55511 0.00 0.00 0.00 0
55512 0.00 0.00 0.00 0
55513 0.00 0.00 0.00 0
55528 0.00 0.00 0.00 0
55529 0.00 0.00 0.00 0
56302 0.00 0.00 0.00 0
56303 0.00 0.00 0.00 0
56304 0.00 0.00 0.00 0
56305 0.00 0.00 0.00 0
56306 0.00 0.00 0.00 0
56307 0.00 0.00 0.00 0
56309 0.00 0.00 0.00 0
56310 0.00 0.00 0.00 0
56314 0.00 0.00 0.00 0
56318 0.00 0.00 0.00 0
56319 0.00 0.00 0.00 0
56326 0.00 0.00 0.00 0
56334 0.00 0.00 0.00 0
56335 0.00 0.00 0.00 0
56340 0.00 0.00 0.00 0
56349 0.00 0.00 0.00 0
56350 0.00 0.00 0.00 0
56351 0.00 0.00 0.00 0
56364 0.00 0.00 0.00 0
56365 0.00 0.00 0.00 0
56366 0.00 0.00 0.00 0
56378 0.00 0.00 0.00 0
56379 0.00 0.00 0.00 0
56380 0.00 0.00 0.00 0
56381 0.00 0.00 0.00 0
56391 0.00 0.00 0.00 0
56392 0.00 0.00 0.00 0
56393 0.00 0.00 0.00 0
56394 0.00 0.00 0.00 0
56405 0.00 0.00 0.00 0
56406 0.00 0.00 0.00 0
56407 0.00 0.00 0.00 0
56408 0.00 0.00 0.00 0
56413 0.00 0.00 0.00 0
56414 0.00 0.00 0.00 0
56415 0.00 0.00 0.00 0
56416 0.00 0.00 0.00 0
56423 0.00 0.00 0.00 0
56424 0.00 0.00 0.00 0
56425 0.00 0.00 0.00 0
56426 0.00 0.00 0.00 0
56427 0.00 0.00 0.00 0
56437 0.00 0.00 0.00 0
56438 0.00 0.00 0.00 0
56439 0.00 0.00 0.00 0
56440 0.00 0.00 0.00 0
56441 0.00 0.00 0.00 0
56453 0.00 0.00 0.00 0
56454 0.00 0.00 0.00 0
56455 0.00 0.00 0.00 0
56456 0.00 0.00 0.00 0
56467 0.00 0.00 0.00 0
56468 0.00 0.00 0.00 0
56469 0.00 0.00 0.00 0
56470 0.00 0.00 0.00 0
56482 0.00 0.00 0.00 0
56483 0.00 0.00 0.00 0
56484 0.00 0.00 0.00 0
56485 0.00 0.00 0.00 0
56486 0.00 0.00 0.00 0
56496 0.00 0.00 0.00 0
56497 0.00 0.00 0.00 0
56498 0.00 0.00 0.00 0
56499 0.00 0.00 0.00 0
56500 0.00 0.00 0.00 0
56508 0.00 0.00 0.00 0
56509 0.00 0.00 0.00 0
56510 0.00 0.00 0.00 0
56511 0.00 0.00 0.00 0
56512 0.00 0.00 0.00 0
56521 0.00 0.00 0.00 0
56522 0.00 0.00 0.00 0
56535 0.00 0.00 0.00 0
56536 0.00 0.00 0.00 0
56537 0.00 0.00 0.00 0
56550 0.00 0.00 0.00 0
56551 0.00 0.00 0.00 0
56552 0.00 0.00 0.00 0
56553 0.00 0.00 0.00 0
56568 0.00 0.00 0.00 0
56569 0.00 0.00 0.00 0
56570 0.00 0.00 0.00 0
56571 0.00 0.00 0.00 0
56589 0.00 0.00 0.00 0
56590 0.00 0.00 0.00 0
56591 0.00 0.00 0.00 0
56610 0.00 0.00 0.00 0
56611 0.00 0.00 0.00 0
56612 0.00 0.00 0.00 0
56627 0.00 0.00 0.00 0
56628 0.00 0.00 0.00 0
56629 0.00 0.00 0.00 0
56641 0.00 0.00 0.00 0
56642 0.00 0.00 0.00 0
56643 0.00 0.00 0.00 0
56655 0.00 0.00 0.00 0
56656 0.00 0.00 0.00 0
56657 0.00 0.00 0.00 0
56658 0.00 0.00 0.00 0
56673 0.00 0.00 0.00 0
56674 0.00 0.00 0.00 0
56675 0.00 0.00 0.00 0
56691 0.00 0.00 0.00 0
56715 0.00 0.00 0.00 0
56716 0.00 0.00 0.00 0
56739 0.00 0.00 0.00 0
56753 0.00 0.00 0.00 0
56769 0.00 0.00 0.00 0
56770 0.00 0.00 0.00 0
56787 0.00 0.00 0.00 0
56788 0.00 0.00 0.00 0
56814 0.00 0.00 0.00 0
56815 0.00 0.00 0.00 0
56832 0.00 0.00 0.00 0
56833 0.00 0.00 0.00 0
57632 0.00 0.00 0.00 0
57633 0.00 0.00 0.00 0
57634 0.00 0.00 0.00 0
57642 0.00 0.00 0.00 0
57643 0.00 0.00 0.00 0
57644 0.00 0.00 0.00 0
57645 0.00 0.00 0.00 0
57654 0.00 0.00 0.00 0
57661 0.00 0.00 0.00 0
57662 0.00 0.00 0.00 0
57672 0.00 0.00 0.00 0
57682 0.00 0.00 0.00 0
57683 0.00 0.00 0.00 0
57690 0.00 0.00 0.00 0
57691 0.00 0.00 0.00 0
57701 0.00 0.00 0.00 0
57702 0.00 0.00 0.00 0
57703 0.00 0.00 0.00 0
57704 0.00 0.00 0.00 0
57716 0.00 0.00 0.00 0
57717 0.00 0.00 0.00 0
57718 0.00 0.00 0.00 0
57730 0.00 0.00 0.00 0
57731 0.00 0.00 0.00 0
57732 0.00 0.00 0.00 0
57741 0.00 0.00 0.00 0
57742 0.00 0.00 0.00 0
57743 0.00 0.00 0.00 0
57754 0.00 0.00 0.00 0
57755 0.00 0.00 0.00 0
57760 0.00 0.00 0.00 0
57761 0.00 0.00 0.00 0
57768 0.00 0.00 0.00 0
57769 0.00 0.00 0.00 0
57779 0.00 0.00 0.00 0
57780 0.00 0.00 0.00 0
57792 0.00 0.00 0.00 0
57793 0.00 0.00 0.00 0
57804 0.00 0.00 0.00 0
57805 0.00 0.00 0.00 0
57816 0.00 0.00 0.00 0
57817 0.00 0.00 0.00 0
57829 0.00 0.00 0.00 0
57830 0.00 0.00 0.00 0
57841 0.00 0.00 0.00 0
57842 0.00 0.00 0.00 0
57843 0.00 0.00 0.00 0
57844 0.00 0.00 0.00 0
57845 0.00 0.00 0.00 0
57856 0.00 0.00 0.00 0
57857 0.00 0.00 0.00 0
57858 0.00 0.00 0.00 0
57859 0.00 0.00 0.00 0
57860 0.00 0.00 0.00 0
57870 0.00 0.00 0.00 0
57871 0.00 0.00 0.00 0
57872 0.00 0.00 0.00 0
57873 0.00 0.00 0.00 0
57883 0.00 0.00 0.00 0
57884 0.00 0.00 0.00 0
57885 0.00 0.00 0.00 0
57886 0.00 0.00 0.00 0
57900 0.00 0.00 0.00 0
57901 0.00 0.00 0.00 0
57902 0.00 0.00 0.00 0
57903 0.00 0.00 0.00 0
57919 0.00 0.00 0.00 0
57920 0.00 0.00 0.00 0
57921 0.00 0.00 0.00 0
57922 0.00 0.00 0.00 0
57923 0.00 0.00 0.00 0
57941 0.00 0.00 0.00 0
57942 0.00 0.00 0.00 0
57943 0.00 0.00 0.00 0
57944 0.00 0.00 0.00 0
57945 0.00 0.00 0.00 0
57965 0.00 0.00 0.00 0
57966 0.00 0.00 0.00 0
57967 0.00 0.00 0.00 0
57968 0.00 0.00 0.00 0
57987 0.00 0.00 0.00 0
57988 0.00 0.00 0.00 0
58005 0.00 0.00 0.00 0
58006 0.00 0.00 0.00 0
58007 0.00 0.00 0.00 0
58028 0.00 0.00 0.00 0
58029 0.00 0.00 0.00 0
58030 0.00 0.00 0.00 0
58031 0.00 0.00 0.00 0
58062 0.00 0.00 0.00 0
58063 0.00 0.00 0.00 0
58090 0.00 0.00 0.00 0
58091 0.00 0.00 0.00 0
58114 0.00 0.00 0.00 0
58134 0.00 0.00 0.00 0
58135 0.00 0.00 0.00 0
58159 0.00 0.00 0.00 0
58160 0.00 0.00 0.00 0
58161 0.00 0.00 0.00 0
58186 0.00 0.00 0.00 0
58187 0.00 0.00 0.00 0
58209 0.00 0.00 0.00 0
59018 0.00 0.00 0.00 0
59019 0.00 0.00 0.00 0
59027 0.00 0.00 0.00 0
59028 0.00 0.00 0.00 0
59029 0.00 0.00 0.00 0
59030 0.00 0.00 0.00 0
59031 0.00 0.00 0.00 0
59036 0.00 0.00 0.00 0
59037 0.00 0.00 0.00 0
59038 0.00 0.00 0.00 0
59046 0.00 0.00 0.00 0
59047 0.00 0.00 0.00 0
59048 0.00 0.00 0.00 0
59057 0.00 0.00 0.00 0
59058 0.00 0.00 0.00 0
59067 0.00 0.00 0.00 0
59068 0.00 0.00 0.00 0
59076 0.00 0.00 0.00 0
59077 0.00 0.00 0.00 0
59078 0.00 0.00 0.00 0
59088 0.00 0.00 0.00 0
59089 0.00 0.00 0.00 0
59090 0.00 0.00 0.00 0
59106 0.00 0.00 0.00 0
59107 0.00 0.00 0.00 0
59121 0.00 0.00 0.00 0
59122 0.00 0.00 0.00 0
59133 0.00 0.00 0.00 0
59134 0.00 0.00 0.00 0
59144 0.00 0.00 0.00 0
59150 0.00 0.00 0.00 0
59151 0.00 0.00 0.00 0
59158 0.00 0.00 0.00 0
59159 0.00 0.00 0.00 0
59170 0.00 0.00 0.00 0
59171 0.00 0.00 0.00 0
59182 0.00 0.00 0.00 0
59183 0.00 0.00 0.00 0
59196 0.00 0.00 0.00 0
59197 0.00 0.00 0.00 0
59211 0.00 0.00 0.00 0
59212 0.00 0.00 0.00 0
59224 0.00 0.00 0.00 0
59225 0.00 0.00 0.00 0
59238 0.00 0.00 0.00 0
59239 0.00 0.00 0.00 0
59249 0.00 0.00 0.00 0
59250 0.00 0.00 0.00 0
59251 0.00 0.00 0.00 0
59252 0.00 0.00 0.00 0
59262 0.00 0.00 0.00 0
59263 0.00 0.00 0.00 0
59264 0.00 0.00 0.00 0
59265 0.00 0.00 0.00 0
59275 0.00 0.00 0.00 0
59276 0.00 0.00 0.00 0
59277 0.00 0.00 0.00 0
59286 0.00 0.00 0.00 0
59287 0.00 0.00 0.00 0
59288 0.00 0.00 0.00 0
59299 0.00 0.00 0.00 0
59300 0.00 0.00 0.00 0
59301 0.00 0.00 0.00 0
59317 0.00 0.00 0.00 0
59318 0.00 0.00 0.00 0
59319 0.00 0.00 0.00 0
59333 0.00 0.00 0.00 0
59334 0.00 0.00 0.00 0
59335 0.00 0.00 0.00 0
59336 0.00 0.00 0.00 0
59350 0.00 0.00 0.00 0
59351 0.00 0.00 0.00 0
59352 0.00 0.00 0.00 0
59353 0.00 0.00 0.00 0
59369 0.00 0.00 0.00 0
59370 0.00 0.00 0.00 0
59371 0.00 0.00 0.00 0
59386 0.00 0.00 0.00 0
59387 0.00 0.00 0.00 0
59388 0.00 0.00 0.00 0
59411 0.00 0.00 0.00 0
59412 0.00 0.00 0.00 0
59413 0.00 0.00 0.00 0
59414 0.00 0.00 0.00 0
59437 0.00 0.00 0.00 0
59438 0.00 0.00 0.00 0
59439 0.00 0.00 0.00 0
59460 0.00 0.00 0.00 0
59461 0.00 0.00 0.00 0
59478 0.00 0.00 0.00 0
59479 0.00 0.00 0.00 0
59480 0.00 0.00 0.00 0
59493 0.00 0.00 0.00 0
59494 0.00 0.00 0.00 0
59495 0.00 0.00 0.00 0
60315 0.00 0.00 0.00 0
60316 0.00 0.00 0.00 0
60317 0.00 0.00 0.00 0
60323 0.00 0.00 0.00 0
60324 0.00 0.00 0.00 0
60325 0.00 0.00 0.00 0
60326 0.00 0.00 0.00 0
60329 0.00 0.00 0.00 0
60330 0.00 0.00 0.00 0
60331 0.00 0.00 0.00 0
60332 0.00 0.00 0.00 0
60333 0.00 0.00 0.00 0
60341 0.00 0.00 0.00 0
60342 0.00 0.00 0.00 0
60343 0.00 0.00 0.00 0
60344 0.00 0.00 0.00 0
60351 0.00 0.00 0.00 0
60352 0.00 0.00 0.00 0
60360 0.00 0.00 0.00 0
60367 0.00 0.00 0.00 0
60368 0.00 0.00 0.00 0
60369 0.00 0.00 0.00 0
60377 0.00 0.00 0.00 0
60378 0.00 0.00 0.00 0
60379 0.00 0.00 0.00 0
60391 0.00 0.00 0.00 0
60392 0.00 0.00 0.00 0
60393 0.00 0.00 0.00 0
60400 0.00 0.00 0.00 0
60401 0.00 0.00 0.00 0
60402 0.00 0.00 0.00 0
60403 0.00 0.00 0.00 0
60408 0.00 0.00 0.00 0
60409 0.00 0.00 0.00 0
60410 0.00 0.00 0.00 0
60411 0.00 0.00 0.00 0
60412 0.00 0.00 0.00 0
60413 0.00 0.00 0.00 0
60420 0.00 0.00 0.00 0
60421 0.00 0.00 0.00 0
60422 0.00 0.00 0.00 0
60423 0.00 0.00 0.00 0
60424 0.00 0.00 0.00 0
60425 0.00 0.00 0.00 0
60432 0.00 0.00 0.00 0
60433 0.00 0.00 0.00 0
60434 0.00 0.00 0.00 0
60435 0.00 0.00 0.00 0
60436 0.00 0.00 0.00 0
60437 0.00 0.00 0.00 0
60438 0.00 0.00 0.00 0
60444 0.00 0.00 0.00 0
60445 0.00 0.00 0.00 0
60446 0.00 0.00 0.00 0
60447 0.00 0.00 0.00 0
60457 0.00 0.00 0.00 0
60458 0.00 0.00 0.00 0
60459 0.00 0.00 0.00 0
60468 0.00 0.00 0.00 0
60469 0.00 0.00 0.00 0
60479 0.00 0.00 0.00 0
60480 0.00 0.00 0.00 0
60490 0.00 0.00 0.00 0
60501 0.00 0.00 0.00 0
60502 0.00 0.00 0.00 0
60516 0.00 0.00 0.00 0
60517 0.00 0.00 0.00 0
60529 0.00 0.00 0.00 0
60530 0.00 0.00 0.00 0
60538 0.00 0.00 0.00 0
60539 0.00 0.00 0.00 0
60540 0.00 0.00 0.00 0
60551 0.00 0.00 0.00 0
60552 0.00 0.00 0.00 0
60553 0.00 0.00 0.00 0
60564 0.00 0.00 0.00 0
60565 0.00 0.00 0.00 0
60566 0.00 0.00 0.00 0
60574 0.00 0.00 0.00 0
60575 0.00 0.00 0.00 0
60576 0.00 0.00 0.00 0
60587 0.00 0.00 0.00 0
60588 0.00 0.00 0.00 0
60589 0.00 0.00 0.00 0
60597 0.00 0.00 0.00 0
60598 0.00 0.00 0.00 0
60599 0.00 0.00 0.00 0
60607 0.00 0.00 0.00 0
60608 0.00 0.00 0.00 0
60609 0.00 0.00 0.00 0
60615 0.00 0.00 0.00 0
60616 0.00 0.00 0.00 0
60617 0.00 0.00 0.00 0
60624 0.00 0.00 0.00 0
60625 0.00 0.00 0.00 0
60639 0.00 0.00 0.00 0
60640 0.00 0.00 0.00 0
60641 0.00 0.00 0.00 0
60660 0.00 0.00 0.00 0
60661 0.00 0.00 0.00 0
60683 0.00 0.00 0.00 0
60704 0.00 0.00 0.00 0
60705 0.00 0.00 0.00 0
60722 0.00 0.00 0.00 0
61533 0.00 0.00 0.00 0
61537 0.00 0.00 0.00 0
61538 0.00 0.00 0.00 0
61539 0.00 0.00 0.00 0
61540 0.00 0.00 0.00 0
61541 0.00 0.00 0.00 0
61542 0.00 0.00 0.00 0
61545 0.00 0.00 0.00 0
61546 0.00 0.00 0.00 0
61547 0.00 0.00 0.00 0
61548 0.00 0.00 0.00 0
61549 0.00 0.00 0.00 0
61550 0.00 0.00 0.00 0
61556 0.00 0.00 0.00 0
61557 0.00 0.00 0.00 0
61558 0.00 0.00 0.00 0
61559 0.00 0.00 0.00 0
61560 0.00 0.00 0.00 0
61561 0.00 0.00 0.00 0
61568 0.00 0.00 0.00 0
61569 0.00 0.00 0.00 0
61570 0.00 0.00 0.00 0
61571 0.00 0.00 0.00 0
61572 0.00 0.00 0.00 0
61573 0.00 0.00 0.00 0
61574 0.00 0.00 0.00 0
61575 0.00 0.00 0.00 0
61580 0.00 0.00 0.00 0
61581 0.00 0.00 0.00 0
61582 0.00 0.00 0.00 0
61583 0.00 0.00 0.00 0
61584 0.00 0.00 0.00 0
61585 0.00 0.00 0.00 0
61586 0.00 0.00 0.00 0
61595 0.00 0.00 0.00 0
61596 0.00 0.00 0.00 0
61597 0.00 0.00 0.00 0
61598 0.00 0.00 0.00 0
61599 0.00 0.00 0.00 0
61600 0.00 0.00 0.00 0
61601 0.00 0.00 0.00 0
61608 0.00 0.00 0.00 0
61609 0.00 0.00 0.00 0
61616 0.00 0.00 0.00 0
61617 0.00 0.00 0.00 0
61624 0.00 0.00 0.00 0
61625 0.00 0.00 0.00 0
61634 0.00 0.00 0.00 0
61635 0.00 0.00 0.00 0
61636 0.00 0.00 0.00 0
61643 0.00 0.00 0.00 0
61644 0.00 0.00 0.00 0
61645 0.00 0.00 0.00 0
61646 0.00 0.00 0.00 0
61652 0.00 0.00 0.00 0
61653 0.00 0.00 0.00 0
61660 0.00 0.00 0.00 0
61661 0.00 0.00 0.00 0
61662 0.00 0.00 0.00 0
61663 0.00 0.00 0.00 0
61664 0.00 0.00 0.00 0
61665 0.00 0.00 0.00 0
61671 0.00 0.00 0.00 0
61672 0.00 0.00 0.00 0
61673 0.00 0.00 0.00 0
61674 0.00 0.00 0.00 0
61675 0.00 0.00 0.00 0
61676 0.00 0.00 0.00 0
61677 0.00 0.00 0.00 0
61687 0.00 0.00 0.00 0
61688 0.00 0.00 0.00 0
61689 0.00 0.00 0.00 0
61690 0.00 0.00 0.00 0
61691 0.00 0.00 0.00 0
61692 0.00 0.00 0.00 0
61693 0.00 0.00 0.00 0
61694 0.00 0.00 0.00 0
61695 0.00 0.00 0.00 0
61696 0.00 0.00 0.00 0
61706 0.00 0.00 0.00 0
61707 0.00 0.00 0.00 0
61708 0.00 0.00 0.00 0
61709 0.00 0.00 0.00 0
61710 0.00 0.00 0.00 0
61711 0.00 0.00 0.00 0
61712 0.00 0.00 0.00 0
61713 0.00 0.00 0.00 0
61714 0.00 0.00 0.00 0
61715 0.00 0.00 0.00 0
61724 0.00 0.00 0.00 0
61725 0.00 0.00 0.00 0
61726 0.00 0.00 0.00 0
61727 0.00 0.00 0.00 0
61728 0.00 0.00 0.00 0
61729 0.00 0.00 0.00 0
61730 0.00 0.00 0.00 0
61731 0.00 0.00 0.00 0
61732 0.00 0.00 0.00 0
61741 0.00 0.00 0.00 0
61753 0.00 0.00 0.00 0
61754 0.00 0.00 0.00 0
61767 0.00 0.00 0.00 0
61780 0.00 0.00 0.00 0
61781 0.00 0.00 0.00 0
61792 0.00 0.00 0.00 0
61793 0.00 0.00 0.00 0
61803 0.00 0.00 0.00 0
61804 0.00 0.00 0.00 0
61813 0.00 0.00 0.00 0
61814 0.00 0.00 0.00 0
61819 0.00 0.00 0.00 0
61820 0.00 0.00 0.00 0
61827 0.00 0.00 0.00 0
61836 0.00 0.00 0.00 0
61837 0.00 0.00 0.00 0
61847 0.00 0.00 0.00 0
61848 0.00 0.00 0.00 0
61849 0.00 0.00 0.00 0
61857 0.00 0.00 0.00 0
61858 0.00 0.00 0.00 0
61859 0.00 0.00 0.00 0
61866 0.00 0.00 0.00 0
61867 0.00 0.00 0.00 0
61868 0.00 0.00 0.00 0
61882 0.00 0.00 0.00 0
61883 0.00 0.00 0.00 0
61899 0.00 0.00 0.00 0
61900 0.00 0.00 0.00 0
61921 0.00 0.00 0.00 0
61922 0.00 0.00 0.00 0
61942 0.00 0.00 0.00 0
61943 0.00 0.00 0.00 0
61962 0.00 0.00 0.00 0
62768 0.00 0.00 0.00 0
62769 0.00 0.00 0.00 0
62770 0.00 0.00 0.00 0
62775 0.00 0.00 0.00 0
62776 0.00 0.00 0.00 0
62777 0.00 0.00 0.00 0
62784 0.00 0.00 0.00 0
62785 0.00 0.00 0.00 0
62786 0.00 0.00 0.00 0
62787 0.00 0.00 0.00 0
62788 0.00 0.00 0.00 0
62796 0.00 0.00 0.00 0
62797 0.00 0.00 0.00 0
62798 0.00 0.00 0.00 0
62799 0.00 0.00 0.00 0
62800 0.00 0.00 0.00 0
62807 0.00 0.00 0.00 0
62808 0.00 0.00 0.00 0
62809 0.00 0.00 0.00 0
62810 0.00 0.00 0.00 0
62811 0.00 0.00 0.00 0
62812 0.00 0.00 0.00 0
62813 0.00 0.00 0.00 0
62814 0.00 0.00 0.00 0
62815 0.00 0.00 0.00 0
62816 0.00 0.00 0.00 0
62821 0.00 0.00 0.00 0
62822 0.00 0.00 0.00 0
62823 0.00 0.00 0.00 0
62824 0.00 0.00 0.00 0
62825 0.00 0.00 0.00 0
62826 0.00 0.00 0.00 0
62827 0.00 0.00 0.00 0
62828 0.00 0.00 0.00 0
62829 0.00 0.00 0.00 0
62830 0.00 0.00 0.00 0
62833 0.00 0.00 0.00 0
62834 0.00 0.00 0.00 0
62835 0.00 0.00 0.00 0
62836 0.00 0.00 0.00 0
62837 0.00 0.00 0.00 0
62838 0.00 0.00 0.00 0
62839 0.00 0.00 0.00 0
62840 0.00 0.00 0.00 0
62843 0.00 0.00 0.00 0
62844 0.00 0.00 0.00 0
62845 0.00 0.00 0.00 0
62852 0.00 0.00 0.00 0
62861 0.00 0.00 0.00 0
62862 0.00 0.00 0.00 0
62870 0.00 0.00 0.00 0
62871 0.00 0.00 0.00 0
62879 0.00 0.00 0.00 0
62880 0.00 0.00 0.00 0
62886 0.00 0.00 0.00 0
62887 0.00 0.00 0.00 0
62896 0.00 0.00 0.00 0
62897 0.00 0.00 0.00 0
62907 0.00 0.00 0.00 0
62908 0.00 0.00 0.00 0
62909 0.00 0.00 0.00 0
62910 0.00 0.00 0.00 0
62911 0.00 0.00 0.00 0
62912 0.00 0.00 0.00 0
62913 0.00 0.00 0.00 0
62921 0.00 0.00 0.00 0
62922 0.00 0.00 0.00 0
62923 0.00 0.00 0.00 0
62924 0.00 0.00 0.00 0
62925 0.00 0.00 0.00 0
62926 0.00 0.00 0.00 0
62927 0.00 0.00 0.00 0
62928 0.00 0.00 0.00 0
62929 0.00 0.00 0.00 0
62930 0.00 0.00 0.00 0
62931 0.00 0.00 0.00 0
62944 0.00 0.00 0.00 0
62945 0.00 0.00 0.00 0
62946 0.00 0.00 0.00 0
62947 0.00 0.00 0.00 0
62948 0.00 0.00 0.00 0
62949 0.00 0.00 0.00 0
62950 0.00 0.00 0.00 0
62951 0.00 0.00 0.00 0
62952 0.00 0.00 0.00 0
62965 0.00 0.00 0.00 0
62966 0.00 0.00 0.00 0
62967 0.00 0.00 0.00 0
62968 0.00 0.00 0.00 0
62969 0.00 0.00 0.00 0
62970 0.00 0.00 0.00 0
62984 0.00 0.00 0.00 0
62985 0.00 0.00 0.00 0
63000 0.00 0.00 0.00 0
63001 0.00 0.00 0.00 0
63014 0.00 0.00 0.00 0
63021 0.00 0.00 0.00 0
63027 0.00 0.00 0.00 0
63034 0.00 0.00 0.00 0
63035 0.00 0.00 0.00 0
63043 0.00 0.00 0.00 0
63044 0.00 0.00 0.00 0
63053 0.00 0.00 0.00 0
63054 0.00 0.00 0.00 0
63065 0.00 0.00 0.00 0
63066 0.00 0.00 0.00 0
63077 0.00 0.00 0.00 0
63078 0.00 0.00 0.00 0
63087 0.00 0.00 0.00 0
63088 0.00 0.00 0.00 0
63101 0.00 0.00 0.00 0
63102 0.00 0.00 0.00 0
63118 0.00 0.00 0.00 0
63136 0.00 0.00 0.00 0
64074 0.00 0.00 0.00 0
64075 0.00 0.00 0.00 0
64078 0.00 0.00 0.00 0
64079 0.00 0.00 0.00 0
64080 0.00 0.00 0.00 0
64083 0.00 0.00 0.00 0
64084 0.00 0.00 0.00 0
64085 0.00 0.00 0.00 0
64086 0.00 0.00 0.00 0
64087 0.00 0.00 0.00 0
64088 0.00 0.00 0.00 0
64090 0.00 0.00 0.00 0
64091 0.00 0.00 0.00 0
64092 0.00 0.00 0.00 0
64093 0.00 0.00 0.00 0
64094 0.00 0.00 0.00 0
64095 0.00 0.00 0.00 0
64096 0.00 0.00 0.00 0
64097 0.00 0.00 0.00 0
64098 0.00 0.00 0.00 0
64099 0.00 0.00 0.00 0
64100 0.00 0.00 0.00 0
64103 0.00 0.00 0.00 0
64104 0.00 0.00 0.00 0
64105 0.00 0.00 0.00 0
64106 0.00 0.00 0.00 0
64107 0.00 0.00 0.00 0
64108 0.00 0.00 0.00 0
64109 0.00 0.00 0.00 0
64110 0.00 0.00 0.00 0
64111 0.00 0.00 0.00 0
64112 0.00 0.00 0.00 0
64113 0.00 0.00 0.00 0
64115 0.00 0.00 0.00 0
64116 0.00 0.00 0.00 0
64117 0.00 0.00 0.00 0
64118 0.00 0.00 0.00 0
64119 0.00 0.00 0.00 0
64120 0.00 0.00 0.00 0
64121 0.00 0.00 0.00 0
64122 0.00 0.00 0.00 0
64123 0.00 0.00 0.00 0
64124 0.00 0.00 0.00 0
64134 0.00 0.00 0.00 0
64135 0.00 0.00 0.00 0
64145 0.00 0.00 0.00 0
64146 0.00 0.00 0.00 0
64147 0.00 0.00 0.00 0
64157 0.00 0.00 0.00 0
64158 0.00 0.00 0.00 0
64159 0.00 0.00 0.00 0
64167 0.00 0.00 0.00 0
64168 0.00 0.00 0.00 0
64177 0.00 0.00 0.00 0
64178 0.00 0.00 0.00 0
64179 0.00 0.00 0.00 0
64192 0.00 0.00 0.00 0
64193 0.00 0.00 0.00 0
64194 0.00 0.00 0.00 0
64206 0.00 0.00 0.00 0
64207 0.00 0.00 0.00 0
64208 0.00 0.00 0.00 0
64209 0.00 0.00 0.00 0
64210 0.00 0.00 0.00 0
64211 0.00 0.00 0.00 0
64222 0.00 0.00 0.00 0
64223 0.00 0.00 0.00 0
64224 0.00 0.00 0.00 0
64225 0.00 0.00 0.00 0
64226 0.00 0.00 0.00 0
64227 0.00 0.00 0.00 0
64228 0.00 0.00 0.00 0
64229 0.00 0.00 0.00 0
64230 0.00 0.00 0.00 0
64231 0.00 0.00 0.00 0
64241 0.00 0.00 0.00 0
64242 0.00 0.00 0.00 0
64243 0.00 0.00 0.00 0
64244 0.00 0.00 0.00 0
64245 0.00 0.00 0.00 0
64246 0.00 0.00 0.00 0
64247 0.00 0.00 0.00 0
64248 0.00 0.00 0.00 0
64249 0.00 0.00 0.00 0
64250 0.00 0.00 0.00 0
64251 0.00 0.00 0.00 0
64260 0.00 0.00 0.00 0
64261 0.00 0.00 0.00 0
64262 0.00 0.00 0.00 0
64263 0.00 0.00 0.00 0
64264 0.00 0.00 0.00 0
64265 0.00 0.00 0.00 0
64266 0.00 0.00 0.00 0
64267 0.00 0.00 0.00 0
64268 0.00 0.00 0.00 0
64269 0.00 0.00 0.00 0
64281 0.00 0.00 0.00 0
64282 0.00 0.00 0.00 0
64293 0.00 0.00 0.00 0
64294 0.00 0.00 0.00 0
64306 0.00 0.00 0.00 0
64318 0.00 0.00 0.00 0
64331 0.00 0.00 0.00 0
64345 0.00 0.00 0.00 0
64346 0.00 0.00 0.00 0
64364 0.00 0.00 0.00 0
64365 0.00 0.00 0.00 0
64386 0.00 0.00 0.00 0
64387 0.00 0.00 0.00 0
64410 0.00 0.00 0.00 0
64411 0.00 0.00 0.00 0
64430 0.00 0.00 0.00 0
64450 0.00 0.00 0.00 0
64451 0.00 0.00 0.00 0
65504 0.00 0.00 0.00 0
65513 0.00 0.00 0.00 0
65514 0.00 0.00 0.00 0
65515 0.00 0.00 0.00 0
65516 0.00 0.00 0.00 0
65517 0.00 0.00 0.00 0
65518 0.00 0.00 0.00 0
65519 0.00 0.00 0.00 0
65520 0.00 0.00 0.00 0
65532 0.00 0.00 0.00 0
65533 0.00 0.00 0.00 0
65534 0.00 0.00 0.00 0
65535 0.00 0.00 0.00 0
65536 0.00 0.00 0.00 0
65537 0.00 0.00 0.00 0
65538 0.00 0.00 0.00 0
65539 0.00 0.00 0.00 0
65549 0.00 0.00 0.00 0
65550 0.00 0.00 0.00 0
65551 0.00 0.00 0.00 0
65552 0.00 0.00 0.00 0
65553 0.00 0.00 0.00 0
65554 0.00 0.00 0.00 0
65555 0.00 0.00 0.00 0
65562 0.00 0.00 0.00 0
65563 0.00 0.00 0.00 0
65564 0.00 0.00 0.00 0
65565 0.00 0.00 0.00 0
65566 0.00 0.00 0.00 0
65567 0.00 0.00 0.00 0
65568 0.00 0.00 0.00 0
65569 0.00 0.00 0.00 0
65575 0.00 0.00 0.00 0
65576 0.00 0.00 0.00 0
65577 0.00 0.00 0.00 0
65584 0.00 0.00 0.00 0
65585 0.00 0.00 0.00 0
65586 0.00 0.00 0.00 0
65596 0.00 0.00 0.00 0
65597 0.00 0.00 0.00 0
65598 0.00 0.00 0.00 0
65599 0.00 0.00 0.00 0
65613 0.00 0.00 0.00 0
65614 0.00 0.00 0.00 0
65626 0.00 0.00 0.00 0
65627 0.00 0.00 0.00 0
65638 0.00 0.00 0.00 0
65639 0.00 0.00 0.00 0
65640 0.00 0.00 0.00 0
65641 0.00 0.00 0.00 0
65651 0.00 0.00 0.00 0
65652 0.00 0.00 0.00 0
65653 0.00 0.00 0.00 0
65654 0.00 0.00 0.00 0
65655 0.00 0.00 0.00 0
65656 0.00 0.00 0.00 0
65657 0.00 0.00 0.00 0
65658 0.00 0.00 0.00 0
65659 0.00 0.00 0.00 0
65660 0.00 0.00 0.00 0
65671 0.00 0.00 0.00 0
65672 0.00 0.00 0.00 0
65673 0.00 0.00 0.00 0
65688 0.00 0.00 0.00 0
65689 0.00 0.00 0.00 0
65709 0.00 0.00 0.00 0
65710 0.00 0.00 0.00 0
65729 0.00 0.00 0.00 0
65730 0.00 0.00 0.00 0
65744 0.00 0.00 0.00 0
65745 0.00 0.00 0.00 0
65763 0.00 0.00 0.00 0
65764 0.00 0.00 0.00 0
65792 0.00 0.00 0.00 0
65820 0.00 0.00 0.00 0
65821 0.00 0.00 0.00 0
65849 0.00 0.00 0.00 0
65876 0.00 0.00 0.00 0
65901 0.00 0.00 0.00 0
66977 0.00 0.00 0.00 0
66978 0.00 0.00 0.00 0
66979 0.00 0.00 0.00 0
66990 0.00 0.00 0.00 0
66991 0.00 0.00 0.00 0
66992 0.00 0.00 0.00 0
66993 0.00 0.00 0.00 0
66994 0.00 0.00 0.00 0
66995 0.00 0.00 0.00 0
67002 0.00 0.00 0.00 0
67003 0.00 0.00 0.00 0
67004 0.00 0.00 0.00 0
67005 0.00 0.00 0.00 0
67012 0.00 0.00 0.00 0
67013 0.00 0.00 0.00 0
67014 0.00 0.00 0.00 0
67015 0.00 0.00 0.00 0
67022 0.00 0.00 0.00 0
67023 0.00 0.00 0.00 0
67024 0.00 0.00 0.00 0
67025 0.00 0.00 0.00 0
67026 0.00 0.00 0.00 0
67027 0.00 0.00 0.00 0
67039 0.00 0.00 0.00 0
67040 0.00 0.00 0.00 0
67041 0.00 0.00 0.00 0
67042 0.00 0.00 0.00 0
67058 0.00 0.00 0.00 0
67074 0.00 0.00 0.00 0
67075 0.00 0.00 0.00 0
67076 0.00 0.00 0.00 0
67077 0.00 0.00 0.00 0
67092 0.00 0.00 0.00 0
67093 0.00 0.00 0.00 0
67094 0.00 0.00 0.00 0
67095 0.00 0.00 0.00 0
67096 0.00 0.00 0.00 0
67097 0.00 0.00 0.00 0
67098 0.00 0.00 0.00 0
67099 0.00 0.00 0.00 0
67100 0.00 0.00 0.00 0
67116 0.00 0.00 0.00 0
67117 0.00 0.00 0.00 0
67118 0.00 0.00 0.00 0
67134 0.00 0.00 0.00 0
67135 0.00 0.00 0.00 0
67155 0.00 0.00 0.00 0
67173 0.00 0.00 0.00 0
67186 0.00 0.00 0.00 0
68381 0.00 0.00 0.00 0
68382 0.00 0.00 0.00 0
68383 0.00 0.00 0.00 0
68393 0.00 0.00 0.00 0
68394 0.00 0.00 0.00 0
68395 0.00 0.00 0.00 0
68401 0.00 0.00 0.00 0
68402 0.00 0.00 0.00 0
68403 0.00 0.00 0.00 0
68404 0.00 0.00 0.00 0
68411 0.00 0.00 0.00 0
68412 0.00 0.00 0.00 0
68413 0.00 0.00 0.00 0
68414 0.00 0.00 0.00 0
68415 0.00 0.00 0.00 0
68416 0.00 0.00 0.00 0
68417 0.00 0.00 0.00 0
68425 0.00 0.00 0.00 0
68426 0.00 0.00 0.00 0
68427 0.00 0.00 0.00 0
68428 0.00 0.00 0.00 0
68438 0.00 0.00 0.00 0
68439 0.00 0.00 0.00 0
68450 0.00 0.00 0.00 0
68451 0.00 0.00 0.00 0
68452 0.00 0.00 0.00 0
68453 0.00 0.00 0.00 0
68465 0.00 0.00 0.00 0
68466 0.00 0.00 0.00 0
68467 0.00 0.00 0.00 0
68468 0.00 0.00 0.00 0
68469 0.00 0.00 0.00 0
68470 0.00 0.00 0.00 0
68471 0.00 0.00 0.00 0
68472 0.00 0.00 0.00 0
68473 0.00 0.00 0.00 0
68486 0.00 0.00 0.00 0
68487 0.00 0.00 0.00 0
68488 0.00 0.00 0.00 0
68489 0.00 0.00 0.00 0
68490 0.00 0.00 0.00 0
68501 0.00 0.00 0.00 0
68502 0.00 0.00 0.00 0
68517 0.00 0.00 0.00 0
68530 0.00 0.00 0.00 0
68531 0.00 0.00 0.00 0
68540 0.00 0.00 0.00 0
69603 0.00 0.00 0.00 0
69604 0.00 0.00 0.00 0
69605 0.00 0.00 0.00 0
69606 0.00 0.00 0.00 0
69607 0.00 0.00 0.00 0
69608 0.00 0.00 0.00 0
69609 0.00 0.00 0.00 0
69610 0.00 0.00 0.00 0
69619 0.00 0.00 0.00 0
69620 0.00 0.00 0.00 0
69627 0.00 0.00 0.00 0
69628 0.00 0.00 0.00 0
69635 0.00 0.00 0.00 0
69636 0.00 0.00 0.00 0
69637 0.00 0.00 0.00 0
69638 0.00 0.00 0.00 0
69639 0.00 0.00 0.00 0
69644 0.00 0.00 0.00 0
69645 0.00 0.00 0.00 0
69646 0.00 0.00 0.00 0
69647 0.00 0.00 0.00 0
69648 0.00 0.00 0.00 0
69654 0.00 0.00 0.00 0
69655 0.00 0.00 0.00 0
69656 0.00 0.00 0.00 0
69657 0.00 0.00 0.00 0
69658 0.00 0.00 0.00 0
69659 0.00 0.00 0.00 0
69664 0.00 0.00 0.00 0
69665 0.00 0.00 0.00 0
69666 0.00 0.00 0.00 0
69675 0.00 0.00 0.00 0
69676 0.00 0.00 0.00 0
69688 0.00 0.00 0.00 0
69689 0.00 0.00 0.00 0
70844 0.00 0.00 0.00 0
70845 0.00 0.00 0.00 0
70846 0.00 0.00 0.00 0
70847 0.00 0.00 0.00 0
70855 0.00 0.00 0.00 0
70856 0.00 0.00 0.00 0
70857 0.00 0.00 0.00 0
70858 0.00 0.00 0.00 0
70859 0.00 0.00 0.00 0
70860 0.00 0.00 0.00 0
70869 0.00 0.00 0.00 0
70878 0.00 0.00 0.00 0
70879 0.00 0.00 0.00 0
70880 0.00 0.00 0.00 0
70881 0.00 0.00 0.00 0
70882 0.00 0.00 0.00 0
70890 0.00 0.00 0.00 0
70891 0.00 0.00 0.00 0
70892 0.00 0.00 0.00 0
70893 0.00 0.00 0.00 0
70894 0.00 0.00 0.00 0
70895 0.00 0.00 0.00 0
70901 0.00 0.00 0.00 0
70902 0.00 0.00 0.00 0
70910 0.00 0.00 0.00 0
70911 0.00 0.00 0.00 0
70912 0.00 0.00 0.00 0
70913 0.00 0.00 0.00 0
70914 0.00 0.00 0.00 0
70922 0.00 0.00 0.00 0
70923 0.00 0.00 0.00 0
70924 0.00 0.00 0.00 0
70925 0.00 0.00 0.00 0
70934 0.00 0.00 0.00 0
70935 0.00 0.00 0.00 0
70936 0.00 0.00 0.00 0
70949 0.00 0.00 0.00 0
70950 0.00 0.00 0.00 0
70965 0.00 0.00 0.00 0
72135 0.00 0.00 0.00 0
72136 0.00 0.00 0.00 0
72137 0.00 0.00 0.00 0
72144 0.00 0.00 0.00 0
72145 0.00 0.00 0.00 0
72153 0.00 0.00 0.00 0
72154 0.00 0.00 0.00 0
72155 0.00 0.00 0.00 0
72156 0.00 0.00 0.00 0
72167 0.00 0.00 0.00 0
72168 0.00 0.00 0.00 0
72169 0.00 0.00 0.00 0
72170 0.00 0.00 0.00 0
72171 0.00 0.00 0.00 0
72172 0.00 0.00 0.00 0
72184 0.00 0.00 0.00 0
72185 0.00 0.00 0.00 0
72186 0.00 0.00 0.00 0
72198 0.00 0.00 0.00 0
72199 0.00 0.00 0.00 0
72209 0.00 0.00 0.00 0
72210 0.00 0.00 0.00 0
72211 0.00 0.00 0.00 0
72221 0.00 0.00 0.00 0
72222 0.00 0.00 0.00 0
72223 0.00 0.00 0.00 0
72240 0.00 0.00 0.00 0
72241 0.00 0.00 0.00 0
72242 0.00 0.00 0.00 0
72258 0.00 0.00 0.00 0
72276 0.00 0.00 0.00 0
73364 0.00 0.00 0.00 0
73383 0.00 0.00 0.00 0
73384 0.00 0.00 0.00 0
73398 0.00 0.00 0.00 0
73399 0.00 0.00 0.00 0
73415 0.00 0.00 0.00 0
73416 0.00 0.00 0.00 0
73417 0.00 0.00 0.00 0
73418 0.00 0.00 0.00 0
73419 0.00 0.00 0.00 0
73420 0.00 0.00 0.00 0
73436 0.00 0.00 0.00 0
73437 0.00 0.00 0.00 0
73438 0.00 0.00 0.00 0
73439 0.00 0.00 0.00 0
73440 0.00 0.00 0.00 0
73441 0.00 0.00 0.00 0
73455 0.00 0.00 0.00 0
73456 0.00 0.00 0.00 0
73471 0.00 0.00 0.00 0
73472 0.00 0.00 0.00 0
73487 0.00 0.00 0.00 0
73488 0.00 0.00 0.00 0
73504 0.00 0.00 0.00 0
73505 0.00 0.00 0.00 0
73520 0.00 0.00 0.00 0
73521 0.00 0.00 0.00 0
73522 0.00 0.00 0.00 0
73530 0.00 0.00 0.00 0
73531 0.00 0.00 0.00 0
73544 0.00 0.00 0.00 0
74627 0.00 0.00 0.00 0
74637 0.00 0.00 0.00 0
74638 0.00 0.00 0.00 0
74649 0.00 0.00 0.00 0
74650 0.00 0.00 0.00 0
74651 0.00 0.00 0.00 0
74652 0.00 0.00 0.00 0
74653 0.00 0.00 0.00 0
74654 0.00 0.00 0.00 0
74664 0.00 0.00 0.00 0
74665 0.00 0.00 0.00 0
74674 0.00 0.00 0.00 0
74675 0.00 0.00 0.00 0
74685 0.00 0.00 0.00 0
74686 0.00 0.00 0.00 0
74687 0.00 0.00 0.00 0
74697 0.00 0.00 0.00 0
74698 0.00 0.00 0.00 0
74699 0.00 0.00 0.00 0
74700 0.00 0.00 0.00 0
74713 0.00 0.00 0.00 0
74714 0.00 0.00 0.00 0
74715 0.00 0.00 0.00 0
74716 0.00 0.00 0.00 0
74717 0.00 0.00 0.00 0
74729 0.00 0.00 0.00 0
74730 0.00 0.00 0.00 0
74731 0.00 0.00 0.00 0
74732 0.00 0.00 0.00 0
74733 0.00 0.00 0.00 0
74744 0.00 0.00 0.00 0
74745 0.00 0.00 0.00 0
74746 0.00 0.00 0.00 0
74747 0.00 0.00 0.00 0
74748 0.00 0.00 0.00 0
75863 0.00 0.00 0.00 0
75873 0.00 0.00 0.00 0
75883 0.00 0.00 0.00 0
75884 0.00 0.00 0.00 0
75885 0.00 0.00 0.00 0
75886 0.00 0.00 0.00 0
75887 0.00 0.00 0.00 0
75898 0.00 0.00 0.00 0
75911 0.00 0.00 0.00 0
75912 0.00 0.00 0.00 0
75927 0.00 0.00 0.00 0
75928 0.00 0.00 0.00 0
75942 0.00 0.00 0.00 0
75943 0.00 0.00 0.00 0
75961 0.00 0.00 0.00 0
75962 0.00 0.00 0.00 0
75963 0.00 0.00 0.00 0
75982 0.00 0.00 0.00 0
75983 0.00 0.00 0.00 0
75984 0.00 0.00 0.00 0
75985 0.00 0.00 0.00 0
76004 0.00 0.00 0.00 0
76005 0.00 0.00 0.00 0
76006 0.00 0.00 0.00 0
76007 0.00 0.00 0.00 0
77149 0.00 0.00 0.00 0
77161 0.00 0.00 0.00 0
77162 0.00 0.00 0.00 0
77172 0.00 0.00 0.00 0
77173 0.00 0.00 0.00 0
77174 0.00 0.00 0.00 0
77175 0.00 0.00 0.00 0
77176 0.00 0.00 0.00 0
77187 0.00 0.00 0.00 0
77198 0.00 0.00 0.00 0
78450 0.00 0.00 0.00 0
78451 0.00 0.00 0.00 0
78462 0.00 0.00 0.00 0
78463 0.00 0.00 0.00 0
78474 0.00 0.00 0.00 0
78475 0.00 0.00 0.00 0
78476 0.00 0.00 0.00 0
78477 0.00 0.00 0.00 0
78487 0.00 0.00 0.00 0
78488 0.00 0.00 0.00 0
79799 0.00 0.00 0.00 0
79800 0.00 0.00 0.00 0
79809 0.00 0.00 0.00 0
79819 0.00 0.00 0.00 0
79820 0.00 0.00 0.00 0
81153 0.00 0.00 0.00 0
