# parsorbitalis
1270
130859 0.00 0.00 0.00 0
130860 0.00 0.00 0.00 0
130861 0.00 0.00 0.00 0
130862 0.00 0.00 0.00 0
130873 0.00 0.00 0.00 0
130874 0.00 0.00 0.00 0
130875 0.00 0.00 0.00 0
130876 0.00 0.00 0.00 0
130877 0.00 0.00 0.00 0
130888 0.00 0.00 0.00 0
130889 0.00 0.00 0.00 0
130890 0.00 0.00 0.00 0
130891 0.00 0.00 0.00 0
130892 0.00 0.00 0.00 0
130903 0.00 0.00 0.00 0
130904 0.00 0.00 0.00 0
130905 0.00 0.00 0.00 0
130906 0.00 0.00 0.00 0
130919 0.00 0.00 0.00 0
130920 0.00 0.00 0.00 0
131712 0.00 0.00 0.00 0
131713 0.00 0.00 0.00 0
131714 0.00 0.00 0.00 0
131719 0.00 0.00 0.00 0
131720 0.00 0.00 0.00 0
131721 0.00 0.00 0.00 0
131722 0.00 0.00 0.00 0
131727 0.00 0.00 0.00 0
131728 0.00 0.00 0.00 0
131729 0.00 0.00 0.00 0
131730 0.00 0.00 0.00 0
131735 0.00 0.00 0.00 0
131736 0.00 0.00 0.00 0
131737 0.00 0.00 0.00 0
131738 0.00 0.00 0.00 0
131743 0.00 0.00 0.00 0
131744 0.00 0.00 0.00 0
131745 0.00 0.00 0.00 0
131746 0.00 0.00 0.00 0
131747 0.00 0.00 0.00 0
131748 0.00 0.00 0.00 0
131759 0.00 0.00 0.00 0
131760 0.00 0.00 0.00 0
131761 0.00 0.00 0.00 0
131762 0.00 0.00 0.00 0
131763 0.00 0.00 0.00 0
131775 0.00 0.00 0.00 0
131789 0.00 0.00 0.00 0
131790 0.00 0.00 0.00 0
131791 0.00 0.00 0.00 0
131792 0.00 0.00 0.00 0
131805 0.00 0.00 0.00 0
131806 0.00 0.00 0.00 0
131807 0.00 0.00 0.00 0
131822 0.00 0.00 0.00 0
131823 0.00 0.00 0.00 0
132557 0.00 0.00 0.00 0
132558 0.00 0.00 0.00 0
132578 0.00 0.00 0.00 0
132579 0.00 0.00 0.00 0
132580 0.00 0.00 0.00 0
132581 0.00 0.00 0.00 0
132590 0.00 0.00 0.00 0
132591 0.00 0.00 0.00 0
132592 0.00 0.00 0.00 0
132593 0.00 0.00 0.00 0
132594 0.00 0.00 0.00 0
132599 0.00 0.00 0.00 0
132600 0.00 0.00 0.00 0
132601 0.00 0.00 0.00 0
132602 0.00 0.00 0.00 0
132603 0.00 0.00 0.00 0
132604 0.00 0.00 0.00 0
132609 0.00 0.00 0.00 0
132610 0.00 0.00 0.00 0
132611 0.00 0.00 0.00 0
132612 0.00 0.00 0.00 0
132613 0.00 0.00 0.00 0
132614 0.00 0.00 0.00 0
132620 0.00 0.00 0.00 0
132621 0.00 0.00 0.00 0
132622 0.00 0.00 0.00 0
132623 0.00 0.00 0.00 0
132624 0.00 0.00 0.00 0
132625 0.00 0.00 0.00 0
132633 0.00 0.00 0.00 0
132634 0.00 0.00 0.00 0
132635 0.00 0.00 0.00 0
132636 0.00 0.00 0.00 0
132637 0.00 0.00 0.00 0
132638 0.00 0.00 0.00 0
132652 0.00 0.00 0.00 0
132666 0.00 0.00 0.00 0
132667 0.00 0.00 0.00 0
132668 0.00 0.00 0.00 0
132669 0.00 0.00 0.00 0
132683 0.00 0.00 0.00 0
132684 0.00 0.00 0.00 0
132685 0.00 0.00 0.00 0
132686 0.00 0.00 0.00 0
132687 0.00 0.00 0.00 0
132698 0.00 0.00 0.00 0
132699 0.00 0.00 0.00 0
132713 0.00 0.00 0.00 0
132714 0.00 0.00 0.00 0
133423 0.00 0.00 0.00 0
133424 0.00 0.00 0.00 0
133425 0.00 0.00 0.00 0
133436 0.00 0.00 0.00 0
133437 0.00 0.00 0.00 0
133438 0.00 0.00 0.00 0
133439 0.00 0.00 0.00 0
133446 0.00 0.00 0.00 0
133447 0.00 0.00 0.00 0
133448 0.00 0.00 0.00 0
133449 0.00 0.00 0.00 0
133450 0.00 0.00 0.00 0
133451 0.00 0.00 0.00 0
133458 0.00 0.00 0.00 0
133459 0.00 0.00 0.00 0
133460 0.00 0.00 0.00 0
133461 0.00 0.00 0.00 0
133462 0.00 0.00 0.00 0
133473 0.00 0.00 0.00 0
133474 0.00 0.00 0.00 0
133475 0.00 0.00 0.00 0
133476 0.00 0.00 0.00 0
133477 0.00 0.00 0.00 0
133493 0.00 0.00 0.00 0
133494 0.00 0.00 0.00 0
133512 0.00 0.00 0.00 0
133513 0.00 0.00 0.00 0
133514 0.00 0.00 0.00 0
133515 0.00 0.00 0.00 0
133535 0.00 0.00 0.00 0
133536 0.00 0.00 0.00 0
133537 0.00 0.00 0.00 0
133538 0.00 0.00 0.00 0
133539 0.00 0.00 0.00 0
134351 0.00 0.00 0.00 0
134352 0.00 0.00 0.00 0
134353 0.00 0.00 0.00 0
134360 0.00 0.00 0.00 0
134361 0.00 0.00 0.00 0
134362 0.00 0.00 0.00 0
134363 0.00 0.00 0.00 0
134375 0.00 0.00 0.00 0
134376 0.00 0.00 0.00 0
134394 0.00 0.00 0.00 0
134395 0.00 0.00 0.00 0
134396 0.00 0.00 0.00 0
134412 0.00 0.00 0.00 0
134413 0.00 0.00 0.00 0
134414 0.00 0.00 0.00 0
134431 0.00 0.00 0.00 0
134432 0.00 0.00 0.00 0
134433 0.00 0.00 0.00 0
134434 0.00 0.00 0.00 0
134435 0.00 0.00 0.00 0
134451 0.00 0.00 0.00 0
134452 0.00 0.00 0.00 0
135277 0.00 0.00 0.00 0
135278 0.00 0.00 0.00 0
135279 0.00 0.00 0.00 0
135292 0.00 0.00 0.00 0
135293 0.00 0.00 0.00 0
135305 0.00 0.00 0.00 0
135306 0.00 0.00 0.00 0
135307 0.00 0.00 0.00 0
135308 0.00 0.00 0.00 0
135314 0.00 0.00 0.00 0
135315 0.00 0.00 0.00 0
135316 0.00 0.00 0.00 0
135317 0.00 0.00 0.00 0
135318 0.00 0.00 0.00 0
135326 0.00 0.00 0.00 0
135327 0.00 0.00 0.00 0
135328 0.00 0.00 0.00 0
135329 0.00 0.00 0.00 0
135337 0.00 0.00 0.00 0
135338 0.00 0.00 0.00 0
136107 0.00 0.00 0.00 0
136108 0.00 0.00 0.00 0
136115 0.00 0.00 0.00 0
136116 0.00 0.00 0.00 0
136117 0.00 0.00 0.00 0
136118 0.00 0.00 0.00 0
136119 0.00 0.00 0.00 0
136128 0.00 0.00 0.00 0
136129 0.00 0.00 0.00 0
136130 0.00 0.00 0.00 0
136131 0.00 0.00 0.00 0
136132 0.00 0.00 0.00 0
136133 0.00 0.00 0.00 0
136134 0.00 0.00 0.00 0
136140 0.00 0.00 0.00 0
136141 0.00 0.00 0.00 0
136142 0.00 0.00 0.00 0
136143 0.00 0.00 0.00 0
136150 0.00 0.00 0.00 0
136151 0.00 0.00 0.00 0
136152 0.00 0.00 0.00 0
136163 0.00 0.00 0.00 0
136164 0.00 0.00 0.00 0
136165 0.00 0.00 0.00 0
136883 0.00 0.00 0.00 0
136884 0.00 0.00 0.00 0
136888 0.00 0.00 0.00 0
136889 0.00 0.00 0.00 0
136890 0.00 0.00 0.00 0
136895 0.00 0.00 0.00 0
136896 0.00 0.00 0.00 0
136897 0.00 0.00 0.00 0
136898 0.00 0.00 0.00 0
136899 0.00 0.00 0.00 0
136900 0.00 0.00 0.00 0
136909 0.00 0.00 0.00 0
136910 0.00 0.00 0.00 0
136911 0.00 0.00 0.00 0
136912 0.00 0.00 0.00 0
136913 0.00 0.00 0.00 0
136914 0.00 0.00 0.00 0
136915 0.00 0.00 0.00 0
136931 0.00 0.00 0.00 0
136932 0.00 0.00 0.00 0
136933 0.00 0.00 0.00 0
136955 0.00 0.00 0.00 0
136979 0.00 0.00 0.00 0
137660 0.00 0.00 0.00 0
137661 0.00 0.00 0.00 0
137671 0.00 0.00 0.00 0
137672 0.00 0.00 0.00 0
137681 0.00 0.00 0.00 0
137682 0.00 0.00 0.00 0
137685 0.00 0.00 0.00 0
137686 0.00 0.00 0.00 0
137706 0.00 0.00 0.00 0
137707 0.00 0.00 0.00 0
137708 0.00 0.00 0.00 0
137709 0.00 0.00 0.00 0
137710 0.00 0.00 0.00 0
137711 0.00 0.00 0.00 0
137712 0.00 0.00 0.00 0
137734 0.00 0.00 0.00 0
137735 0.00 0.00 0.00 0
137736 0.00 0.00 0.00 0
137737 0.00 0.00 0.00 0
137738 0.00 0.00 0.00 0
138396 0.00 0.00 0.00 0
138406 0.00 0.00 0.00 0
138407 0.00 0.00 0.00 0
138422 0.00 0.00 0.00 0
138423 0.00 0.00 0.00 0
138440 0.00 0.00 0.00 0
138444 0.00 0.00 0.00 0
138445 0.00 0.00 0.00 0
138467 0.00 0.00 0.00 0
138468 0.00 0.00 0.00 0
138469 0.00 0.00 0.00 0
138470 0.00 0.00 0.00 0
138471 0.00 0.00 0.00 0
138472 0.00 0.00 0.00 0
138489 0.00 0.00 0.00 0
138490 0.00 0.00 0.00 0
138491 0.00 0.00 0.00 0
138492 0.00 0.00 0.00 0
138493 0.00 0.00 0.00 0
138494 0.00 0.00 0.00 0
138495 0.00 0.00 0.00 0
138496 0.00 0.00 0.00 0
138497 0.00 0.00 0.00 0
138510 0.00 0.00 0.00 0
138526 0.00 0.00 0.00 0
138542 0.00 0.00 0.00 0
138543 0.00 0.00 0.00 0
139122 0.00 0.00 0.00 0
139139 0.00 0.00 0.00 0
139140 0.00 0.00 0.00 0
139157 0.00 0.00 0.00 0
139158 0.00 0.00 0.00 0
139181 0.00 0.00 0.00 0
139182 0.00 0.00 0.00 0
139196 0.00 0.00 0.00 0
139197 0.00 0.00 0.00 0
139198 0.00 0.00 0.00 0
139210 0.00 0.00 0.00 0
139211 0.00 0.00 0.00 0
139212 0.00 0.00 0.00 0
139213 0.00 0.00 0.00 0
139214 0.00 0.00 0.00 0
139215 0.00 0.00 0.00 0
139216 0.00 0.00 0.00 0
139217 0.00 0.00 0.00 0
139227 0.00 0.00 0.00 0
139228 0.00 0.00 0.00 0
139229 0.00 0.00 0.00 0
139230 0.00 0.00 0.00 0
139231 0.00 0.00 0.00 0
139243 0.00 0.00 0.00 0
139244 0.00 0.00 0.00 0
139245 0.00 0.00 0.00 0
139257 0.00 0.00 0.00 0
139258 0.00 0.00 0.00 0
139798 0.00 0.00 0.00 0
139812 0.00 0.00 0.00 0
139813 0.00 0.00 0.00 0
139829 0.00 0.00 0.00 0
139830 0.00 0.00 0.00 0
139848 0.00 0.00 0.00 0
139849 0.00 0.00 0.00 0
139869 0.00 0.00 0.00 0
139870 0.00 0.00 0.00 0
139871 0.00 0.00 0.00 0
139884 0.00 0.00 0.00 0
139885 0.00 0.00 0.00 0
139900 0.00 0.00 0.00 0
139901 0.00 0.00 0.00 0
139902 0.00 0.00 0.00 0
139903 0.00 0.00 0.00 0
139904 0.00 0.00 0.00 0
139905 0.00 0.00 0.00 0
139906 0.00 0.00 0.00 0
139907 0.00 0.00 0.00 0
139916 0.00 0.00 0.00 0
139917 0.00 0.00 0.00 0
139918 0.00 0.00 0.00 0
139919 0.00 0.00 0.00 0
139920 0.00 0.00 0.00 0
139921 0.00 0.00 0.00 0
139922 0.00 0.00 0.00 0
139935 0.00 0.00 0.00 0
139936 0.00 0.00 0.00 0
139937 0.00 0.00 0.00 0
139938 0.00 0.00 0.00 0
139939 0.00 0.00 0.00 0
139950 0.00 0.00 0.00 0
139951 0.00 0.00 0.00 0
140565 0.00 0.00 0.00 0
140566 0.00 0.00 0.00 0
140567 0.00 0.00 0.00 0
140575 0.00 0.00 0.00 0
140576 0.00 0.00 0.00 0
140577 0.00 0.00 0.00 0
140590 0.00 0.00 0.00 0
140591 0.00 0.00 0.00 0
140592 0.00 0.00 0.00 0
140605 0.00 0.00 0.00 0
140619 0.00 0.00 0.00 0
140620 0.00 0.00 0.00 0
140635 0.00 0.00 0.00 0
140636 0.00 0.00 0.00 0
140652 0.00 0.00 0.00 0
140653 0.00 0.00 0.00 0
140654 0.00 0.00 0.00 0
140655 0.00 0.00 0.00 0
140662 0.00 0.00 0.00 0
140663 0.00 0.00 0.00 0
140664 0.00 0.00 0.00 0
140665 0.00 0.00 0.00 0
140666 0.00 0.00 0.00 0
140667 0.00 0.00 0.00 0
140668 0.00 0.00 0.00 0
140678 0.00 0.00 0.00 0
140679 0.00 0.00 0.00 0
140680 0.00 0.00 0.00 0
140681 0.00 0.00 0.00 0
140682 0.00 0.00 0.00 0
140683 0.00 0.00 0.00 0
140684 0.00 0.00 0.00 0
140692 0.00 0.00 0.00 0
140693 0.00 0.00 0.00 0
141229 0.00 0.00 0.00 0
141253 0.00 0.00 0.00 0
141254 0.00 0.00 0.00 0
141269 0.00 0.00 0.00 0
141270 0.00 0.00 0.00 0
141271 0.00 0.00 0.00 0
141283 0.00 0.00 0.00 0
141284 0.00 0.00 0.00 0
141285 0.00 0.00 0.00 0
141298 0.00 0.00 0.00 0
141299 0.00 0.00 0.00 0
141300 0.00 0.00 0.00 0
141301 0.00 0.00 0.00 0
141313 0.00 0.00 0.00 0
141314 0.00 0.00 0.00 0
141315 0.00 0.00 0.00 0
141316 0.00 0.00 0.00 0
141317 0.00 0.00 0.00 0
141318 0.00 0.00 0.00 0
141329 0.00 0.00 0.00 0
141330 0.00 0.00 0.00 0
141331 0.00 0.00 0.00 0
141332 0.00 0.00 0.00 0
141333 0.00 0.00 0.00 0
141334 0.00 0.00 0.00 0
141335 0.00 0.00 0.00 0
141336 0.00 0.00 0.00 0
141349 0.00 0.00 0.00 0
141350 0.00 0.00 0.00 0
141351 0.00 0.00 0.00 0
141352 0.00 0.00 0.00 0
141353 0.00 0.00 0.00 0
141354 0.00 0.00 0.00 0
141355 0.00 0.00 0.00 0
141356 0.00 0.00 0.00 0
141357 0.00 0.00 0.00 0
141369 0.00 0.00 0.00 0
141370 0.00 0.00 0.00 0
141371 0.00 0.00 0.00 0
141372 0.00 0.00 0.00 0
141373 0.00 0.00 0.00 0
141374 0.00 0.00 0.00 0
141375 0.00 0.00 0.00 0
141389 0.00 0.00 0.00 0
141390 0.00 0.00 0.00 0
141391 0.00 0.00 0.00 0
141392 0.00 0.00 0.00 0
141393 0.00 0.00 0.00 0
141394 0.00 0.00 0.00 0
141395 0.00 0.00 0.00 0
141402 0.00 0.00 0.00 0
141403 0.00 0.00 0.00 0
141404 0.00 0.00 0.00 0
141405 0.00 0.00 0.00 0
141406 0.00 0.00 0.00 0
141407 0.00 0.00 0.00 0
141408 0.00 0.00 0.00 0
141925 0.00 0.00 0.00 0
141926 0.00 0.00 0.00 0
141927 0.00 0.00 0.00 0
141943 0.00 0.00 0.00 0
141944 0.00 0.00 0.00 0
141945 0.00 0.00 0.00 0
141946 0.00 0.00 0.00 0
141947 0.00 0.00 0.00 0
141961 0.00 0.00 0.00 0
141962 0.00 0.00 0.00 0
141963 0.00 0.00 0.00 0
141964 0.00 0.00 0.00 0
141965 0.00 0.00 0.00 0
141977 0.00 0.00 0.00 0
141978 0.00 0.00 0.00 0
141979 0.00 0.00 0.00 0
141980 0.00 0.00 0.00 0
141981 0.00 0.00 0.00 0
141982 0.00 0.00 0.00 0
141983 0.00 0.00 0.00 0
141998 0.00 0.00 0.00 0
141999 0.00 0.00 0.00 0
142000 0.00 0.00 0.00 0
142001 0.00 0.00 0.00 0
142002 0.00 0.00 0.00 0
142003 0.00 0.00 0.00 0
142004 0.00 0.00 0.00 0
142005 0.00 0.00 0.00 0
142020 0.00 0.00 0.00 0
142021 0.00 0.00 0.00 0
142022 0.00 0.00 0.00 0
142023 0.00 0.00 0.00 0
142024 0.00 0.00 0.00 0
142025 0.00 0.00 0.00 0
142026 0.00 0.00 0.00 0
142027 0.00 0.00 0.00 0
142040 0.00 0.00 0.00 0
142041 0.00 0.00 0.00 0
142042 0.00 0.00 0.00 0
142043 0.00 0.00 0.00 0
142044 0.00 0.00 0.00 0
142045 0.00 0.00 0.00 0
142046 0.00 0.00 0.00 0
142056 0.00 0.00 0.00 0
142057 0.00 0.00 0.00 0
142058 0.00 0.00 0.00 0
142059 0.00 0.00 0.00 0
142060 0.00 0.00 0.00 0
142061 0.00 0.00 0.00 0
142062 0.00 0.00 0.00 0
142071 0.00 0.00 0.00 0
142072 0.00 0.00 0.00 0
142073 0.00 0.00 0.00 0
142074 0.00 0.00 0.00 0
142075 0.00 0.00 0.00 0
142076 0.00 0.00 0.00 0
142077 0.00 0.00 0.00 0
142091 0.00 0.00 0.00 0
142092 0.00 0.00 0.00 0
142093 0.00 0.00 0.00 0
142094 0.00 0.00 0.00 0
142095 0.00 0.00 0.00 0
142096 0.00 0.00 0.00 0
142104 0.00 0.00 0.00 0
142105 0.00 0.00 0.00 0
142106 0.00 0.00 0.00 0
142107 0.00 0.00 0.00 0
142108 0.00 0.00 0.00 0
142109 0.00 0.00 0.00 0
142110 0.00 0.00 0.00 0
142111 0.00 0.00 0.00 0
142118 0.00 0.00 0.00 0
142119 0.00 0.00 0.00 0
142120 0.00 0.00 0.00 0
142617 0.00 0.00 0.00 0
142618 0.00 0.00 0.00 0
142629 0.00 0.00 0.00 0
142630 0.00 0.00 0.00 0
142631 0.00 0.00 0.00 0
142643 0.00 0.00 0.00 0
142644 0.00 0.00 0.00 0
142645 0.00 0.00 0.00 0
142646 0.00 0.00 0.00 0
142658 0.00 0.00 0.00 0
142659 0.00 0.00 0.00 0
142660 0.00 0.00 0.00 0
142661 0.00 0.00 0.00 0
142662 0.00 0.00 0.00 0
142663 0.00 0.00 0.00 0
142673 0.00 0.00 0.00 0
142674 0.00 0.00 0.00 0
142675 0.00 0.00 0.00 0
142676 0.00 0.00 0.00 0
142677 0.00 0.00 0.00 0
142687 0.00 0.00 0.00 0
142688 0.00 0.00 0.00 0
142689 0.00 0.00 0.00 0
142690 0.00 0.00 0.00 0
142704 0.00 0.00 0.00 0
142705 0.00 0.00 0.00 0
142706 0.00 0.00 0.00 0
142707 0.00 0.00 0.00 0
142708 0.00 0.00 0.00 0
142724 0.00 0.00 0.00 0
142725 0.00 0.00 0.00 0
142726 0.00 0.00 0.00 0
142727 0.00 0.00 0.00 0
142743 0.00 0.00 0.00 0
142744 0.00 0.00 0.00 0
142745 0.00 0.00 0.00 0
142746 0.00 0.00 0.00 0
142747 0.00 0.00 0.00 0
142759 0.00 0.00 0.00 0
142760 0.00 0.00 0.00 0
142761 0.00 0.00 0.00 0
142762 0.00 0.00 0.00 0
142774 0.00 0.00 0.00 0
142775 0.00 0.00 0.00 0
142776 0.00 0.00 0.00 0
142777 0.00 0.00 0.00 0
142778 0.00 0.00 0.00 0
142792 0.00 0.00 0.00 0
142793 0.00 0.00 0.00 0
142794 0.00 0.00 0.00 0
142795 0.00 0.00 0.00 0
142796 0.00 0.00 0.00 0
142797 0.00 0.00 0.00 0
142806 0.00 0.00 0.00 0
142807 0.00 0.00 0.00 0
142808 0.00 0.00 0.00 0
142809 0.00 0.00 0.00 0
142810 0.00 0.00 0.00 0
142816 0.00 0.00 0.00 0
142817 0.00 0.00 0.00 0
142818 0.00 0.00 0.00 0
142819 0.00 0.00 0.00 0
143267 0.00 0.00 0.00 0
143275 0.00 0.00 0.00 0
143276 0.00 0.00 0.00 0
143277 0.00 0.00 0.00 0
143278 0.00 0.00 0.00 0
143285 0.00 0.00 0.00 0
143286 0.00 0.00 0.00 0
143292 0.00 0.00 0.00 0
143293 0.00 0.00 0.00 0
143294 0.00 0.00 0.00 0
143295 0.00 0.00 0.00 0
143305 0.00 0.00 0.00 0
143306 0.00 0.00 0.00 0
143307 0.00 0.00 0.00 0
143308 0.00 0.00 0.00 0
143309 0.00 0.00 0.00 0
143319 0.00 0.00 0.00 0
143320 0.00 0.00 0.00 0
143321 0.00 0.00 0.00 0
143322 0.00 0.00 0.00 0
143337 0.00 0.00 0.00 0
143338 0.00 0.00 0.00 0
143339 0.00 0.00 0.00 0
143340 0.00 0.00 0.00 0
143341 0.00 0.00 0.00 0
143358 0.00 0.00 0.00 0
143359 0.00 0.00 0.00 0
143360 0.00 0.00 0.00 0
143361 0.00 0.00 0.00 0
143362 0.00 0.00 0.00 0
143377 0.00 0.00 0.00 0
143378 0.00 0.00 0.00 0
143379 0.00 0.00 0.00 0
143380 0.00 0.00 0.00 0
143381 0.00 0.00 0.00 0
143398 0.00 0.00 0.00 0
143399 0.00 0.00 0.00 0
143400 0.00 0.00 0.00 0
143401 0.00 0.00 0.00 0
143402 0.00 0.00 0.00 0
143414 0.00 0.00 0.00 0
143415 0.00 0.00 0.00 0
143416 0.00 0.00 0.00 0
143417 0.00 0.00 0.00 0
143418 0.00 0.00 0.00 0
143430 0.00 0.00 0.00 0
143431 0.00 0.00 0.00 0
143432 0.00 0.00 0.00 0
143433 0.00 0.00 0.00 0
143434 0.00 0.00 0.00 0
143444 0.00 0.00 0.00 0
143445 0.00 0.00 0.00 0
143446 0.00 0.00 0.00 0
143447 0.00 0.00 0.00 0
143453 0.00 0.00 0.00 0
143454 0.00 0.00 0.00 0
143455 0.00 0.00 0.00 0
143456 0.00 0.00 0.00 0
143942 0.00 0.00 0.00 0
143952 0.00 0.00 0.00 0
143953 0.00 0.00 0.00 0
143954 0.00 0.00 0.00 0
143955 0.00 0.00 0.00 0
143956 0.00 0.00 0.00 0
143957 0.00 0.00 0.00 0
143958 0.00 0.00 0.00 0
143965 0.00 0.00 0.00 0
143966 0.00 0.00 0.00 0
143967 0.00 0.00 0.00 0
143968 0.00 0.00 0.00 0
143969 0.00 0.00 0.00 0
143978 0.00 0.00 0.00 0
143979 0.00 0.00 0.00 0
143980 0.00 0.00 0.00 0
143981 0.00 0.00 0.00 0
143990 0.00 0.00 0.00 0
143991 0.00 0.00 0.00 0
144002 0.00 0.00 0.00 0
144003 0.00 0.00 0.00 0
144004 0.00 0.00 0.00 0
144021 0.00 0.00 0.00 0
144022 0.00 0.00 0.00 0
144023 0.00 0.00 0.00 0
144024 0.00 0.00 0.00 0
144039 0.00 0.00 0.00 0
144040 0.00 0.00 0.00 0
144041 0.00 0.00 0.00 0
144055 0.00 0.00 0.00 0
144056 0.00 0.00 0.00 0
144057 0.00 0.00 0.00 0
144058 0.00 0.00 0.00 0
144074 0.00 0.00 0.00 0
144075 0.00 0.00 0.00 0
144076 0.00 0.00 0.00 0
144077 0.00 0.00 0.00 0
144086 0.00 0.00 0.00 0
144087 0.00 0.00 0.00 0
144088 0.00 0.00 0.00 0
144089 0.00 0.00 0.00 0
144097 0.00 0.00 0.00 0
144098 0.00 0.00 0.00 0
144099 0.00 0.00 0.00 0
144100 0.00 0.00 0.00 0
144110 0.00 0.00 0.00 0
144111 0.00 0.00 0.00 0
144112 0.00 0.00 0.00 0
144113 0.00 0.00 0.00 0
144121 0.00 0.00 0.00 0
144122 0.00 0.00 0.00 0
144123 0.00 0.00 0.00 0
144675 0.00 0.00 0.00 0
144676 0.00 0.00 0.00 0
144686 0.00 0.00 0.00 0
144687 0.00 0.00 0.00 0
144688 0.00 0.00 0.00 0
144689 0.00 0.00 0.00 0
144698 0.00 0.00 0.00 0
144699 0.00 0.00 0.00 0
144700 0.00 0.00 0.00 0
144701 0.00 0.00 0.00 0
144702 0.00 0.00 0.00 0
144703 0.00 0.00 0.00 0
144704 0.00 0.00 0.00 0
144715 0.00 0.00 0.00 0
144716 0.00 0.00 0.00 0
144717 0.00 0.00 0.00 0
144718 0.00 0.00 0.00 0
144719 0.00 0.00 0.00 0
144720 0.00 0.00 0.00 0
144729 0.00 0.00 0.00 0
144730 0.00 0.00 0.00 0
144731 0.00 0.00 0.00 0
144740 0.00 0.00 0.00 0
144741 0.00 0.00 0.00 0
144742 0.00 0.00 0.00 0
144755 0.00 0.00 0.00 0
144756 0.00 0.00 0.00 0
144757 0.00 0.00 0.00 0
144758 0.00 0.00 0.00 0
144759 0.00 0.00 0.00 0
144772 0.00 0.00 0.00 0
144773 0.00 0.00 0.00 0
144774 0.00 0.00 0.00 0
144775 0.00 0.00 0.00 0
144776 0.00 0.00 0.00 0
144777 0.00 0.00 0.00 0
144792 0.00 0.00 0.00 0
144793 0.00 0.00 0.00 0
144794 0.00 0.00 0.00 0
144795 0.00 0.00 0.00 0
144796 0.00 0.00 0.00 0
144797 0.00 0.00 0.00 0
144807 0.00 0.00 0.00 0
144808 0.00 0.00 0.00 0
144809 0.00 0.00 0.00 0
144810 0.00 0.00 0.00 0
144815 0.00 0.00 0.00 0
144816 0.00 0.00 0.00 0
144817 0.00 0.00 0.00 0
144824 0.00 0.00 0.00 0
144825 0.00 0.00 0.00 0
144826 0.00 0.00 0.00 0
144827 0.00 0.00 0.00 0
144828 0.00 0.00 0.00 0
144829 0.00 0.00 0.00 0
144839 0.00 0.00 0.00 0
144840 0.00 0.00 0.00 0
144841 0.00 0.00 0.00 0
144842 0.00 0.00 0.00 0
145394 0.00 0.00 0.00 0
145395 0.00 0.00 0.00 0
145408 0.00 0.00 0.00 0
145420 0.00 0.00 0.00 0
145421 0.00 0.00 0.00 0
145422 0.00 0.00 0.00 0
145423 0.00 0.00 0.00 0
145424 0.00 0.00 0.00 0
145434 0.00 0.00 0.00 0
145435 0.00 0.00 0.00 0
145436 0.00 0.00 0.00 0
145437 0.00 0.00 0.00 0
145438 0.00 0.00 0.00 0
145439 0.00 0.00 0.00 0
145440 0.00 0.00 0.00 0
145446 0.00 0.00 0.00 0
145447 0.00 0.00 0.00 0
145448 0.00 0.00 0.00 0
145449 0.00 0.00 0.00 0
145450 0.00 0.00 0.00 0
145451 0.00 0.00 0.00 0
145452 0.00 0.00 0.00 0
145453 0.00 0.00 0.00 0
145460 0.00 0.00 0.00 0
145461 0.00 0.00 0.00 0
145462 0.00 0.00 0.00 0
145463 0.00 0.00 0.00 0
145464 0.00 0.00 0.00 0
145465 0.00 0.00 0.00 0
145466 0.00 0.00 0.00 0
145467 0.00 0.00 0.00 0
145468 0.00 0.00 0.00 0
145481 0.00 0.00 0.00 0
145482 0.00 0.00 0.00 0
145483 0.00 0.00 0.00 0
145484 0.00 0.00 0.00 0
145485 0.00 0.00 0.00 0
145486 0.00 0.00 0.00 0
145487 0.00 0.00 0.00 0
145488 0.00 0.00 0.00 0
145502 0.00 0.00 0.00 0
145503 0.00 0.00 0.00 0
145504 0.00 0.00 0.00 0
145505 0.00 0.00 0.00 0
145506 0.00 0.00 0.00 0
145507 0.00 0.00 0.00 0
145508 0.00 0.00 0.00 0
145509 0.00 0.00 0.00 0
145510 0.00 0.00 0.00 0
145521 0.00 0.00 0.00 0
145522 0.00 0.00 0.00 0
145523 0.00 0.00 0.00 0
145524 0.00 0.00 0.00 0
145525 0.00 0.00 0.00 0
145526 0.00 0.00 0.00 0
145527 0.00 0.00 0.00 0
145528 0.00 0.00 0.00 0
145535 0.00 0.00 0.00 0
145536 0.00 0.00 0.00 0
145537 0.00 0.00 0.00 0
145538 0.00 0.00 0.00 0
145539 0.00 0.00 0.00 0
145540 0.00 0.00 0.00 0
145541 0.00 0.00 0.00 0
145542 0.00 0.00 0.00 0
145543 0.00 0.00 0.00 0
145550 0.00 0.00 0.00 0
145551 0.00 0.00 0.00 0
145552 0.00 0.00 0.00 0
145553 0.00 0.00 0.00 0
145554 0.00 0.00 0.00 0
145555 0.00 0.00 0.00 0
145556 0.00 0.00 0.00 0
145565 0.00 0.00 0.00 0
145566 0.00 0.00 0.00 0
145567 0.00 0.00 0.00 0
145568 0.00 0.00 0.00 0
145569 0.00 0.00 0.00 0
145570 0.00 0.00 0.00 0
145581 0.00 0.00 0.00 0
145582 0.00 0.00 0.00 0
146115 0.00 0.00 0.00 0
146116 0.00 0.00 0.00 0
146132 0.00 0.00 0.00 0
146150 0.00 0.00 0.00 0
146151 0.00 0.00 0.00 0
146160 0.00 0.00 0.00 0
146161 0.00 0.00 0.00 0
146162 0.00 0.00 0.00 0
146163 0.00 0.00 0.00 0
146164 0.00 0.00 0.00 0
146165 0.00 0.00 0.00 0
146166 0.00 0.00 0.00 0
146167 0.00 0.00 0.00 0
146168 0.00 0.00 0.00 0
146175 0.00 0.00 0.00 0
146176 0.00 0.00 0.00 0
146177 0.00 0.00 0.00 0
146178 0.00 0.00 0.00 0
146179 0.00 0.00 0.00 0
146180 0.00 0.00 0.00 0
146181 0.00 0.00 0.00 0
146182 0.00 0.00 0.00 0
146183 0.00 0.00 0.00 0
146184 0.00 0.00 0.00 0
146193 0.00 0.00 0.00 0
146194 0.00 0.00 0.00 0
146195 0.00 0.00 0.00 0
146196 0.00 0.00 0.00 0
146197 0.00 0.00 0.00 0
146198 0.00 0.00 0.00 0
146199 0.00 0.00 0.00 0
146200 0.00 0.00 0.00 0
146201 0.00 0.00 0.00 0
146202 0.00 0.00 0.00 0
146215 0.00 0.00 0.00 0
146216 0.00 0.00 0.00 0
146217 0.00 0.00 0.00 0
146218 0.00 0.00 0.00 0
146219 0.00 0.00 0.00 0
146220 0.00 0.00 0.00 0
146221 0.00 0.00 0.00 0
146237 0.00 0.00 0.00 0
146238 0.00 0.00 0.00 0
146239 0.00 0.00 0.00 0
146240 0.00 0.00 0.00 0
146241 0.00 0.00 0.00 0
146242 0.00 0.00 0.00 0
146243 0.00 0.00 0.00 0
146250 0.00 0.00 0.00 0
146251 0.00 0.00 0.00 0
146252 0.00 0.00 0.00 0
146253 0.00 0.00 0.00 0
146261 0.00 0.00 0.00 0
146262 0.00 0.00 0.00 0
146263 0.00 0.00 0.00 0
146264 0.00 0.00 0.00 0
146265 0.00 0.00 0.00 0
146266 0.00 0.00 0.00 0
146273 0.00 0.00 0.00 0
146274 0.00 0.00 0.00 0
146275 0.00 0.00 0.00 0
146276 0.00 0.00 0.00 0
146284 0.00 0.00 0.00 0
146285 0.00 0.00 0.00 0
146816 0.00 0.00 0.00 0
146817 0.00 0.00 0.00 0
146832 0.00 0.00 0.00 0
146850 0.00 0.00 0.00 0
146851 0.00 0.00 0.00 0
146852 0.00 0.00 0.00 0
146853 0.00 0.00 0.00 0
146854 0.00 0.00 0.00 0
146863 0.00 0.00 0.00 0
146864 0.00 0.00 0.00 0
146868 0.00 0.00 0.00 0
146869 0.00 0.00 0.00 0
146870 0.00 0.00 0.00 0
146871 0.00 0.00 0.00 0
146872 0.00 0.00 0.00 0
146873 0.00 0.00 0.00 0
146879 0.00 0.00 0.00 0
146880 0.00 0.00 0.00 0
146881 0.00 0.00 0.00 0
146882 0.00 0.00 0.00 0
146883 0.00 0.00 0.00 0
146884 0.00 0.00 0.00 0
146885 0.00 0.00 0.00 0
146886 0.00 0.00 0.00 0
146895 0.00 0.00 0.00 0
146896 0.00 0.00 0.00 0
146897 0.00 0.00 0.00 0
146898 0.00 0.00 0.00 0
146899 0.00 0.00 0.00 0
146900 0.00 0.00 0.00 0
146909 0.00 0.00 0.00 0
146910 0.00 0.00 0.00 0
146911 0.00 0.00 0.00 0
146912 0.00 0.00 0.00 0
146925 0.00 0.00 0.00 0
146926 0.00 0.00 0.00 0
146927 0.00 0.00 0.00 0
146928 0.00 0.00 0.00 0
146936 0.00 0.00 0.00 0
146937 0.00 0.00 0.00 0
146938 0.00 0.00 0.00 0
146939 0.00 0.00 0.00 0
146940 0.00 0.00 0.00 0
146949 0.00 0.00 0.00 0
146950 0.00 0.00 0.00 0
146951 0.00 0.00 0.00 0
146952 0.00 0.00 0.00 0
147466 0.00 0.00 0.00 0
147481 0.00 0.00 0.00 0
147482 0.00 0.00 0.00 0
147498 0.00 0.00 0.00 0
147499 0.00 0.00 0.00 0
147510 0.00 0.00 0.00 0
147511 0.00 0.00 0.00 0
147512 0.00 0.00 0.00 0
147516 0.00 0.00 0.00 0
147517 0.00 0.00 0.00 0
147518 0.00 0.00 0.00 0
147519 0.00 0.00 0.00 0
147520 0.00 0.00 0.00 0
147521 0.00 0.00 0.00 0
147531 0.00 0.00 0.00 0
147532 0.00 0.00 0.00 0
147533 0.00 0.00 0.00 0
147534 0.00 0.00 0.00 0
147535 0.00 0.00 0.00 0
147536 0.00 0.00 0.00 0
147537 0.00 0.00 0.00 0
147538 0.00 0.00 0.00 0
147539 0.00 0.00 0.00 0
147540 0.00 0.00 0.00 0
147541 0.00 0.00 0.00 0
147551 0.00 0.00 0.00 0
147552 0.00 0.00 0.00 0
147553 0.00 0.00 0.00 0
147554 0.00 0.00 0.00 0
147555 0.00 0.00 0.00 0
147556 0.00 0.00 0.00 0
147557 0.00 0.00 0.00 0
147558 0.00 0.00 0.00 0
147559 0.00 0.00 0.00 0
147568 0.00 0.00 0.00 0
147569 0.00 0.00 0.00 0
147570 0.00 0.00 0.00 0
147571 0.00 0.00 0.00 0
147572 0.00 0.00 0.00 0
147573 0.00 0.00 0.00 0
147574 0.00 0.00 0.00 0
147575 0.00 0.00 0.00 0
147576 0.00 0.00 0.00 0
147586 0.00 0.00 0.00 0
147587 0.00 0.00 0.00 0
147588 0.00 0.00 0.00 0
147589 0.00 0.00 0.00 0
147590 0.00 0.00 0.00 0
147602 0.00 0.00 0.00 0
147603 0.00 0.00 0.00 0
147604 0.00 0.00 0.00 0
147605 0.00 0.00 0.00 0
147614 0.00 0.00 0.00 0
147615 0.00 0.00 0.00 0
147616 0.00 0.00 0.00 0
148109 0.00 0.00 0.00 0
148110 0.00 0.00 0.00 0
148126 0.00 0.00 0.00 0
148127 0.00 0.00 0.00 0
148128 0.00 0.00 0.00 0
148129 0.00 0.00 0.00 0
148130 0.00 0.00 0.00 0
148131 0.00 0.00 0.00 0
148141 0.00 0.00 0.00 0
148142 0.00 0.00 0.00 0
148143 0.00 0.00 0.00 0
148144 0.00 0.00 0.00 0
148145 0.00 0.00 0.00 0
148146 0.00 0.00 0.00 0
148147 0.00 0.00 0.00 0
148148 0.00 0.00 0.00 0
148160 0.00 0.00 0.00 0
148161 0.00 0.00 0.00 0
148162 0.00 0.00 0.00 0
148163 0.00 0.00 0.00 0
148164 0.00 0.00 0.00 0
148165 0.00 0.00 0.00 0
148166 0.00 0.00 0.00 0
148167 0.00 0.00 0.00 0
148177 0.00 0.00 0.00 0
148178 0.00 0.00 0.00 0
148179 0.00 0.00 0.00 0
148180 0.00 0.00 0.00 0
148181 0.00 0.00 0.00 0
148182 0.00 0.00 0.00 0
148183 0.00 0.00 0.00 0
148184 0.00 0.00 0.00 0
148185 0.00 0.00 0.00 0
148186 0.00 0.00 0.00 0
148192 0.00 0.00 0.00 0
148193 0.00 0.00 0.00 0
148194 0.00 0.00 0.00 0
148195 0.00 0.00 0.00 0
148196 0.00 0.00 0.00 0
148197 0.00 0.00 0.00 0
148198 0.00 0.00 0.00 0
148199 0.00 0.00 0.00 0
148200 0.00 0.00 0.00 0
148207 0.00 0.00 0.00 0
148208 0.00 0.00 0.00 0
148668 0.00 0.00 0.00 0
148669 0.00 0.00 0.00 0
148686 0.00 0.00 0.00 0
148687 0.00 0.00 0.00 0
148688 0.00 0.00 0.00 0
148689 0.00 0.00 0.00 0
148690 0.00 0.00 0.00 0
148691 0.00 0.00 0.00 0
148692 0.00 0.00 0.00 0
148706 0.00 0.00 0.00 0
148707 0.00 0.00 0.00 0
148708 0.00 0.00 0.00 0
148709 0.00 0.00 0.00 0
148710 0.00 0.00 0.00 0
148711 0.00 0.00 0.00 0
148712 0.00 0.00 0.00 0
148713 0.00 0.00 0.00 0
148726 0.00 0.00 0.00 0
148727 0.00 0.00 0.00 0
148728 0.00 0.00 0.00 0
148729 0.00 0.00 0.00 0
148730 0.00 0.00 0.00 0
148731 0.00 0.00 0.00 0
148732 0.00 0.00 0.00 0
148746 0.00 0.00 0.00 0
148747 0.00 0.00 0.00 0
148748 0.00 0.00 0.00 0
148749 0.00 0.00 0.00 0
148750 0.00 0.00 0.00 0
148751 0.00 0.00 0.00 0
148763 0.00 0.00 0.00 0
148764 0.00 0.00 0.00 0
148765 0.00 0.00 0.00 0
148776 0.00 0.00 0.00 0
148777 0.00 0.00 0.00 0
148778 0.00 0.00 0.00 0
149196 0.00 0.00 0.00 0
149197 0.00 0.00 0.00 0
149213 0.00 0.00 0.00 0
149214 0.00 0.00 0.00 0
149215 0.00 0.00 0.00 0
149216 0.00 0.00 0.00 0
149217 0.00 0.00 0.00 0
149231 0.00 0.00 0.00 0
149232 0.00 0.00 0.00 0
149233 0.00 0.00 0.00 0
149247 0.00 0.00 0.00 0
149248 0.00 0.00 0.00 0
149262 0.00 0.00 0.00 0
149263 0.00 0.00 0.00 0
149264 0.00 0.00 0.00 0
149276 0.00 0.00 0.00 0
149277 0.00 0.00 0.00 0
149278 0.00 0.00 0.00 0
149290 0.00 0.00 0.00 0
149291 0.00 0.00 0.00 0
149292 0.00 0.00 0.00 0
149707 0.00 0.00 0.00 0
149708 0.00 0.00 0.00 0
149709 0.00 0.00 0.00 0
149710 0.00 0.00 0.00 0
149725 0.00 0.00 0.00 0
149726 0.00 0.00 0.00 0
149727 0.00 0.00 0.00 0
149728 0.00 0.00 0.00 0
149742 0.00 0.00 0.00 0
149743 0.00 0.00 0.00 0
149744 0.00 0.00 0.00 0
149745 0.00 0.00 0.00 0
149756 0.00 0.00 0.00 0
149757 0.00 0.00 0.00 0
149758 0.00 0.00 0.00 0
149759 0.00 0.00 0.00 0
149768 0.00 0.00 0.00 0
149769 0.00 0.00 0.00 0
149770 0.00 0.00 0.00 0
149771 0.00 0.00 0.00 0
149783 0.00 0.00 0.00 0
149784 0.00 0.00 0.00 0
149795 0.00 0.00 0.00 0
149796 0.00 0.00 0.00 0
150261 0.00 0.00 0.00 0
150262 0.00 0.00 0.00 0
150263 0.00 0.00 0.00 0
150264 0.00 0.00 0.00 0
150274 0.00 0.00 0.00 0
150275 0.00 0.00 0.00 0
150276 0.00 0.00 0.00 0
150277 0.00 0.00 0.00 0
150278 0.00 0.00 0.00 0
150279 0.00 0.00 0.00 0
150292 0.00 0.00 0.00 0
150293 0.00 0.00 0.00 0
150294 0.00 0.00 0.00 0
150304 0.00 0.00 0.00 0
150305 0.00 0.00 0.00 0
150306 0.00 0.00 0.00 0
150307 0.00 0.00 0.00 0
150318 0.00 0.00 0.00 0
150319 0.00 0.00 0.00 0
150320 0.00 0.00 0.00 0
150321 0.00 0.00 0.00 0
150797 0.00 0.00 0.00 0
150809 0.00 0.00 0.00 0
150810 0.00 0.00 0.00 0
150811 0.00 0.00 0.00 0
150812 0.00 0.00 0.00 0
150813 0.00 0.00 0.00 0
150814 0.00 0.00 0.00 0
150815 0.00 0.00 0.00 0
150826 0.00 0.00 0.00 0
150827 0.00 0.00 0.00 0
150828 0.00 0.00 0.00 0
150829 0.00 0.00 0.00 0
150830 0.00 0.00 0.00 0
150831 0.00 0.00 0.00 0
150838 0.00 0.00 0.00 0
150839 0.00 0.00 0.00 0
150840 0.00 0.00 0.00 0
150841 0.00 0.00 0.00 0
150842 0.00 0.00 0.00 0
150852 0.00 0.00 0.00 0
150853 0.00 0.00 0.00 0
150854 0.00 0.00 0.00 0
150855 0.00 0.00 0.00 0
151274 0.00 0.00 0.00 0
151275 0.00 0.00 0.00 0
151282 0.00 0.00 0.00 0
151283 0.00 0.00 0.00 0
151284 0.00 0.00 0.00 0
151285 0.00 0.00 0.00 0
151310 0.00 0.00 0.00 0
151311 0.00 0.00 0.00 0
151312 0.00 0.00 0.00 0
151313 0.00 0.00 0.00 0
151314 0.00 0.00 0.00 0
151324 0.00 0.00 0.00 0
151325 0.00 0.00 0.00 0
151326 0.00 0.00 0.00 0
151327 0.00 0.00 0.00 0
151328 0.00 0.00 0.00 0
151329 0.00 0.00 0.00 0
151330 0.00 0.00 0.00 0
151336 0.00 0.00 0.00 0
151337 0.00 0.00 0.00 0
151338 0.00 0.00 0.00 0
151351 0.00 0.00 0.00 0
151352 0.00 0.00 0.00 0
151353 0.00 0.00 0.00 0
151354 0.00 0.00 0.00 0
151715 0.00 0.00 0.00 0
151716 0.00 0.00 0.00 0
151720 0.00 0.00 0.00 0
151721 0.00 0.00 0.00 0
151722 0.00 0.00 0.00 0
151723 0.00 0.00 0.00 0
151724 0.00 0.00 0.00 0
151725 0.00 0.00 0.00 0
151739 0.00 0.00 0.00 0
151740 0.00 0.00 0.00 0
151741 0.00 0.00 0.00 0
151742 0.00 0.00 0.00 0
151743 0.00 0.00 0.00 0
151754 0.00 0.00 0.00 0
151755 0.00 0.00 0.00 0
151756 0.00 0.00 0.00 0
151757 0.00 0.00 0.00 0
151769 0.00 0.00 0.00 0
151770 0.00 0.00 0.00 0
151771 0.00 0.00 0.00 0
151772 0.00 0.00 0.00 0
151773 0.00 0.00 0.00 0
151774 0.00 0.00 0.00 0
151775 0.00 0.00 0.00 0
151787 0.00 0.00 0.00 0
151788 0.00 0.00 0.00 0
151789 0.00 0.00 0.00 0
151790 0.00 0.00 0.00 0
151791 0.00 0.00 0.00 0
151792 0.00 0.00 0.00 0
151793 0.00 0.00 0.00 0
151804 0.00 0.00 0.00 0
151805 0.00 0.00 0.00 0
151806 0.00 0.00 0.00 0
152149 0.00 0.00 0.00 0
152158 0.00 0.00 0.00 0
152159 0.00 0.00 0.00 0
152160 0.00 0.00 0.00 0
152172 0.00 0.00 0.00 0
152173 0.00 0.00 0.00 0
152174 0.00 0.00 0.00 0
152175 0.00 0.00 0.00 0
152176 0.00 0.00 0.00 0
152177 0.00 0.00 0.00 0
152178 0.00 0.00 0.00 0
152179 0.00 0.00 0.00 0
152180 0.00 0.00 0.00 0
152194 0.00 0.00 0.00 0
152195 0.00 0.00 0.00 0
152196 0.00 0.00 0.00 0
152197 0.00 0.00 0.00 0
152198 0.00 0.00 0.00 0
152199 0.00 0.00 0.00 0
152200 0.00 0.00 0.00 0
152201 0.00 0.00 0.00 0
152202 0.00 0.00 0.00 0
152214 0.00 0.00 0.00 0
152215 0.00 0.00 0.00 0
152216 0.00 0.00 0.00 0
152217 0.00 0.00 0.00 0
152218 0.00 0.00 0.00 0
152219 0.00 0.00 0.00 0
152230 0.00 0.00 0.00 0
152231 0.00 0.00 0.00 0
152232 0.00 0.00 0.00 0
152233 0.00 0.00 0.00 0
152234 0.00 0.00 0.00 0
152235 0.00 0.00 0.00 0
152650 0.00 0.00 0.00 0
152651 0.00 0.00 0.00 0
152652 0.00 0.00 0.00 0
152653 0.00 0.00 0.00 0
152654 0.00 0.00 0.00 0
152664 0.00 0.00 0.00 0
152665 0.00 0.00 0.00 0
152666 0.00 0.00 0.00 0
152667 0.00 0.00 0.00 0
152668 0.00 0.00 0.00 0
152678 0.00 0.00 0.00 0
152679 0.00 0.00 0.00 0
152680 0.00 0.00 0.00 0
156804 0.00 0.00 0.00 0
156805 0.00 0.00 0.00 0
156806 0.00 0.00 0.00 0
156807 0.00 0.00 0.00 0
156808 0.00 0.00 0.00 0
156809 0.00 0.00 0.00 0
156810 0.00 0.00 0.00 0
156811 0.00 0.00 0.00 0
156812 0.00 0.00 0.00 0
156813 0.00 0.00 0.00 0
156814 0.00 0.00 0.00 0
156815 0.00 0.00 0.00 0
156816 0.00 0.00 0.00 0
156817 0.00 0.00 0.00 0
