# parsopercularis
2299
104550 0.00 0.00 0.00 0
104559 0.00 0.00 0.00 0
104569 0.00 0.00 0.00 0
104570 0.00 0.00 0.00 0
105618 0.00 0.00 0.00 0
105626 0.00 0.00 0.00 0
105634 0.00 0.00 0.00 0
105642 0.00 0.00 0.00 0
105643 0.00 0.00 0.00 0
105653 0.00 0.00 0.00 0
105654 0.00 0.00 0.00 0
105655 0.00 0.00 0.00 0
105663 0.00 0.00 0.00 0
105664 0.00 0.00 0.00 0
105665 0.00 0.00 0.00 0
105672 0.00 0.00 0.00 0
105673 0.00 0.00 0.00 0
105684 0.00 0.00 0.00 0
106688 0.00 0.00 0.00 0
106689 0.00 0.00 0.00 0
106699 0.00 0.00 0.00 0
106700 0.00 0.00 0.00 0
106701 0.00 0.00 0.00 0
106702 0.00 0.00 0.00 0
106703 0.00 0.00 0.00 0
106704 0.00 0.00 0.00 0
106705 0.00 0.00 0.00 0
106706 0.00 0.00 0.00 0
106713 0.00 0.00 0.00 0
106714 0.00 0.00 0.00 0
106715 0.00 0.00 0.00 0
106716 0.00 0.00 0.00 0
106717 0.00 0.00 0.00 0
106718 0.00 0.00 0.00 0
106719 0.00 0.00 0.00 0
106720 0.00 0.00 0.00 0
106724 0.00 0.00 0.00 0
106725 0.00 0.00 0.00 0
106726 0.00 0.00 0.00 0
106727 0.00 0.00 0.00 0
106728 0.00 0.00 0.00 0
106729 0.00 0.00 0.00 0
106730 0.00 0.00 0.00 0
106731 0.00 0.00 0.00 0
106736 0.00 0.00 0.00 0
106737 0.00 0.00 0.00 0
106738 0.00 0.00 0.00 0
106739 0.00 0.00 0.00 0
106740 0.00 0.00 0.00 0
106741 0.00 0.00 0.00 0
106747 0.00 0.00 0.00 0
106748 0.00 0.00 0.00 0
106757 0.00 0.00 0.00 0
106758 0.00 0.00 0.00 0
106766 0.00 0.00 0.00 0
106767 0.00 0.00 0.00 0
106775 0.00 0.00 0.00 0
106776 0.00 0.00 0.00 0
106785 0.00 0.00 0.00 0
106786 0.00 0.00 0.00 0
106787 0.00 0.00 0.00 0
106802 0.00 0.00 0.00 0
106803 0.00 0.00 0.00 0
106818 0.00 0.00 0.00 0
107803 0.00 0.00 0.00 0
107804 0.00 0.00 0.00 0
107805 0.00 0.00 0.00 0
107806 0.00 0.00 0.00 0
107807 0.00 0.00 0.00 0
107808 0.00 0.00 0.00 0
107809 0.00 0.00 0.00 0
107819 0.00 0.00 0.00 0
107820 0.00 0.00 0.00 0
107821 0.00 0.00 0.00 0
107822 0.00 0.00 0.00 0
107823 0.00 0.00 0.00 0
107824 0.00 0.00 0.00 0
107825 0.00 0.00 0.00 0
107826 0.00 0.00 0.00 0
107827 0.00 0.00 0.00 0
107828 0.00 0.00 0.00 0
107833 0.00 0.00 0.00 0
107834 0.00 0.00 0.00 0
107835 0.00 0.00 0.00 0
107837 0.00 0.00 0.00 0
107838 0.00 0.00 0.00 0
107839 0.00 0.00 0.00 0
107840 0.00 0.00 0.00 0
107841 0.00 0.00 0.00 0
107845 0.00 0.00 0.00 0
107846 0.00 0.00 0.00 0
107847 0.00 0.00 0.00 0
107848 0.00 0.00 0.00 0
107849 0.00 0.00 0.00 0
107850 0.00 0.00 0.00 0
107851 0.00 0.00 0.00 0
107852 0.00 0.00 0.00 0
107858 0.00 0.00 0.00 0
107859 0.00 0.00 0.00 0
107860 0.00 0.00 0.00 0
107861 0.00 0.00 0.00 0
107862 0.00 0.00 0.00 0
107863 0.00 0.00 0.00 0
107864 0.00 0.00 0.00 0
107865 0.00 0.00 0.00 0
107874 0.00 0.00 0.00 0
107875 0.00 0.00 0.00 0
107876 0.00 0.00 0.00 0
107877 0.00 0.00 0.00 0
107886 0.00 0.00 0.00 0
107887 0.00 0.00 0.00 0
107897 0.00 0.00 0.00 0
107898 0.00 0.00 0.00 0
107899 0.00 0.00 0.00 0
107910 0.00 0.00 0.00 0
107911 0.00 0.00 0.00 0
107912 0.00 0.00 0.00 0
107922 0.00 0.00 0.00 0
107923 0.00 0.00 0.00 0
107924 0.00 0.00 0.00 0
107936 0.00 0.00 0.00 0
107937 0.00 0.00 0.00 0
107947 0.00 0.00 0.00 0
107957 0.00 0.00 0.00 0
107958 0.00 0.00 0.00 0
107972 0.00 0.00 0.00 0
107973 0.00 0.00 0.00 0
107974 0.00 0.00 0.00 0
107984 0.00 0.00 0.00 0
107985 0.00 0.00 0.00 0
107986 0.00 0.00 0.00 0
108001 0.00 0.00 0.00 0
108002 0.00 0.00 0.00 0
108906 0.00 0.00 0.00 0
108907 0.00 0.00 0.00 0
108908 0.00 0.00 0.00 0
108909 0.00 0.00 0.00 0
108910 0.00 0.00 0.00 0
108921 0.00 0.00 0.00 0
108922 0.00 0.00 0.00 0
108923 0.00 0.00 0.00 0
108924 0.00 0.00 0.00 0
108925 0.00 0.00 0.00 0
108926 0.00 0.00 0.00 0
108927 0.00 0.00 0.00 0
108936 0.00 0.00 0.00 0
108937 0.00 0.00 0.00 0
108938 0.00 0.00 0.00 0
108939 0.00 0.00 0.00 0
108941 0.00 0.00 0.00 0
108942 0.00 0.00 0.00 0
108943 0.00 0.00 0.00 0
108944 0.00 0.00 0.00 0
108945 0.00 0.00 0.00 0
108946 0.00 0.00 0.00 0
108947 0.00 0.00 0.00 0
108949 0.00 0.00 0.00 0
108950 0.00 0.00 0.00 0
108951 0.00 0.00 0.00 0
108952 0.00 0.00 0.00 0
108958 0.00 0.00 0.00 0
108959 0.00 0.00 0.00 0
108960 0.00 0.00 0.00 0
108961 0.00 0.00 0.00 0
108967 0.00 0.00 0.00 0
108968 0.00 0.00 0.00 0
108969 0.00 0.00 0.00 0
108970 0.00 0.00 0.00 0
108971 0.00 0.00 0.00 0
108972 0.00 0.00 0.00 0
108973 0.00 0.00 0.00 0
108982 0.00 0.00 0.00 0
108983 0.00 0.00 0.00 0
108984 0.00 0.00 0.00 0
108985 0.00 0.00 0.00 0
108986 0.00 0.00 0.00 0
108987 0.00 0.00 0.00 0
108997 0.00 0.00 0.00 0
108998 0.00 0.00 0.00 0
108999 0.00 0.00 0.00 0
109007 0.00 0.00 0.00 0
109008 0.00 0.00 0.00 0
109009 0.00 0.00 0.00 0
109010 0.00 0.00 0.00 0
109016 0.00 0.00 0.00 0
109017 0.00 0.00 0.00 0
109022 0.00 0.00 0.00 0
109023 0.00 0.00 0.00 0
109024 0.00 0.00 0.00 0
109027 0.00 0.00 0.00 0
109028 0.00 0.00 0.00 0
109029 0.00 0.00 0.00 0
109032 0.00 0.00 0.00 0
109033 0.00 0.00 0.00 0
109034 0.00 0.00 0.00 0
109035 0.00 0.00 0.00 0
109036 0.00 0.00 0.00 0
109044 0.00 0.00 0.00 0
109045 0.00 0.00 0.00 0
109046 0.00 0.00 0.00 0
109047 0.00 0.00 0.00 0
109058 0.00 0.00 0.00 0
109059 0.00 0.00 0.00 0
109060 0.00 0.00 0.00 0
109069 0.00 0.00 0.00 0
109070 0.00 0.00 0.00 0
109071 0.00 0.00 0.00 0
109082 0.00 0.00 0.00 0
109083 0.00 0.00 0.00 0
109100 0.00 0.00 0.00 0
109961 0.00 0.00 0.00 0
109962 0.00 0.00 0.00 0
109963 0.00 0.00 0.00 0
109964 0.00 0.00 0.00 0
109965 0.00 0.00 0.00 0
109974 0.00 0.00 0.00 0
109975 0.00 0.00 0.00 0
109976 0.00 0.00 0.00 0
109977 0.00 0.00 0.00 0
109986 0.00 0.00 0.00 0
109987 0.00 0.00 0.00 0
109989 0.00 0.00 0.00 0
109990 0.00 0.00 0.00 0
109991 0.00 0.00 0.00 0
109992 0.00 0.00 0.00 0
109993 0.00 0.00 0.00 0
109994 0.00 0.00 0.00 0
109995 0.00 0.00 0.00 0
109996 0.00 0.00 0.00 0
109997 0.00 0.00 0.00 0
109998 0.00 0.00 0.00 0
110000 0.00 0.00 0.00 0
110001 0.00 0.00 0.00 0
110002 0.00 0.00 0.00 0
110003 0.00 0.00 0.00 0
110004 0.00 0.00 0.00 0
110005 0.00 0.00 0.00 0
110006 0.00 0.00 0.00 0
110007 0.00 0.00 0.00 0
110011 0.00 0.00 0.00 0
110012 0.00 0.00 0.00 0
110013 0.00 0.00 0.00 0
110014 0.00 0.00 0.00 0
110019 0.00 0.00 0.00 0
110020 0.00 0.00 0.00 0
110021 0.00 0.00 0.00 0
110022 0.00 0.00 0.00 0
110023 0.00 0.00 0.00 0
110030 0.00 0.00 0.00 0
110031 0.00 0.00 0.00 0
110032 0.00 0.00 0.00 0
110033 0.00 0.00 0.00 0
110034 0.00 0.00 0.00 0
110035 0.00 0.00 0.00 0
110039 0.00 0.00 0.00 0
110040 0.00 0.00 0.00 0
110041 0.00 0.00 0.00 0
110042 0.00 0.00 0.00 0
110044 0.00 0.00 0.00 0
110045 0.00 0.00 0.00 0
110047 0.00 0.00 0.00 0
110048 0.00 0.00 0.00 0
110050 0.00 0.00 0.00 0
110051 0.00 0.00 0.00 0
110052 0.00 0.00 0.00 0
110055 0.00 0.00 0.00 0
110056 0.00 0.00 0.00 0
110057 0.00 0.00 0.00 0
110058 0.00 0.00 0.00 0
110061 0.00 0.00 0.00 0
110062 0.00 0.00 0.00 0
110063 0.00 0.00 0.00 0
110064 0.00 0.00 0.00 0
110065 0.00 0.00 0.00 0
110066 0.00 0.00 0.00 0
110067 0.00 0.00 0.00 0
110072 0.00 0.00 0.00 0
110073 0.00 0.00 0.00 0
110074 0.00 0.00 0.00 0
110075 0.00 0.00 0.00 0
110076 0.00 0.00 0.00 0
110081 0.00 0.00 0.00 0
110082 0.00 0.00 0.00 0
110083 0.00 0.00 0.00 0
110084 0.00 0.00 0.00 0
110090 0.00 0.00 0.00 0
110091 0.00 0.00 0.00 0
110097 0.00 0.00 0.00 0
110098 0.00 0.00 0.00 0
110109 0.00 0.00 0.00 0
110110 0.00 0.00 0.00 0
110944 0.00 0.00 0.00 0
110945 0.00 0.00 0.00 0
110956 0.00 0.00 0.00 0
110959 0.00 0.00 0.00 0
110960 0.00 0.00 0.00 0
110970 0.00 0.00 0.00 0
110971 0.00 0.00 0.00 0
110972 0.00 0.00 0.00 0
110973 0.00 0.00 0.00 0
110974 0.00 0.00 0.00 0
110976 0.00 0.00 0.00 0
110977 0.00 0.00 0.00 0
110978 0.00 0.00 0.00 0
110979 0.00 0.00 0.00 0
110980 0.00 0.00 0.00 0
110981 0.00 0.00 0.00 0
110982 0.00 0.00 0.00 0
110983 0.00 0.00 0.00 0
110985 0.00 0.00 0.00 0
110986 0.00 0.00 0.00 0
110987 0.00 0.00 0.00 0
110988 0.00 0.00 0.00 0
110989 0.00 0.00 0.00 0
110990 0.00 0.00 0.00 0
110991 0.00 0.00 0.00 0
110992 0.00 0.00 0.00 0
110993 0.00 0.00 0.00 0
110994 0.00 0.00 0.00 0
110996 0.00 0.00 0.00 0
110997 0.00 0.00 0.00 0
110998 0.00 0.00 0.00 0
110999 0.00 0.00 0.00 0
111000 0.00 0.00 0.00 0
111001 0.00 0.00 0.00 0
111002 0.00 0.00 0.00 0
111003 0.00 0.00 0.00 0
111005 0.00 0.00 0.00 0
111006 0.00 0.00 0.00 0
111007 0.00 0.00 0.00 0
111008 0.00 0.00 0.00 0
111010 0.00 0.00 0.00 0
111011 0.00 0.00 0.00 0
111012 0.00 0.00 0.00 0
111013 0.00 0.00 0.00 0
111015 0.00 0.00 0.00 0
111016 0.00 0.00 0.00 0
111017 0.00 0.00 0.00 0
111018 0.00 0.00 0.00 0
111019 0.00 0.00 0.00 0
111021 0.00 0.00 0.00 0
111022 0.00 0.00 0.00 0
111023 0.00 0.00 0.00 0
111025 0.00 0.00 0.00 0
111026 0.00 0.00 0.00 0
111027 0.00 0.00 0.00 0
111029 0.00 0.00 0.00 0
111030 0.00 0.00 0.00 0
111033 0.00 0.00 0.00 0
111034 0.00 0.00 0.00 0
111035 0.00 0.00 0.00 0
111036 0.00 0.00 0.00 0
111037 0.00 0.00 0.00 0
111042 0.00 0.00 0.00 0
111043 0.00 0.00 0.00 0
111044 0.00 0.00 0.00 0
111045 0.00 0.00 0.00 0
111046 0.00 0.00 0.00 0
111047 0.00 0.00 0.00 0
111052 0.00 0.00 0.00 0
111053 0.00 0.00 0.00 0
111054 0.00 0.00 0.00 0
111055 0.00 0.00 0.00 0
111056 0.00 0.00 0.00 0
111057 0.00 0.00 0.00 0
111060 0.00 0.00 0.00 0
111061 0.00 0.00 0.00 0
111062 0.00 0.00 0.00 0
111063 0.00 0.00 0.00 0
111064 0.00 0.00 0.00 0
111065 0.00 0.00 0.00 0
111066 0.00 0.00 0.00 0
111071 0.00 0.00 0.00 0
111072 0.00 0.00 0.00 0
111073 0.00 0.00 0.00 0
111078 0.00 0.00 0.00 0
111079 0.00 0.00 0.00 0
111080 0.00 0.00 0.00 0
111081 0.00 0.00 0.00 0
111087 0.00 0.00 0.00 0
111088 0.00 0.00 0.00 0
111089 0.00 0.00 0.00 0
111924 0.00 0.00 0.00 0
111925 0.00 0.00 0.00 0
111926 0.00 0.00 0.00 0
111927 0.00 0.00 0.00 0
111928 0.00 0.00 0.00 0
111930 0.00 0.00 0.00 0
111931 0.00 0.00 0.00 0
111932 0.00 0.00 0.00 0
111933 0.00 0.00 0.00 0
111934 0.00 0.00 0.00 0
111935 0.00 0.00 0.00 0
111937 0.00 0.00 0.00 0
111938 0.00 0.00 0.00 0
111939 0.00 0.00 0.00 0
111940 0.00 0.00 0.00 0
111941 0.00 0.00 0.00 0
111942 0.00 0.00 0.00 0
111943 0.00 0.00 0.00 0
111944 0.00 0.00 0.00 0
111946 0.00 0.00 0.00 0
111947 0.00 0.00 0.00 0
111948 0.00 0.00 0.00 0
111949 0.00 0.00 0.00 0
111950 0.00 0.00 0.00 0
111951 0.00 0.00 0.00 0
111952 0.00 0.00 0.00 0
111953 0.00 0.00 0.00 0
111954 0.00 0.00 0.00 0
111956 0.00 0.00 0.00 0
111957 0.00 0.00 0.00 0
111958 0.00 0.00 0.00 0
111959 0.00 0.00 0.00 0
111961 0.00 0.00 0.00 0
111962 0.00 0.00 0.00 0
111963 0.00 0.00 0.00 0
111965 0.00 0.00 0.00 0
111966 0.00 0.00 0.00 0
111967 0.00 0.00 0.00 0
111968 0.00 0.00 0.00 0
111971 0.00 0.00 0.00 0
111972 0.00 0.00 0.00 0
111973 0.00 0.00 0.00 0
111976 0.00 0.00 0.00 0
111977 0.00 0.00 0.00 0
111980 0.00 0.00 0.00 0
111981 0.00 0.00 0.00 0
111982 0.00 0.00 0.00 0
111983 0.00 0.00 0.00 0
111984 0.00 0.00 0.00 0
111987 0.00 0.00 0.00 0
111988 0.00 0.00 0.00 0
111989 0.00 0.00 0.00 0
111990 0.00 0.00 0.00 0
111991 0.00 0.00 0.00 0
111992 0.00 0.00 0.00 0
111993 0.00 0.00 0.00 0
111998 0.00 0.00 0.00 0
111999 0.00 0.00 0.00 0
112000 0.00 0.00 0.00 0
112001 0.00 0.00 0.00 0
112002 0.00 0.00 0.00 0
112003 0.00 0.00 0.00 0
112004 0.00 0.00 0.00 0
112005 0.00 0.00 0.00 0
112006 0.00 0.00 0.00 0
112007 0.00 0.00 0.00 0
112010 0.00 0.00 0.00 0
112011 0.00 0.00 0.00 0
112012 0.00 0.00 0.00 0
112013 0.00 0.00 0.00 0
112014 0.00 0.00 0.00 0
112015 0.00 0.00 0.00 0
112016 0.00 0.00 0.00 0
112017 0.00 0.00 0.00 0
112018 0.00 0.00 0.00 0
112021 0.00 0.00 0.00 0
112022 0.00 0.00 0.00 0
112023 0.00 0.00 0.00 0
112024 0.00 0.00 0.00 0
112025 0.00 0.00 0.00 0
112026 0.00 0.00 0.00 0
112029 0.00 0.00 0.00 0
112030 0.00 0.00 0.00 0
112031 0.00 0.00 0.00 0
112032 0.00 0.00 0.00 0
112038 0.00 0.00 0.00 0
112039 0.00 0.00 0.00 0
112040 0.00 0.00 0.00 0
112045 0.00 0.00 0.00 0
112046 0.00 0.00 0.00 0
112047 0.00 0.00 0.00 0
112053 0.00 0.00 0.00 0
112054 0.00 0.00 0.00 0
112064 0.00 0.00 0.00 0
112065 0.00 0.00 0.00 0
112077 0.00 0.00 0.00 0
112937 0.00 0.00 0.00 0
112938 0.00 0.00 0.00 0
112939 0.00 0.00 0.00 0
112940 0.00 0.00 0.00 0
112942 0.00 0.00 0.00 0
112943 0.00 0.00 0.00 0
112944 0.00 0.00 0.00 0
112945 0.00 0.00 0.00 0
112946 0.00 0.00 0.00 0
112947 0.00 0.00 0.00 0
112949 0.00 0.00 0.00 0
112950 0.00 0.00 0.00 0
112951 0.00 0.00 0.00 0
112952 0.00 0.00 0.00 0
112953 0.00 0.00 0.00 0
112954 0.00 0.00 0.00 0
112955 0.00 0.00 0.00 0
112956 0.00 0.00 0.00 0
112958 0.00 0.00 0.00 0
112959 0.00 0.00 0.00 0
112960 0.00 0.00 0.00 0
112961 0.00 0.00 0.00 0
112962 0.00 0.00 0.00 0
112963 0.00 0.00 0.00 0
112964 0.00 0.00 0.00 0
112965 0.00 0.00 0.00 0
112966 0.00 0.00 0.00 0
112968 0.00 0.00 0.00 0
112969 0.00 0.00 0.00 0
112970 0.00 0.00 0.00 0
112971 0.00 0.00 0.00 0
112972 0.00 0.00 0.00 0
112974 0.00 0.00 0.00 0
112975 0.00 0.00 0.00 0
112976 0.00 0.00 0.00 0
112978 0.00 0.00 0.00 0
112979 0.00 0.00 0.00 0
112980 0.00 0.00 0.00 0
112983 0.00 0.00 0.00 0
112984 0.00 0.00 0.00 0
112985 0.00 0.00 0.00 0
112987 0.00 0.00 0.00 0
112988 0.00 0.00 0.00 0
112990 0.00 0.00 0.00 0
112991 0.00 0.00 0.00 0
112992 0.00 0.00 0.00 0
112993 0.00 0.00 0.00 0
112994 0.00 0.00 0.00 0
112998 0.00 0.00 0.00 0
112999 0.00 0.00 0.00 0
113000 0.00 0.00 0.00 0
113001 0.00 0.00 0.00 0
113002 0.00 0.00 0.00 0
113003 0.00 0.00 0.00 0
113004 0.00 0.00 0.00 0
113005 0.00 0.00 0.00 0
113010 0.00 0.00 0.00 0
113011 0.00 0.00 0.00 0
113012 0.00 0.00 0.00 0
113013 0.00 0.00 0.00 0
113014 0.00 0.00 0.00 0
113015 0.00 0.00 0.00 0
113016 0.00 0.00 0.00 0
113017 0.00 0.00 0.00 0
113018 0.00 0.00 0.00 0
113019 0.00 0.00 0.00 0
113022 0.00 0.00 0.00 0
113023 0.00 0.00 0.00 0
113024 0.00 0.00 0.00 0
113025 0.00 0.00 0.00 0
113026 0.00 0.00 0.00 0
113027 0.00 0.00 0.00 0
113030 0.00 0.00 0.00 0
113031 0.00 0.00 0.00 0
113032 0.00 0.00 0.00 0
113033 0.00 0.00 0.00 0
113034 0.00 0.00 0.00 0
113037 0.00 0.00 0.00 0
113038 0.00 0.00 0.00 0
113039 0.00 0.00 0.00 0
113040 0.00 0.00 0.00 0
113045 0.00 0.00 0.00 0
113046 0.00 0.00 0.00 0
113047 0.00 0.00 0.00 0
113048 0.00 0.00 0.00 0
113049 0.00 0.00 0.00 0
113053 0.00 0.00 0.00 0
113055 0.00 0.00 0.00 0
113056 0.00 0.00 0.00 0
113063 0.00 0.00 0.00 0
113064 0.00 0.00 0.00 0
113065 0.00 0.00 0.00 0
113071 0.00 0.00 0.00 0
113072 0.00 0.00 0.00 0
113073 0.00 0.00 0.00 0
113074 0.00 0.00 0.00 0
113083 0.00 0.00 0.00 0
113084 0.00 0.00 0.00 0
113085 0.00 0.00 0.00 0
113086 0.00 0.00 0.00 0
113087 0.00 0.00 0.00 0
113088 0.00 0.00 0.00 0
113104 0.00 0.00 0.00 0
113105 0.00 0.00 0.00 0
113116 0.00 0.00 0.00 0
114012 0.00 0.00 0.00 0
114013 0.00 0.00 0.00 0
114016 0.00 0.00 0.00 0
114017 0.00 0.00 0.00 0
114018 0.00 0.00 0.00 0
114019 0.00 0.00 0.00 0
114020 0.00 0.00 0.00 0
114023 0.00 0.00 0.00 0
114024 0.00 0.00 0.00 0
114025 0.00 0.00 0.00 0
114026 0.00 0.00 0.00 0
114027 0.00 0.00 0.00 0
114028 0.00 0.00 0.00 0
114029 0.00 0.00 0.00 0
114030 0.00 0.00 0.00 0
114033 0.00 0.00 0.00 0
114034 0.00 0.00 0.00 0
114035 0.00 0.00 0.00 0
114036 0.00 0.00 0.00 0
114037 0.00 0.00 0.00 0
114038 0.00 0.00 0.00 0
114039 0.00 0.00 0.00 0
114040 0.00 0.00 0.00 0
114041 0.00 0.00 0.00 0
114042 0.00 0.00 0.00 0
114043 0.00 0.00 0.00 0
114044 0.00 0.00 0.00 0
114047 0.00 0.00 0.00 0
114048 0.00 0.00 0.00 0
114049 0.00 0.00 0.00 0
114050 0.00 0.00 0.00 0
114051 0.00 0.00 0.00 0
114052 0.00 0.00 0.00 0
114053 0.00 0.00 0.00 0
114054 0.00 0.00 0.00 0
114055 0.00 0.00 0.00 0
114058 0.00 0.00 0.00 0
114059 0.00 0.00 0.00 0
114060 0.00 0.00 0.00 0
114063 0.00 0.00 0.00 0
114064 0.00 0.00 0.00 0
114065 0.00 0.00 0.00 0
114068 0.00 0.00 0.00 0
114069 0.00 0.00 0.00 0
114070 0.00 0.00 0.00 0
114072 0.00 0.00 0.00 0
114073 0.00 0.00 0.00 0
114074 0.00 0.00 0.00 0
114076 0.00 0.00 0.00 0
114077 0.00 0.00 0.00 0
114078 0.00 0.00 0.00 0
114079 0.00 0.00 0.00 0
114080 0.00 0.00 0.00 0
114081 0.00 0.00 0.00 0
114082 0.00 0.00 0.00 0
114083 0.00 0.00 0.00 0
114086 0.00 0.00 0.00 0
114087 0.00 0.00 0.00 0
114088 0.00 0.00 0.00 0
114089 0.00 0.00 0.00 0
114090 0.00 0.00 0.00 0
114091 0.00 0.00 0.00 0
114092 0.00 0.00 0.00 0
114093 0.00 0.00 0.00 0
114094 0.00 0.00 0.00 0
114095 0.00 0.00 0.00 0
114096 0.00 0.00 0.00 0
114097 0.00 0.00 0.00 0
114102 0.00 0.00 0.00 0
114103 0.00 0.00 0.00 0
114104 0.00 0.00 0.00 0
114105 0.00 0.00 0.00 0
114106 0.00 0.00 0.00 0
114107 0.00 0.00 0.00 0
114108 0.00 0.00 0.00 0
114109 0.00 0.00 0.00 0
114110 0.00 0.00 0.00 0
114111 0.00 0.00 0.00 0
114115 0.00 0.00 0.00 0
114116 0.00 0.00 0.00 0
114117 0.00 0.00 0.00 0
114118 0.00 0.00 0.00 0
114119 0.00 0.00 0.00 0
114120 0.00 0.00 0.00 0
114124 0.00 0.00 0.00 0
114125 0.00 0.00 0.00 0
114126 0.00 0.00 0.00 0
114127 0.00 0.00 0.00 0
114128 0.00 0.00 0.00 0
114132 0.00 0.00 0.00 0
114133 0.00 0.00 0.00 0
114134 0.00 0.00 0.00 0
114135 0.00 0.00 0.00 0
114136 0.00 0.00 0.00 0
114140 0.00 0.00 0.00 0
114141 0.00 0.00 0.00 0
114142 0.00 0.00 0.00 0
114143 0.00 0.00 0.00 0
114147 0.00 0.00 0.00 0
114148 0.00 0.00 0.00 0
114149 0.00 0.00 0.00 0
114150 0.00 0.00 0.00 0
114151 0.00 0.00 0.00 0
114152 0.00 0.00 0.00 0
114157 0.00 0.00 0.00 0
114158 0.00 0.00 0.00 0
114159 0.00 0.00 0.00 0
114160 0.00 0.00 0.00 0
114161 0.00 0.00 0.00 0
114162 0.00 0.00 0.00 0
114169 0.00 0.00 0.00 0
114170 0.00 0.00 0.00 0
114171 0.00 0.00 0.00 0
114172 0.00 0.00 0.00 0
114173 0.00 0.00 0.00 0
114174 0.00 0.00 0.00 0
114181 0.00 0.00 0.00 0
114182 0.00 0.00 0.00 0
114183 0.00 0.00 0.00 0
114184 0.00 0.00 0.00 0
114185 0.00 0.00 0.00 0
114186 0.00 0.00 0.00 0
114200 0.00 0.00 0.00 0
114201 0.00 0.00 0.00 0
114202 0.00 0.00 0.00 0
114213 0.00 0.00 0.00 0
114214 0.00 0.00 0.00 0
114215 0.00 0.00 0.00 0
115106 0.00 0.00 0.00 0
115109 0.00 0.00 0.00 0
115110 0.00 0.00 0.00 0
115111 0.00 0.00 0.00 0
115112 0.00 0.00 0.00 0
115113 0.00 0.00 0.00 0
115114 0.00 0.00 0.00 0
115115 0.00 0.00 0.00 0
115116 0.00 0.00 0.00 0
115118 0.00 0.00 0.00 0
115119 0.00 0.00 0.00 0
115120 0.00 0.00 0.00 0
115121 0.00 0.00 0.00 0
115122 0.00 0.00 0.00 0
115123 0.00 0.00 0.00 0
115124 0.00 0.00 0.00 0
115125 0.00 0.00 0.00 0
115126 0.00 0.00 0.00 0
115128 0.00 0.00 0.00 0
115129 0.00 0.00 0.00 0
115130 0.00 0.00 0.00 0
115131 0.00 0.00 0.00 0
115132 0.00 0.00 0.00 0
115133 0.00 0.00 0.00 0
115134 0.00 0.00 0.00 0
115135 0.00 0.00 0.00 0
115136 0.00 0.00 0.00 0
115137 0.00 0.00 0.00 0
115139 0.00 0.00 0.00 0
115140 0.00 0.00 0.00 0
115141 0.00 0.00 0.00 0
115142 0.00 0.00 0.00 0
115143 0.00 0.00 0.00 0
115144 0.00 0.00 0.00 0
115145 0.00 0.00 0.00 0
115146 0.00 0.00 0.00 0
115147 0.00 0.00 0.00 0
115148 0.00 0.00 0.00 0
115149 0.00 0.00 0.00 0
115151 0.00 0.00 0.00 0
115152 0.00 0.00 0.00 0
115153 0.00 0.00 0.00 0
115154 0.00 0.00 0.00 0
115155 0.00 0.00 0.00 0
115156 0.00 0.00 0.00 0
115158 0.00 0.00 0.00 0
115159 0.00 0.00 0.00 0
115160 0.00 0.00 0.00 0
115161 0.00 0.00 0.00 0
115163 0.00 0.00 0.00 0
115164 0.00 0.00 0.00 0
115165 0.00 0.00 0.00 0
115166 0.00 0.00 0.00 0
115167 0.00 0.00 0.00 0
115168 0.00 0.00 0.00 0
115170 0.00 0.00 0.00 0
115171 0.00 0.00 0.00 0
115172 0.00 0.00 0.00 0
115173 0.00 0.00 0.00 0
115174 0.00 0.00 0.00 0
115175 0.00 0.00 0.00 0
115176 0.00 0.00 0.00 0
115177 0.00 0.00 0.00 0
115178 0.00 0.00 0.00 0
115179 0.00 0.00 0.00 0
115180 0.00 0.00 0.00 0
115182 0.00 0.00 0.00 0
115183 0.00 0.00 0.00 0
115184 0.00 0.00 0.00 0
115185 0.00 0.00 0.00 0
115186 0.00 0.00 0.00 0
115187 0.00 0.00 0.00 0
115188 0.00 0.00 0.00 0
115189 0.00 0.00 0.00 0
115190 0.00 0.00 0.00 0
115191 0.00 0.00 0.00 0
115192 0.00 0.00 0.00 0
115193 0.00 0.00 0.00 0
115194 0.00 0.00 0.00 0
115195 0.00 0.00 0.00 0
115196 0.00 0.00 0.00 0
115200 0.00 0.00 0.00 0
115201 0.00 0.00 0.00 0
115202 0.00 0.00 0.00 0
115203 0.00 0.00 0.00 0
115204 0.00 0.00 0.00 0
115205 0.00 0.00 0.00 0
115206 0.00 0.00 0.00 0
115207 0.00 0.00 0.00 0
115208 0.00 0.00 0.00 0
115209 0.00 0.00 0.00 0
115210 0.00 0.00 0.00 0
115211 0.00 0.00 0.00 0
115212 0.00 0.00 0.00 0
115217 0.00 0.00 0.00 0
115218 0.00 0.00 0.00 0
115219 0.00 0.00 0.00 0
115220 0.00 0.00 0.00 0
115221 0.00 0.00 0.00 0
115222 0.00 0.00 0.00 0
115223 0.00 0.00 0.00 0
115224 0.00 0.00 0.00 0
115228 0.00 0.00 0.00 0
115229 0.00 0.00 0.00 0
115230 0.00 0.00 0.00 0
115231 0.00 0.00 0.00 0
115232 0.00 0.00 0.00 0
115233 0.00 0.00 0.00 0
115234 0.00 0.00 0.00 0
115235 0.00 0.00 0.00 0
115239 0.00 0.00 0.00 0
115240 0.00 0.00 0.00 0
115241 0.00 0.00 0.00 0
115242 0.00 0.00 0.00 0
115243 0.00 0.00 0.00 0
115244 0.00 0.00 0.00 0
115249 0.00 0.00 0.00 0
115250 0.00 0.00 0.00 0
115251 0.00 0.00 0.00 0
115252 0.00 0.00 0.00 0
115253 0.00 0.00 0.00 0
115254 0.00 0.00 0.00 0
115255 0.00 0.00 0.00 0
115256 0.00 0.00 0.00 0
115257 0.00 0.00 0.00 0
115258 0.00 0.00 0.00 0
115262 0.00 0.00 0.00 0
115263 0.00 0.00 0.00 0
115264 0.00 0.00 0.00 0
115265 0.00 0.00 0.00 0
115266 0.00 0.00 0.00 0
115267 0.00 0.00 0.00 0
115268 0.00 0.00 0.00 0
115269 0.00 0.00 0.00 0
115270 0.00 0.00 0.00 0
115271 0.00 0.00 0.00 0
115275 0.00 0.00 0.00 0
115276 0.00 0.00 0.00 0
115277 0.00 0.00 0.00 0
115278 0.00 0.00 0.00 0
115279 0.00 0.00 0.00 0
115280 0.00 0.00 0.00 0
115281 0.00 0.00 0.00 0
115282 0.00 0.00 0.00 0
115283 0.00 0.00 0.00 0
115284 0.00 0.00 0.00 0
115285 0.00 0.00 0.00 0
115290 0.00 0.00 0.00 0
115291 0.00 0.00 0.00 0
115292 0.00 0.00 0.00 0
115293 0.00 0.00 0.00 0
115294 0.00 0.00 0.00 0
115295 0.00 0.00 0.00 0
115296 0.00 0.00 0.00 0
115297 0.00 0.00 0.00 0
115301 0.00 0.00 0.00 0
115302 0.00 0.00 0.00 0
115303 0.00 0.00 0.00 0
115304 0.00 0.00 0.00 0
115305 0.00 0.00 0.00 0
115306 0.00 0.00 0.00 0
115307 0.00 0.00 0.00 0
115315 0.00 0.00 0.00 0
115316 0.00 0.00 0.00 0
115317 0.00 0.00 0.00 0
115318 0.00 0.00 0.00 0
115329 0.00 0.00 0.00 0
115330 0.00 0.00 0.00 0
115331 0.00 0.00 0.00 0
115344 0.00 0.00 0.00 0
115345 0.00 0.00 0.00 0
115346 0.00 0.00 0.00 0
116193 0.00 0.00 0.00 0
116194 0.00 0.00 0.00 0
116196 0.00 0.00 0.00 0
116197 0.00 0.00 0.00 0
116198 0.00 0.00 0.00 0
116199 0.00 0.00 0.00 0
116200 0.00 0.00 0.00 0
116201 0.00 0.00 0.00 0
116202 0.00 0.00 0.00 0
116204 0.00 0.00 0.00 0
116205 0.00 0.00 0.00 0
116206 0.00 0.00 0.00 0
116207 0.00 0.00 0.00 0
116208 0.00 0.00 0.00 0
116209 0.00 0.00 0.00 0
116210 0.00 0.00 0.00 0
116211 0.00 0.00 0.00 0
116213 0.00 0.00 0.00 0
116214 0.00 0.00 0.00 0
116215 0.00 0.00 0.00 0
116216 0.00 0.00 0.00 0
116217 0.00 0.00 0.00 0
116218 0.00 0.00 0.00 0
116219 0.00 0.00 0.00 0
116220 0.00 0.00 0.00 0
116221 0.00 0.00 0.00 0
116222 0.00 0.00 0.00 0
116224 0.00 0.00 0.00 0
116225 0.00 0.00 0.00 0
116226 0.00 0.00 0.00 0
116227 0.00 0.00 0.00 0
116228 0.00 0.00 0.00 0
116229 0.00 0.00 0.00 0
116230 0.00 0.00 0.00 0
116231 0.00 0.00 0.00 0
116232 0.00 0.00 0.00 0
116233 0.00 0.00 0.00 0
116234 0.00 0.00 0.00 0
116235 0.00 0.00 0.00 0
116236 0.00 0.00 0.00 0
116237 0.00 0.00 0.00 0
116238 0.00 0.00 0.00 0
116240 0.00 0.00 0.00 0
116241 0.00 0.00 0.00 0
116242 0.00 0.00 0.00 0
116243 0.00 0.00 0.00 0
116244 0.00 0.00 0.00 0
116245 0.00 0.00 0.00 0
116246 0.00 0.00 0.00 0
116247 0.00 0.00 0.00 0
116248 0.00 0.00 0.00 0
116249 0.00 0.00 0.00 0
116250 0.00 0.00 0.00 0
116251 0.00 0.00 0.00 0
116253 0.00 0.00 0.00 0
116254 0.00 0.00 0.00 0
116255 0.00 0.00 0.00 0
116256 0.00 0.00 0.00 0
116257 0.00 0.00 0.00 0
116258 0.00 0.00 0.00 0
116259 0.00 0.00 0.00 0
116260 0.00 0.00 0.00 0
116261 0.00 0.00 0.00 0
116263 0.00 0.00 0.00 0
116264 0.00 0.00 0.00 0
116265 0.00 0.00 0.00 0
116266 0.00 0.00 0.00 0
116267 0.00 0.00 0.00 0
116268 0.00 0.00 0.00 0
116269 0.00 0.00 0.00 0
116270 0.00 0.00 0.00 0
116271 0.00 0.00 0.00 0
116273 0.00 0.00 0.00 0
116274 0.00 0.00 0.00 0
116275 0.00 0.00 0.00 0
116276 0.00 0.00 0.00 0
116277 0.00 0.00 0.00 0
116278 0.00 0.00 0.00 0
116279 0.00 0.00 0.00 0
116280 0.00 0.00 0.00 0
116282 0.00 0.00 0.00 0
116283 0.00 0.00 0.00 0
116284 0.00 0.00 0.00 0
116285 0.00 0.00 0.00 0
116286 0.00 0.00 0.00 0
116287 0.00 0.00 0.00 0
116288 0.00 0.00 0.00 0
116289 0.00 0.00 0.00 0
116292 0.00 0.00 0.00 0
116293 0.00 0.00 0.00 0
116294 0.00 0.00 0.00 0
116295 0.00 0.00 0.00 0
116296 0.00 0.00 0.00 0
116297 0.00 0.00 0.00 0
116298 0.00 0.00 0.00 0
116302 0.00 0.00 0.00 0
116303 0.00 0.00 0.00 0
116304 0.00 0.00 0.00 0
116305 0.00 0.00 0.00 0
116306 0.00 0.00 0.00 0
116307 0.00 0.00 0.00 0
116311 0.00 0.00 0.00 0
116312 0.00 0.00 0.00 0
116313 0.00 0.00 0.00 0
116314 0.00 0.00 0.00 0
116315 0.00 0.00 0.00 0
116316 0.00 0.00 0.00 0
116319 0.00 0.00 0.00 0
116320 0.00 0.00 0.00 0
116321 0.00 0.00 0.00 0
116322 0.00 0.00 0.00 0
116323 0.00 0.00 0.00 0
116324 0.00 0.00 0.00 0
116325 0.00 0.00 0.00 0
116326 0.00 0.00 0.00 0
116327 0.00 0.00 0.00 0
116328 0.00 0.00 0.00 0
116332 0.00 0.00 0.00 0
116333 0.00 0.00 0.00 0
116334 0.00 0.00 0.00 0
116335 0.00 0.00 0.00 0
116336 0.00 0.00 0.00 0
116337 0.00 0.00 0.00 0
116338 0.00 0.00 0.00 0
116339 0.00 0.00 0.00 0
116340 0.00 0.00 0.00 0
116341 0.00 0.00 0.00 0
116342 0.00 0.00 0.00 0
116343 0.00 0.00 0.00 0
116344 0.00 0.00 0.00 0
116348 0.00 0.00 0.00 0
116349 0.00 0.00 0.00 0
116350 0.00 0.00 0.00 0
116351 0.00 0.00 0.00 0
116352 0.00 0.00 0.00 0
116353 0.00 0.00 0.00 0
116354 0.00 0.00 0.00 0
116355 0.00 0.00 0.00 0
116356 0.00 0.00 0.00 0
116357 0.00 0.00 0.00 0
116358 0.00 0.00 0.00 0
116359 0.00 0.00 0.00 0
116363 0.00 0.00 0.00 0
116364 0.00 0.00 0.00 0
116365 0.00 0.00 0.00 0
116366 0.00 0.00 0.00 0
116367 0.00 0.00 0.00 0
116368 0.00 0.00 0.00 0
116369 0.00 0.00 0.00 0
116370 0.00 0.00 0.00 0
116371 0.00 0.00 0.00 0
116372 0.00 0.00 0.00 0
116377 0.00 0.00 0.00 0
116378 0.00 0.00 0.00 0
116379 0.00 0.00 0.00 0
116380 0.00 0.00 0.00 0
116381 0.00 0.00 0.00 0
116382 0.00 0.00 0.00 0
116383 0.00 0.00 0.00 0
116384 0.00 0.00 0.00 0
116388 0.00 0.00 0.00 0
116389 0.00 0.00 0.00 0
116390 0.00 0.00 0.00 0
116391 0.00 0.00 0.00 0
116392 0.00 0.00 0.00 0
116393 0.00 0.00 0.00 0
116394 0.00 0.00 0.00 0
116401 0.00 0.00 0.00 0
116402 0.00 0.00 0.00 0
116403 0.00 0.00 0.00 0
116412 0.00 0.00 0.00 0
116413 0.00 0.00 0.00 0
116414 0.00 0.00 0.00 0
116427 0.00 0.00 0.00 0
116428 0.00 0.00 0.00 0
117249 0.00 0.00 0.00 0
117250 0.00 0.00 0.00 0
117252 0.00 0.00 0.00 0
117253 0.00 0.00 0.00 0
117254 0.00 0.00 0.00 0
117255 0.00 0.00 0.00 0
117256 0.00 0.00 0.00 0
117257 0.00 0.00 0.00 0
117258 0.00 0.00 0.00 0
117260 0.00 0.00 0.00 0
117261 0.00 0.00 0.00 0
117262 0.00 0.00 0.00 0
117263 0.00 0.00 0.00 0
117264 0.00 0.00 0.00 0
117265 0.00 0.00 0.00 0
117266 0.00 0.00 0.00 0
117267 0.00 0.00 0.00 0
117268 0.00 0.00 0.00 0
117269 0.00 0.00 0.00 0
117271 0.00 0.00 0.00 0
117272 0.00 0.00 0.00 0
117273 0.00 0.00 0.00 0
117274 0.00 0.00 0.00 0
117275 0.00 0.00 0.00 0
117276 0.00 0.00 0.00 0
117277 0.00 0.00 0.00 0
117278 0.00 0.00 0.00 0
117279 0.00 0.00 0.00 0
117280 0.00 0.00 0.00 0
117282 0.00 0.00 0.00 0
117283 0.00 0.00 0.00 0
117284 0.00 0.00 0.00 0
117285 0.00 0.00 0.00 0
117286 0.00 0.00 0.00 0
117287 0.00 0.00 0.00 0
117288 0.00 0.00 0.00 0
117289 0.00 0.00 0.00 0
117290 0.00 0.00 0.00 0
117291 0.00 0.00 0.00 0
117292 0.00 0.00 0.00 0
117294 0.00 0.00 0.00 0
117295 0.00 0.00 0.00 0
117296 0.00 0.00 0.00 0
117297 0.00 0.00 0.00 0
117298 0.00 0.00 0.00 0
117299 0.00 0.00 0.00 0
117300 0.00 0.00 0.00 0
117301 0.00 0.00 0.00 0
117302 0.00 0.00 0.00 0
117304 0.00 0.00 0.00 0
117305 0.00 0.00 0.00 0
117307 0.00 0.00 0.00 0
117308 0.00 0.00 0.00 0
117310 0.00 0.00 0.00 0
117311 0.00 0.00 0.00 0
117312 0.00 0.00 0.00 0
117313 0.00 0.00 0.00 0
117315 0.00 0.00 0.00 0
117316 0.00 0.00 0.00 0
117317 0.00 0.00 0.00 0
117318 0.00 0.00 0.00 0
117319 0.00 0.00 0.00 0
117320 0.00 0.00 0.00 0
117321 0.00 0.00 0.00 0
117322 0.00 0.00 0.00 0
117323 0.00 0.00 0.00 0
117324 0.00 0.00 0.00 0
117328 0.00 0.00 0.00 0
117329 0.00 0.00 0.00 0
117330 0.00 0.00 0.00 0
117331 0.00 0.00 0.00 0
117332 0.00 0.00 0.00 0
117333 0.00 0.00 0.00 0
117334 0.00 0.00 0.00 0
117335 0.00 0.00 0.00 0
117336 0.00 0.00 0.00 0
117337 0.00 0.00 0.00 0
117341 0.00 0.00 0.00 0
117342 0.00 0.00 0.00 0
117343 0.00 0.00 0.00 0
117344 0.00 0.00 0.00 0
117345 0.00 0.00 0.00 0
117346 0.00 0.00 0.00 0
117347 0.00 0.00 0.00 0
117348 0.00 0.00 0.00 0
117349 0.00 0.00 0.00 0
117350 0.00 0.00 0.00 0
117351 0.00 0.00 0.00 0
117352 0.00 0.00 0.00 0
117353 0.00 0.00 0.00 0
117357 0.00 0.00 0.00 0
117358 0.00 0.00 0.00 0
117359 0.00 0.00 0.00 0
117360 0.00 0.00 0.00 0
117361 0.00 0.00 0.00 0
117362 0.00 0.00 0.00 0
117363 0.00 0.00 0.00 0
117364 0.00 0.00 0.00 0
117365 0.00 0.00 0.00 0
117366 0.00 0.00 0.00 0
117367 0.00 0.00 0.00 0
117368 0.00 0.00 0.00 0
117369 0.00 0.00 0.00 0
117370 0.00 0.00 0.00 0
117371 0.00 0.00 0.00 0
117375 0.00 0.00 0.00 0
117376 0.00 0.00 0.00 0
117377 0.00 0.00 0.00 0
117378 0.00 0.00 0.00 0
117379 0.00 0.00 0.00 0
117380 0.00 0.00 0.00 0
117381 0.00 0.00 0.00 0
117382 0.00 0.00 0.00 0
117383 0.00 0.00 0.00 0
117384 0.00 0.00 0.00 0
117385 0.00 0.00 0.00 0
117386 0.00 0.00 0.00 0
117387 0.00 0.00 0.00 0
117388 0.00 0.00 0.00 0
117389 0.00 0.00 0.00 0
117393 0.00 0.00 0.00 0
117394 0.00 0.00 0.00 0
117395 0.00 0.00 0.00 0
117396 0.00 0.00 0.00 0
117397 0.00 0.00 0.00 0
117398 0.00 0.00 0.00 0
117399 0.00 0.00 0.00 0
117400 0.00 0.00 0.00 0
117401 0.00 0.00 0.00 0
117402 0.00 0.00 0.00 0
117403 0.00 0.00 0.00 0
117404 0.00 0.00 0.00 0
117407 0.00 0.00 0.00 0
117408 0.00 0.00 0.00 0
117409 0.00 0.00 0.00 0
117410 0.00 0.00 0.00 0
117411 0.00 0.00 0.00 0
117412 0.00 0.00 0.00 0
117413 0.00 0.00 0.00 0
117414 0.00 0.00 0.00 0
117415 0.00 0.00 0.00 0
117416 0.00 0.00 0.00 0
117417 0.00 0.00 0.00 0
117421 0.00 0.00 0.00 0
117422 0.00 0.00 0.00 0
117423 0.00 0.00 0.00 0
117424 0.00 0.00 0.00 0
117425 0.00 0.00 0.00 0
117426 0.00 0.00 0.00 0
117427 0.00 0.00 0.00 0
117428 0.00 0.00 0.00 0
117429 0.00 0.00 0.00 0
117434 0.00 0.00 0.00 0
117435 0.00 0.00 0.00 0
117436 0.00 0.00 0.00 0
117437 0.00 0.00 0.00 0
117438 0.00 0.00 0.00 0
117439 0.00 0.00 0.00 0
117440 0.00 0.00 0.00 0
117441 0.00 0.00 0.00 0
117442 0.00 0.00 0.00 0
117447 0.00 0.00 0.00 0
117448 0.00 0.00 0.00 0
117449 0.00 0.00 0.00 0
117450 0.00 0.00 0.00 0
117451 0.00 0.00 0.00 0
117452 0.00 0.00 0.00 0
117453 0.00 0.00 0.00 0
117454 0.00 0.00 0.00 0
117459 0.00 0.00 0.00 0
117462 0.00 0.00 0.00 0
117463 0.00 0.00 0.00 0
117464 0.00 0.00 0.00 0
117465 0.00 0.00 0.00 0
117473 0.00 0.00 0.00 0
117474 0.00 0.00 0.00 0
117475 0.00 0.00 0.00 0
117476 0.00 0.00 0.00 0
117486 0.00 0.00 0.00 0
117487 0.00 0.00 0.00 0
117488 0.00 0.00 0.00 0
118395 0.00 0.00 0.00 0
118396 0.00 0.00 0.00 0
118397 0.00 0.00 0.00 0
118399 0.00 0.00 0.00 0
118400 0.00 0.00 0.00 0
118401 0.00 0.00 0.00 0
118402 0.00 0.00 0.00 0
118403 0.00 0.00 0.00 0
118404 0.00 0.00 0.00 0
118406 0.00 0.00 0.00 0
118407 0.00 0.00 0.00 0
118408 0.00 0.00 0.00 0
118409 0.00 0.00 0.00 0
118410 0.00 0.00 0.00 0
118411 0.00 0.00 0.00 0
118412 0.00 0.00 0.00 0
118413 0.00 0.00 0.00 0
118414 0.00 0.00 0.00 0
118416 0.00 0.00 0.00 0
118417 0.00 0.00 0.00 0
118418 0.00 0.00 0.00 0
118419 0.00 0.00 0.00 0
118420 0.00 0.00 0.00 0
118421 0.00 0.00 0.00 0
118422 0.00 0.00 0.00 0
118423 0.00 0.00 0.00 0
118424 0.00 0.00 0.00 0
118425 0.00 0.00 0.00 0
118426 0.00 0.00 0.00 0
118427 0.00 0.00 0.00 0
118428 0.00 0.00 0.00 0
118429 0.00 0.00 0.00 0
118431 0.00 0.00 0.00 0
118432 0.00 0.00 0.00 0
118433 0.00 0.00 0.00 0
118434 0.00 0.00 0.00 0
118435 0.00 0.00 0.00 0
118436 0.00 0.00 0.00 0
118437 0.00 0.00 0.00 0
118438 0.00 0.00 0.00 0
118439 0.00 0.00 0.00 0
118440 0.00 0.00 0.00 0
118441 0.00 0.00 0.00 0
118442 0.00 0.00 0.00 0
118443 0.00 0.00 0.00 0
118444 0.00 0.00 0.00 0
118445 0.00 0.00 0.00 0
118446 0.00 0.00 0.00 0
118447 0.00 0.00 0.00 0
118448 0.00 0.00 0.00 0
118449 0.00 0.00 0.00 0
118451 0.00 0.00 0.00 0
118452 0.00 0.00 0.00 0
118454 0.00 0.00 0.00 0
118455 0.00 0.00 0.00 0
118457 0.00 0.00 0.00 0
118458 0.00 0.00 0.00 0
118459 0.00 0.00 0.00 0
118461 0.00 0.00 0.00 0
118462 0.00 0.00 0.00 0
118463 0.00 0.00 0.00 0
118464 0.00 0.00 0.00 0
118465 0.00 0.00 0.00 0
118466 0.00 0.00 0.00 0
118467 0.00 0.00 0.00 0
118471 0.00 0.00 0.00 0
118472 0.00 0.00 0.00 0
118473 0.00 0.00 0.00 0
118474 0.00 0.00 0.00 0
118475 0.00 0.00 0.00 0
118476 0.00 0.00 0.00 0
118480 0.00 0.00 0.00 0
118481 0.00 0.00 0.00 0
118482 0.00 0.00 0.00 0
118483 0.00 0.00 0.00 0
118484 0.00 0.00 0.00 0
118488 0.00 0.00 0.00 0
118489 0.00 0.00 0.00 0
118490 0.00 0.00 0.00 0
118491 0.00 0.00 0.00 0
118492 0.00 0.00 0.00 0
118495 0.00 0.00 0.00 0
118496 0.00 0.00 0.00 0
118497 0.00 0.00 0.00 0
118498 0.00 0.00 0.00 0
118499 0.00 0.00 0.00 0
118503 0.00 0.00 0.00 0
118504 0.00 0.00 0.00 0
118505 0.00 0.00 0.00 0
118506 0.00 0.00 0.00 0
118507 0.00 0.00 0.00 0
118508 0.00 0.00 0.00 0
118509 0.00 0.00 0.00 0
118513 0.00 0.00 0.00 0
118514 0.00 0.00 0.00 0
118515 0.00 0.00 0.00 0
118516 0.00 0.00 0.00 0
118517 0.00 0.00 0.00 0
118518 0.00 0.00 0.00 0
118519 0.00 0.00 0.00 0
118520 0.00 0.00 0.00 0
118521 0.00 0.00 0.00 0
118524 0.00 0.00 0.00 0
118525 0.00 0.00 0.00 0
118526 0.00 0.00 0.00 0
118527 0.00 0.00 0.00 0
118528 0.00 0.00 0.00 0
118529 0.00 0.00 0.00 0
118530 0.00 0.00 0.00 0
118534 0.00 0.00 0.00 0
118535 0.00 0.00 0.00 0
118536 0.00 0.00 0.00 0
118537 0.00 0.00 0.00 0
118538 0.00 0.00 0.00 0
118539 0.00 0.00 0.00 0
118540 0.00 0.00 0.00 0
118541 0.00 0.00 0.00 0
118546 0.00 0.00 0.00 0
118547 0.00 0.00 0.00 0
118548 0.00 0.00 0.00 0
118549 0.00 0.00 0.00 0
118550 0.00 0.00 0.00 0
118551 0.00 0.00 0.00 0
118555 0.00 0.00 0.00 0
118556 0.00 0.00 0.00 0
118557 0.00 0.00 0.00 0
118558 0.00 0.00 0.00 0
118559 0.00 0.00 0.00 0
118560 0.00 0.00 0.00 0
118567 0.00 0.00 0.00 0
118568 0.00 0.00 0.00 0
118569 0.00 0.00 0.00 0
118570 0.00 0.00 0.00 0
118571 0.00 0.00 0.00 0
118579 0.00 0.00 0.00 0
118580 0.00 0.00 0.00 0
118581 0.00 0.00 0.00 0
118582 0.00 0.00 0.00 0
118591 0.00 0.00 0.00 0
118592 0.00 0.00 0.00 0
118593 0.00 0.00 0.00 0
118594 0.00 0.00 0.00 0
119520 0.00 0.00 0.00 0
119521 0.00 0.00 0.00 0
119523 0.00 0.00 0.00 0
119524 0.00 0.00 0.00 0
119526 0.00 0.00 0.00 0
119528 0.00 0.00 0.00 0
119529 0.00 0.00 0.00 0
119531 0.00 0.00 0.00 0
119532 0.00 0.00 0.00 0
119533 0.00 0.00 0.00 0
119534 0.00 0.00 0.00 0
119535 0.00 0.00 0.00 0
119536 0.00 0.00 0.00 0
119537 0.00 0.00 0.00 0
119538 0.00 0.00 0.00 0
119539 0.00 0.00 0.00 0
119540 0.00 0.00 0.00 0
119541 0.00 0.00 0.00 0
119542 0.00 0.00 0.00 0
119543 0.00 0.00 0.00 0
119544 0.00 0.00 0.00 0
119545 0.00 0.00 0.00 0
119546 0.00 0.00 0.00 0
119547 0.00 0.00 0.00 0
119548 0.00 0.00 0.00 0
119549 0.00 0.00 0.00 0
119550 0.00 0.00 0.00 0
119551 0.00 0.00 0.00 0
119552 0.00 0.00 0.00 0
119553 0.00 0.00 0.00 0
119554 0.00 0.00 0.00 0
119555 0.00 0.00 0.00 0
119556 0.00 0.00 0.00 0
119557 0.00 0.00 0.00 0
119558 0.00 0.00 0.00 0
119559 0.00 0.00 0.00 0
119560 0.00 0.00 0.00 0
119561 0.00 0.00 0.00 0
119565 0.00 0.00 0.00 0
119566 0.00 0.00 0.00 0
119567 0.00 0.00 0.00 0
119568 0.00 0.00 0.00 0
119569 0.00 0.00 0.00 0
119570 0.00 0.00 0.00 0
119571 0.00 0.00 0.00 0
119573 0.00 0.00 0.00 0
119574 0.00 0.00 0.00 0
119575 0.00 0.00 0.00 0
119579 0.00 0.00 0.00 0
119580 0.00 0.00 0.00 0
119581 0.00 0.00 0.00 0
119582 0.00 0.00 0.00 0
119583 0.00 0.00 0.00 0
119584 0.00 0.00 0.00 0
119585 0.00 0.00 0.00 0
119590 0.00 0.00 0.00 0
119591 0.00 0.00 0.00 0
119592 0.00 0.00 0.00 0
119593 0.00 0.00 0.00 0
119594 0.00 0.00 0.00 0
119598 0.00 0.00 0.00 0
119599 0.00 0.00 0.00 0
119600 0.00 0.00 0.00 0
119601 0.00 0.00 0.00 0
119602 0.00 0.00 0.00 0
119605 0.00 0.00 0.00 0
119606 0.00 0.00 0.00 0
119607 0.00 0.00 0.00 0
119608 0.00 0.00 0.00 0
119609 0.00 0.00 0.00 0
119610 0.00 0.00 0.00 0
119611 0.00 0.00 0.00 0
119612 0.00 0.00 0.00 0
119613 0.00 0.00 0.00 0
119616 0.00 0.00 0.00 0
119617 0.00 0.00 0.00 0
119618 0.00 0.00 0.00 0
119619 0.00 0.00 0.00 0
119620 0.00 0.00 0.00 0
119621 0.00 0.00 0.00 0
119622 0.00 0.00 0.00 0
119623 0.00 0.00 0.00 0
119624 0.00 0.00 0.00 0
119625 0.00 0.00 0.00 0
119628 0.00 0.00 0.00 0
119629 0.00 0.00 0.00 0
119630 0.00 0.00 0.00 0
119631 0.00 0.00 0.00 0
119632 0.00 0.00 0.00 0
119633 0.00 0.00 0.00 0
119634 0.00 0.00 0.00 0
119635 0.00 0.00 0.00 0
119636 0.00 0.00 0.00 0
119637 0.00 0.00 0.00 0
119638 0.00 0.00 0.00 0
119642 0.00 0.00 0.00 0
119643 0.00 0.00 0.00 0
119644 0.00 0.00 0.00 0
119645 0.00 0.00 0.00 0
119646 0.00 0.00 0.00 0
119647 0.00 0.00 0.00 0
119648 0.00 0.00 0.00 0
119649 0.00 0.00 0.00 0
119650 0.00 0.00 0.00 0
119651 0.00 0.00 0.00 0
119652 0.00 0.00 0.00 0
119656 0.00 0.00 0.00 0
119657 0.00 0.00 0.00 0
119658 0.00 0.00 0.00 0
119659 0.00 0.00 0.00 0
119660 0.00 0.00 0.00 0
119661 0.00 0.00 0.00 0
119662 0.00 0.00 0.00 0
119663 0.00 0.00 0.00 0
119664 0.00 0.00 0.00 0
119670 0.00 0.00 0.00 0
119671 0.00 0.00 0.00 0
119672 0.00 0.00 0.00 0
119673 0.00 0.00 0.00 0
119674 0.00 0.00 0.00 0
119675 0.00 0.00 0.00 0
119676 0.00 0.00 0.00 0
119677 0.00 0.00 0.00 0
119678 0.00 0.00 0.00 0
119679 0.00 0.00 0.00 0
119683 0.00 0.00 0.00 0
119684 0.00 0.00 0.00 0
119685 0.00 0.00 0.00 0
119686 0.00 0.00 0.00 0
119687 0.00 0.00 0.00 0
119688 0.00 0.00 0.00 0
119689 0.00 0.00 0.00 0
119690 0.00 0.00 0.00 0
119691 0.00 0.00 0.00 0
119695 0.00 0.00 0.00 0
119696 0.00 0.00 0.00 0
119697 0.00 0.00 0.00 0
119698 0.00 0.00 0.00 0
119699 0.00 0.00 0.00 0
119700 0.00 0.00 0.00 0
119701 0.00 0.00 0.00 0
119702 0.00 0.00 0.00 0
119707 0.00 0.00 0.00 0
119708 0.00 0.00 0.00 0
119709 0.00 0.00 0.00 0
119710 0.00 0.00 0.00 0
119711 0.00 0.00 0.00 0
119712 0.00 0.00 0.00 0
119717 0.00 0.00 0.00 0
119718 0.00 0.00 0.00 0
119719 0.00 0.00 0.00 0
119720 0.00 0.00 0.00 0
119724 0.00 0.00 0.00 0
119725 0.00 0.00 0.00 0
119726 0.00 0.00 0.00 0
119727 0.00 0.00 0.00 0
120573 0.00 0.00 0.00 0
120575 0.00 0.00 0.00 0
120577 0.00 0.00 0.00 0
120578 0.00 0.00 0.00 0
120580 0.00 0.00 0.00 0
120581 0.00 0.00 0.00 0
120582 0.00 0.00 0.00 0
120583 0.00 0.00 0.00 0
120584 0.00 0.00 0.00 0
120585 0.00 0.00 0.00 0
120586 0.00 0.00 0.00 0
120588 0.00 0.00 0.00 0
120589 0.00 0.00 0.00 0
120590 0.00 0.00 0.00 0
120591 0.00 0.00 0.00 0
120592 0.00 0.00 0.00 0
120593 0.00 0.00 0.00 0
120594 0.00 0.00 0.00 0
120595 0.00 0.00 0.00 0
120596 0.00 0.00 0.00 0
120598 0.00 0.00 0.00 0
120599 0.00 0.00 0.00 0
120600 0.00 0.00 0.00 0
120601 0.00 0.00 0.00 0
120602 0.00 0.00 0.00 0
120603 0.00 0.00 0.00 0
120604 0.00 0.00 0.00 0
120605 0.00 0.00 0.00 0
120606 0.00 0.00 0.00 0
120608 0.00 0.00 0.00 0
120609 0.00 0.00 0.00 0
120610 0.00 0.00 0.00 0
120611 0.00 0.00 0.00 0
120612 0.00 0.00 0.00 0
120615 0.00 0.00 0.00 0
120616 0.00 0.00 0.00 0
120617 0.00 0.00 0.00 0
120618 0.00 0.00 0.00 0
120619 0.00 0.00 0.00 0
120620 0.00 0.00 0.00 0
120621 0.00 0.00 0.00 0
120622 0.00 0.00 0.00 0
120626 0.00 0.00 0.00 0
120627 0.00 0.00 0.00 0
120628 0.00 0.00 0.00 0
120629 0.00 0.00 0.00 0
120630 0.00 0.00 0.00 0
120631 0.00 0.00 0.00 0
120634 0.00 0.00 0.00 0
120635 0.00 0.00 0.00 0
120636 0.00 0.00 0.00 0
120637 0.00 0.00 0.00 0
120638 0.00 0.00 0.00 0
120639 0.00 0.00 0.00 0
120640 0.00 0.00 0.00 0
120641 0.00 0.00 0.00 0
120642 0.00 0.00 0.00 0
120645 0.00 0.00 0.00 0
120646 0.00 0.00 0.00 0
120647 0.00 0.00 0.00 0
120648 0.00 0.00 0.00 0
120649 0.00 0.00 0.00 0
120650 0.00 0.00 0.00 0
120651 0.00 0.00 0.00 0
120652 0.00 0.00 0.00 0
120653 0.00 0.00 0.00 0
120654 0.00 0.00 0.00 0
120655 0.00 0.00 0.00 0
120656 0.00 0.00 0.00 0
120657 0.00 0.00 0.00 0
120660 0.00 0.00 0.00 0
120661 0.00 0.00 0.00 0
120662 0.00 0.00 0.00 0
120663 0.00 0.00 0.00 0
120664 0.00 0.00 0.00 0
120665 0.00 0.00 0.00 0
120666 0.00 0.00 0.00 0
120667 0.00 0.00 0.00 0
120668 0.00 0.00 0.00 0
120669 0.00 0.00 0.00 0
120670 0.00 0.00 0.00 0
120671 0.00 0.00 0.00 0
120672 0.00 0.00 0.00 0
120675 0.00 0.00 0.00 0
120676 0.00 0.00 0.00 0
120677 0.00 0.00 0.00 0
120678 0.00 0.00 0.00 0
120679 0.00 0.00 0.00 0
120680 0.00 0.00 0.00 0
120681 0.00 0.00 0.00 0
120682 0.00 0.00 0.00 0
120683 0.00 0.00 0.00 0
120684 0.00 0.00 0.00 0
120685 0.00 0.00 0.00 0
120688 0.00 0.00 0.00 0
120689 0.00 0.00 0.00 0
120690 0.00 0.00 0.00 0
120691 0.00 0.00 0.00 0
120692 0.00 0.00 0.00 0
120693 0.00 0.00 0.00 0
120694 0.00 0.00 0.00 0
120695 0.00 0.00 0.00 0
120696 0.00 0.00 0.00 0
120697 0.00 0.00 0.00 0
120702 0.00 0.00 0.00 0
120703 0.00 0.00 0.00 0
120704 0.00 0.00 0.00 0
120705 0.00 0.00 0.00 0
120706 0.00 0.00 0.00 0
120707 0.00 0.00 0.00 0
120708 0.00 0.00 0.00 0
120709 0.00 0.00 0.00 0
120710 0.00 0.00 0.00 0
120716 0.00 0.00 0.00 0
120717 0.00 0.00 0.00 0
120718 0.00 0.00 0.00 0
120719 0.00 0.00 0.00 0
120720 0.00 0.00 0.00 0
120721 0.00 0.00 0.00 0
120722 0.00 0.00 0.00 0
120723 0.00 0.00 0.00 0
120724 0.00 0.00 0.00 0
120725 0.00 0.00 0.00 0
120729 0.00 0.00 0.00 0
120730 0.00 0.00 0.00 0
120731 0.00 0.00 0.00 0
120732 0.00 0.00 0.00 0
120733 0.00 0.00 0.00 0
120734 0.00 0.00 0.00 0
120735 0.00 0.00 0.00 0
120736 0.00 0.00 0.00 0
120740 0.00 0.00 0.00 0
120741 0.00 0.00 0.00 0
120742 0.00 0.00 0.00 0
120743 0.00 0.00 0.00 0
120744 0.00 0.00 0.00 0
120745 0.00 0.00 0.00 0
120746 0.00 0.00 0.00 0
120747 0.00 0.00 0.00 0
120753 0.00 0.00 0.00 0
120754 0.00 0.00 0.00 0
120755 0.00 0.00 0.00 0
120756 0.00 0.00 0.00 0
120757 0.00 0.00 0.00 0
120758 0.00 0.00 0.00 0
120764 0.00 0.00 0.00 0
120765 0.00 0.00 0.00 0
120766 0.00 0.00 0.00 0
120767 0.00 0.00 0.00 0
120768 0.00 0.00 0.00 0
120769 0.00 0.00 0.00 0
120774 0.00 0.00 0.00 0
120775 0.00 0.00 0.00 0
120776 0.00 0.00 0.00 0
120777 0.00 0.00 0.00 0
121624 0.00 0.00 0.00 0
121626 0.00 0.00 0.00 0
121627 0.00 0.00 0.00 0
121628 0.00 0.00 0.00 0
121630 0.00 0.00 0.00 0
121631 0.00 0.00 0.00 0
121632 0.00 0.00 0.00 0
121633 0.00 0.00 0.00 0
121634 0.00 0.00 0.00 0
121635 0.00 0.00 0.00 0
121636 0.00 0.00 0.00 0
121638 0.00 0.00 0.00 0
121639 0.00 0.00 0.00 0
121640 0.00 0.00 0.00 0
121641 0.00 0.00 0.00 0
121642 0.00 0.00 0.00 0
121644 0.00 0.00 0.00 0
121645 0.00 0.00 0.00 0
121646 0.00 0.00 0.00 0
121647 0.00 0.00 0.00 0
121648 0.00 0.00 0.00 0
121649 0.00 0.00 0.00 0
121650 0.00 0.00 0.00 0
121651 0.00 0.00 0.00 0
121652 0.00 0.00 0.00 0
121654 0.00 0.00 0.00 0
121655 0.00 0.00 0.00 0
121656 0.00 0.00 0.00 0
121657 0.00 0.00 0.00 0
121658 0.00 0.00 0.00 0
121659 0.00 0.00 0.00 0
121660 0.00 0.00 0.00 0
121661 0.00 0.00 0.00 0
121664 0.00 0.00 0.00 0
121665 0.00 0.00 0.00 0
121666 0.00 0.00 0.00 0
121667 0.00 0.00 0.00 0
121668 0.00 0.00 0.00 0
121669 0.00 0.00 0.00 0
121673 0.00 0.00 0.00 0
121674 0.00 0.00 0.00 0
121675 0.00 0.00 0.00 0
121676 0.00 0.00 0.00 0
121677 0.00 0.00 0.00 0
121678 0.00 0.00 0.00 0
121679 0.00 0.00 0.00 0
121680 0.00 0.00 0.00 0
121681 0.00 0.00 0.00 0
121682 0.00 0.00 0.00 0
121683 0.00 0.00 0.00 0
121686 0.00 0.00 0.00 0
121687 0.00 0.00 0.00 0
121688 0.00 0.00 0.00 0
121689 0.00 0.00 0.00 0
121690 0.00 0.00 0.00 0
121691 0.00 0.00 0.00 0
121692 0.00 0.00 0.00 0
121693 0.00 0.00 0.00 0
121694 0.00 0.00 0.00 0
121695 0.00 0.00 0.00 0
121696 0.00 0.00 0.00 0
121697 0.00 0.00 0.00 0
121698 0.00 0.00 0.00 0
121699 0.00 0.00 0.00 0
121700 0.00 0.00 0.00 0
121701 0.00 0.00 0.00 0
121702 0.00 0.00 0.00 0
121705 0.00 0.00 0.00 0
121706 0.00 0.00 0.00 0
121707 0.00 0.00 0.00 0
121708 0.00 0.00 0.00 0
121709 0.00 0.00 0.00 0
121710 0.00 0.00 0.00 0
121711 0.00 0.00 0.00 0
121712 0.00 0.00 0.00 0
121713 0.00 0.00 0.00 0
121714 0.00 0.00 0.00 0
121715 0.00 0.00 0.00 0
121716 0.00 0.00 0.00 0
121717 0.00 0.00 0.00 0
121718 0.00 0.00 0.00 0
121721 0.00 0.00 0.00 0
121722 0.00 0.00 0.00 0
121723 0.00 0.00 0.00 0
121724 0.00 0.00 0.00 0
121725 0.00 0.00 0.00 0
121726 0.00 0.00 0.00 0
121727 0.00 0.00 0.00 0
121728 0.00 0.00 0.00 0
121729 0.00 0.00 0.00 0
121732 0.00 0.00 0.00 0
121733 0.00 0.00 0.00 0
121734 0.00 0.00 0.00 0
121735 0.00 0.00 0.00 0
121738 0.00 0.00 0.00 0
121739 0.00 0.00 0.00 0
121740 0.00 0.00 0.00 0
121741 0.00 0.00 0.00 0
121742 0.00 0.00 0.00 0
121747 0.00 0.00 0.00 0
121748 0.00 0.00 0.00 0
121749 0.00 0.00 0.00 0
121750 0.00 0.00 0.00 0
121751 0.00 0.00 0.00 0
121755 0.00 0.00 0.00 0
121756 0.00 0.00 0.00 0
121757 0.00 0.00 0.00 0
121758 0.00 0.00 0.00 0
121759 0.00 0.00 0.00 0
122644 0.00 0.00 0.00 0
122645 0.00 0.00 0.00 0
122647 0.00 0.00 0.00 0
122648 0.00 0.00 0.00 0
122649 0.00 0.00 0.00 0
122650 0.00 0.00 0.00 0
122652 0.00 0.00 0.00 0
122653 0.00 0.00 0.00 0
122654 0.00 0.00 0.00 0
122655 0.00 0.00 0.00 0
122656 0.00 0.00 0.00 0
122657 0.00 0.00 0.00 0
122658 0.00 0.00 0.00 0
122660 0.00 0.00 0.00 0
122661 0.00 0.00 0.00 0
122662 0.00 0.00 0.00 0
122663 0.00 0.00 0.00 0
122664 0.00 0.00 0.00 0
122665 0.00 0.00 0.00 0
122666 0.00 0.00 0.00 0
122668 0.00 0.00 0.00 0
122669 0.00 0.00 0.00 0
122670 0.00 0.00 0.00 0
122671 0.00 0.00 0.00 0
122672 0.00 0.00 0.00 0
122673 0.00 0.00 0.00 0
122674 0.00 0.00 0.00 0
122675 0.00 0.00 0.00 0
122677 0.00 0.00 0.00 0
122678 0.00 0.00 0.00 0
122679 0.00 0.00 0.00 0
122680 0.00 0.00 0.00 0
122681 0.00 0.00 0.00 0
122682 0.00 0.00 0.00 0
122683 0.00 0.00 0.00 0
122684 0.00 0.00 0.00 0
122687 0.00 0.00 0.00 0
122688 0.00 0.00 0.00 0
122689 0.00 0.00 0.00 0
122690 0.00 0.00 0.00 0
122694 0.00 0.00 0.00 0
122695 0.00 0.00 0.00 0
122696 0.00 0.00 0.00 0
122697 0.00 0.00 0.00 0
122698 0.00 0.00 0.00 0
122699 0.00 0.00 0.00 0
122700 0.00 0.00 0.00 0
122701 0.00 0.00 0.00 0
122702 0.00 0.00 0.00 0
122703 0.00 0.00 0.00 0
122704 0.00 0.00 0.00 0
122707 0.00 0.00 0.00 0
122708 0.00 0.00 0.00 0
122709 0.00 0.00 0.00 0
122710 0.00 0.00 0.00 0
122711 0.00 0.00 0.00 0
122712 0.00 0.00 0.00 0
122713 0.00 0.00 0.00 0
122714 0.00 0.00 0.00 0
122715 0.00 0.00 0.00 0
122716 0.00 0.00 0.00 0
122717 0.00 0.00 0.00 0
122718 0.00 0.00 0.00 0
122719 0.00 0.00 0.00 0
122720 0.00 0.00 0.00 0
122721 0.00 0.00 0.00 0
122722 0.00 0.00 0.00 0
122723 0.00 0.00 0.00 0
122724 0.00 0.00 0.00 0
122727 0.00 0.00 0.00 0
122728 0.00 0.00 0.00 0
122729 0.00 0.00 0.00 0
122730 0.00 0.00 0.00 0
122731 0.00 0.00 0.00 0
122732 0.00 0.00 0.00 0
122733 0.00 0.00 0.00 0
122734 0.00 0.00 0.00 0
122735 0.00 0.00 0.00 0
122736 0.00 0.00 0.00 0
122739 0.00 0.00 0.00 0
122740 0.00 0.00 0.00 0
122741 0.00 0.00 0.00 0
122742 0.00 0.00 0.00 0
122743 0.00 0.00 0.00 0
122746 0.00 0.00 0.00 0
122747 0.00 0.00 0.00 0
122748 0.00 0.00 0.00 0
122749 0.00 0.00 0.00 0
122750 0.00 0.00 0.00 0
122755 0.00 0.00 0.00 0
122756 0.00 0.00 0.00 0
122757 0.00 0.00 0.00 0
122758 0.00 0.00 0.00 0
122759 0.00 0.00 0.00 0
122765 0.00 0.00 0.00 0
122766 0.00 0.00 0.00 0
122767 0.00 0.00 0.00 0
122768 0.00 0.00 0.00 0
122769 0.00 0.00 0.00 0
122775 0.00 0.00 0.00 0
122776 0.00 0.00 0.00 0
122777 0.00 0.00 0.00 0
122778 0.00 0.00 0.00 0
123615 0.00 0.00 0.00 0
123618 0.00 0.00 0.00 0
123619 0.00 0.00 0.00 0
123620 0.00 0.00 0.00 0
123621 0.00 0.00 0.00 0
123622 0.00 0.00 0.00 0
123624 0.00 0.00 0.00 0
123625 0.00 0.00 0.00 0
123626 0.00 0.00 0.00 0
123627 0.00 0.00 0.00 0
123628 0.00 0.00 0.00 0
123629 0.00 0.00 0.00 0
123630 0.00 0.00 0.00 0
123631 0.00 0.00 0.00 0
123632 0.00 0.00 0.00 0
123633 0.00 0.00 0.00 0
123634 0.00 0.00 0.00 0
123635 0.00 0.00 0.00 0
123637 0.00 0.00 0.00 0
123638 0.00 0.00 0.00 0
123639 0.00 0.00 0.00 0
123640 0.00 0.00 0.00 0
123641 0.00 0.00 0.00 0
123642 0.00 0.00 0.00 0
123643 0.00 0.00 0.00 0
123644 0.00 0.00 0.00 0
123646 0.00 0.00 0.00 0
123647 0.00 0.00 0.00 0
123648 0.00 0.00 0.00 0
123649 0.00 0.00 0.00 0
123650 0.00 0.00 0.00 0
123651 0.00 0.00 0.00 0
123652 0.00 0.00 0.00 0
123654 0.00 0.00 0.00 0
123655 0.00 0.00 0.00 0
123656 0.00 0.00 0.00 0
123657 0.00 0.00 0.00 0
123658 0.00 0.00 0.00 0
123659 0.00 0.00 0.00 0
123660 0.00 0.00 0.00 0
123661 0.00 0.00 0.00 0
123663 0.00 0.00 0.00 0
123664 0.00 0.00 0.00 0
123669 0.00 0.00 0.00 0
123670 0.00 0.00 0.00 0
123671 0.00 0.00 0.00 0
123672 0.00 0.00 0.00 0
123673 0.00 0.00 0.00 0
123674 0.00 0.00 0.00 0
123675 0.00 0.00 0.00 0
123676 0.00 0.00 0.00 0
123677 0.00 0.00 0.00 0
123678 0.00 0.00 0.00 0
123679 0.00 0.00 0.00 0
123682 0.00 0.00 0.00 0
123683 0.00 0.00 0.00 0
123684 0.00 0.00 0.00 0
123685 0.00 0.00 0.00 0
123686 0.00 0.00 0.00 0
123687 0.00 0.00 0.00 0
123688 0.00 0.00 0.00 0
123694 0.00 0.00 0.00 0
123695 0.00 0.00 0.00 0
123696 0.00 0.00 0.00 0
123699 0.00 0.00 0.00 0
123700 0.00 0.00 0.00 0
123701 0.00 0.00 0.00 0
123702 0.00 0.00 0.00 0
123703 0.00 0.00 0.00 0
123709 0.00 0.00 0.00 0
123710 0.00 0.00 0.00 0
123711 0.00 0.00 0.00 0
123712 0.00 0.00 0.00 0
123716 0.00 0.00 0.00 0
123717 0.00 0.00 0.00 0
123718 0.00 0.00 0.00 0
123719 0.00 0.00 0.00 0
123720 0.00 0.00 0.00 0
123726 0.00 0.00 0.00 0
123727 0.00 0.00 0.00 0
123728 0.00 0.00 0.00 0
123729 0.00 0.00 0.00 0
123736 0.00 0.00 0.00 0
123737 0.00 0.00 0.00 0
123738 0.00 0.00 0.00 0
123745 0.00 0.00 0.00 0
123746 0.00 0.00 0.00 0
124511 0.00 0.00 0.00 0
124512 0.00 0.00 0.00 0
124513 0.00 0.00 0.00 0
124514 0.00 0.00 0.00 0
124517 0.00 0.00 0.00 0
124518 0.00 0.00 0.00 0
124519 0.00 0.00 0.00 0
124520 0.00 0.00 0.00 0
124521 0.00 0.00 0.00 0
124522 0.00 0.00 0.00 0
124523 0.00 0.00 0.00 0
124524 0.00 0.00 0.00 0
124525 0.00 0.00 0.00 0
124526 0.00 0.00 0.00 0
124527 0.00 0.00 0.00 0
124528 0.00 0.00 0.00 0
124529 0.00 0.00 0.00 0
124530 0.00 0.00 0.00 0
124531 0.00 0.00 0.00 0
124533 0.00 0.00 0.00 0
124534 0.00 0.00 0.00 0
124535 0.00 0.00 0.00 0
124536 0.00 0.00 0.00 0
124537 0.00 0.00 0.00 0
124538 0.00 0.00 0.00 0
124539 0.00 0.00 0.00 0
124540 0.00 0.00 0.00 0
124541 0.00 0.00 0.00 0
124542 0.00 0.00 0.00 0
124543 0.00 0.00 0.00 0
124545 0.00 0.00 0.00 0
124546 0.00 0.00 0.00 0
124548 0.00 0.00 0.00 0
124549 0.00 0.00 0.00 0
124550 0.00 0.00 0.00 0
124551 0.00 0.00 0.00 0
124552 0.00 0.00 0.00 0
124554 0.00 0.00 0.00 0
124555 0.00 0.00 0.00 0
124556 0.00 0.00 0.00 0
124563 0.00 0.00 0.00 0
124564 0.00 0.00 0.00 0
124565 0.00 0.00 0.00 0
124566 0.00 0.00 0.00 0
124567 0.00 0.00 0.00 0
124568 0.00 0.00 0.00 0
124569 0.00 0.00 0.00 0
124570 0.00 0.00 0.00 0
124571 0.00 0.00 0.00 0
124572 0.00 0.00 0.00 0
124573 0.00 0.00 0.00 0
124580 0.00 0.00 0.00 0
124581 0.00 0.00 0.00 0
124582 0.00 0.00 0.00 0
124583 0.00 0.00 0.00 0
124584 0.00 0.00 0.00 0
124585 0.00 0.00 0.00 0
124586 0.00 0.00 0.00 0
124587 0.00 0.00 0.00 0
124588 0.00 0.00 0.00 0
124589 0.00 0.00 0.00 0
124590 0.00 0.00 0.00 0
124591 0.00 0.00 0.00 0
124592 0.00 0.00 0.00 0
124599 0.00 0.00 0.00 0
124600 0.00 0.00 0.00 0
124601 0.00 0.00 0.00 0
124602 0.00 0.00 0.00 0
124603 0.00 0.00 0.00 0
124604 0.00 0.00 0.00 0
124605 0.00 0.00 0.00 0
124616 0.00 0.00 0.00 0
124617 0.00 0.00 0.00 0
124618 0.00 0.00 0.00 0
124619 0.00 0.00 0.00 0
124620 0.00 0.00 0.00 0
124621 0.00 0.00 0.00 0
124629 0.00 0.00 0.00 0
124630 0.00 0.00 0.00 0
124631 0.00 0.00 0.00 0
124632 0.00 0.00 0.00 0
124636 0.00 0.00 0.00 0
124637 0.00 0.00 0.00 0
124638 0.00 0.00 0.00 0
124642 0.00 0.00 0.00 0
124643 0.00 0.00 0.00 0
125391 0.00 0.00 0.00 0
125392 0.00 0.00 0.00 0
125393 0.00 0.00 0.00 0
125394 0.00 0.00 0.00 0
125395 0.00 0.00 0.00 0
125396 0.00 0.00 0.00 0
125397 0.00 0.00 0.00 0
125398 0.00 0.00 0.00 0
125401 0.00 0.00 0.00 0
125402 0.00 0.00 0.00 0
125403 0.00 0.00 0.00 0
125404 0.00 0.00 0.00 0
125405 0.00 0.00 0.00 0
125406 0.00 0.00 0.00 0
125407 0.00 0.00 0.00 0
125408 0.00 0.00 0.00 0
125409 0.00 0.00 0.00 0
125410 0.00 0.00 0.00 0
125411 0.00 0.00 0.00 0
125412 0.00 0.00 0.00 0
125413 0.00 0.00 0.00 0
125414 0.00 0.00 0.00 0
125416 0.00 0.00 0.00 0
125417 0.00 0.00 0.00 0
125418 0.00 0.00 0.00 0
125420 0.00 0.00 0.00 0
125421 0.00 0.00 0.00 0
125422 0.00 0.00 0.00 0
125423 0.00 0.00 0.00 0
125425 0.00 0.00 0.00 0
125426 0.00 0.00 0.00 0
125427 0.00 0.00 0.00 0
125428 0.00 0.00 0.00 0
125429 0.00 0.00 0.00 0
125430 0.00 0.00 0.00 0
125433 0.00 0.00 0.00 0
125434 0.00 0.00 0.00 0
125435 0.00 0.00 0.00 0
125436 0.00 0.00 0.00 0
125437 0.00 0.00 0.00 0
125438 0.00 0.00 0.00 0
125439 0.00 0.00 0.00 0
125440 0.00 0.00 0.00 0
125449 0.00 0.00 0.00 0
125450 0.00 0.00 0.00 0
125451 0.00 0.00 0.00 0
125452 0.00 0.00 0.00 0
125453 0.00 0.00 0.00 0
125454 0.00 0.00 0.00 0
125455 0.00 0.00 0.00 0
125456 0.00 0.00 0.00 0
125457 0.00 0.00 0.00 0
125458 0.00 0.00 0.00 0
125459 0.00 0.00 0.00 0
125469 0.00 0.00 0.00 0
125470 0.00 0.00 0.00 0
125471 0.00 0.00 0.00 0
125472 0.00 0.00 0.00 0
126242 0.00 0.00 0.00 0
126243 0.00 0.00 0.00 0
126244 0.00 0.00 0.00 0
126252 0.00 0.00 0.00 0
126253 0.00 0.00 0.00 0
126254 0.00 0.00 0.00 0
126255 0.00 0.00 0.00 0
126256 0.00 0.00 0.00 0
126257 0.00 0.00 0.00 0
126258 0.00 0.00 0.00 0
126259 0.00 0.00 0.00 0
126260 0.00 0.00 0.00 0
126261 0.00 0.00 0.00 0
126262 0.00 0.00 0.00 0
126266 0.00 0.00 0.00 0
126267 0.00 0.00 0.00 0
126268 0.00 0.00 0.00 0
126269 0.00 0.00 0.00 0
126270 0.00 0.00 0.00 0
126271 0.00 0.00 0.00 0
126272 0.00 0.00 0.00 0
126273 0.00 0.00 0.00 0
126274 0.00 0.00 0.00 0
126275 0.00 0.00 0.00 0
126276 0.00 0.00 0.00 0
126279 0.00 0.00 0.00 0
126280 0.00 0.00 0.00 0
126281 0.00 0.00 0.00 0
126283 0.00 0.00 0.00 0
126284 0.00 0.00 0.00 0
126285 0.00 0.00 0.00 0
126287 0.00 0.00 0.00 0
126288 0.00 0.00 0.00 0
126289 0.00 0.00 0.00 0
126293 0.00 0.00 0.00 0
126294 0.00 0.00 0.00 0
126295 0.00 0.00 0.00 0
126296 0.00 0.00 0.00 0
126304 0.00 0.00 0.00 0
126305 0.00 0.00 0.00 0
126306 0.00 0.00 0.00 0
126307 0.00 0.00 0.00 0
127080 0.00 0.00 0.00 0
127081 0.00 0.00 0.00 0
127082 0.00 0.00 0.00 0
127083 0.00 0.00 0.00 0
127091 0.00 0.00 0.00 0
127092 0.00 0.00 0.00 0
127093 0.00 0.00 0.00 0
127094 0.00 0.00 0.00 0
127095 0.00 0.00 0.00 0
127096 0.00 0.00 0.00 0
127097 0.00 0.00 0.00 0
127098 0.00 0.00 0.00 0
127099 0.00 0.00 0.00 0
127103 0.00 0.00 0.00 0
127104 0.00 0.00 0.00 0
127105 0.00 0.00 0.00 0
127106 0.00 0.00 0.00 0
127107 0.00 0.00 0.00 0
127111 0.00 0.00 0.00 0
127112 0.00 0.00 0.00 0
127114 0.00 0.00 0.00 0
127115 0.00 0.00 0.00 0
127116 0.00 0.00 0.00 0
127118 0.00 0.00 0.00 0
127119 0.00 0.00 0.00 0
127120 0.00 0.00 0.00 0
127122 0.00 0.00 0.00 0
127123 0.00 0.00 0.00 0
127124 0.00 0.00 0.00 0
127909 0.00 0.00 0.00 0
127910 0.00 0.00 0.00 0
127911 0.00 0.00 0.00 0
127912 0.00 0.00 0.00 0
127921 0.00 0.00 0.00 0
127922 0.00 0.00 0.00 0
127923 0.00 0.00 0.00 0
127924 0.00 0.00 0.00 0
127925 0.00 0.00 0.00 0
127926 0.00 0.00 0.00 0
127927 0.00 0.00 0.00 0
127928 0.00 0.00 0.00 0
127929 0.00 0.00 0.00 0
127930 0.00 0.00 0.00 0
127934 0.00 0.00 0.00 0
127935 0.00 0.00 0.00 0
127936 0.00 0.00 0.00 0
127937 0.00 0.00 0.00 0
127938 0.00 0.00 0.00 0
127939 0.00 0.00 0.00 0
127940 0.00 0.00 0.00 0
127941 0.00 0.00 0.00 0
127942 0.00 0.00 0.00 0
127947 0.00 0.00 0.00 0
127948 0.00 0.00 0.00 0
127949 0.00 0.00 0.00 0
127951 0.00 0.00 0.00 0
127952 0.00 0.00 0.00 0
127953 0.00 0.00 0.00 0
127955 0.00 0.00 0.00 0
127956 0.00 0.00 0.00 0
127957 0.00 0.00 0.00 0
128772 0.00 0.00 0.00 0
128773 0.00 0.00 0.00 0
128774 0.00 0.00 0.00 0
128785 0.00 0.00 0.00 0
128786 0.00 0.00 0.00 0
128787 0.00 0.00 0.00 0
128788 0.00 0.00 0.00 0
128789 0.00 0.00 0.00 0
128790 0.00 0.00 0.00 0
128791 0.00 0.00 0.00 0
128796 0.00 0.00 0.00 0
128797 0.00 0.00 0.00 0
128798 0.00 0.00 0.00 0
128799 0.00 0.00 0.00 0
128800 0.00 0.00 0.00 0
128801 0.00 0.00 0.00 0
128802 0.00 0.00 0.00 0
128803 0.00 0.00 0.00 0
128804 0.00 0.00 0.00 0
128805 0.00 0.00 0.00 0
128812 0.00 0.00 0.00 0
128813 0.00 0.00 0.00 0
128814 0.00 0.00 0.00 0
128815 0.00 0.00 0.00 0
128824 0.00 0.00 0.00 0
128825 0.00 0.00 0.00 0
128826 0.00 0.00 0.00 0
128827 0.00 0.00 0.00 0
128828 0.00 0.00 0.00 0
129692 0.00 0.00 0.00 0
129693 0.00 0.00 0.00 0
129707 0.00 0.00 0.00 0
129708 0.00 0.00 0.00 0
129709 0.00 0.00 0.00 0
129710 0.00 0.00 0.00 0
129711 0.00 0.00 0.00 0
129718 0.00 0.00 0.00 0
129719 0.00 0.00 0.00 0
129720 0.00 0.00 0.00 0
129721 0.00 0.00 0.00 0
129722 0.00 0.00 0.00 0
129723 0.00 0.00 0.00 0
129724 0.00 0.00 0.00 0
129729 0.00 0.00 0.00 0
129730 0.00 0.00 0.00 0
129731 0.00 0.00 0.00 0
129741 0.00 0.00 0.00 0
129742 0.00 0.00 0.00 0
129743 0.00 0.00 0.00 0
130660 0.00 0.00 0.00 0
130661 0.00 0.00 0.00 0
130670 0.00 0.00 0.00 0
130671 0.00 0.00 0.00 0
130672 0.00 0.00 0.00 0
130673 0.00 0.00 0.00 0
130674 0.00 0.00 0.00 0
130678 0.00 0.00 0.00 0
130679 0.00 0.00 0.00 0
130680 0.00 0.00 0.00 0
130681 0.00 0.00 0.00 0
131534 0.00 0.00 0.00 0
