# parstriangularis
2251
123665 0.00 0.00 0.00 0
123689 0.00 0.00 0.00 0
123690 0.00 0.00 0.00 0
123691 0.00 0.00 0.00 0
123692 0.00 0.00 0.00 0
123693 0.00 0.00 0.00 0
123704 0.00 0.00 0.00 0
123705 0.00 0.00 0.00 0
123706 0.00 0.00 0.00 0
124557 0.00 0.00 0.00 0
124558 0.00 0.00 0.00 0
124559 0.00 0.00 0.00 0
124560 0.00 0.00 0.00 0
124574 0.00 0.00 0.00 0
124575 0.00 0.00 0.00 0
124576 0.00 0.00 0.00 0
124593 0.00 0.00 0.00 0
124594 0.00 0.00 0.00 0
124595 0.00 0.00 0.00 0
124596 0.00 0.00 0.00 0
124606 0.00 0.00 0.00 0
124607 0.00 0.00 0.00 0
124608 0.00 0.00 0.00 0
124609 0.00 0.00 0.00 0
124610 0.00 0.00 0.00 0
124611 0.00 0.00 0.00 0
124612 0.00 0.00 0.00 0
124613 0.00 0.00 0.00 0
124622 0.00 0.00 0.00 0
124623 0.00 0.00 0.00 0
124624 0.00 0.00 0.00 0
124625 0.00 0.00 0.00 0
124626 0.00 0.00 0.00 0
125441 0.00 0.00 0.00 0
125442 0.00 0.00 0.00 0
125443 0.00 0.00 0.00 0
125444 0.00 0.00 0.00 0
125445 0.00 0.00 0.00 0
125460 0.00 0.00 0.00 0
125461 0.00 0.00 0.00 0
125462 0.00 0.00 0.00 0
125473 0.00 0.00 0.00 0
125474 0.00 0.00 0.00 0
125475 0.00 0.00 0.00 0
125476 0.00 0.00 0.00 0
125481 0.00 0.00 0.00 0
125482 0.00 0.00 0.00 0
125483 0.00 0.00 0.00 0
125484 0.00 0.00 0.00 0
125485 0.00 0.00 0.00 0
125486 0.00 0.00 0.00 0
125491 0.00 0.00 0.00 0
125492 0.00 0.00 0.00 0
125493 0.00 0.00 0.00 0
125494 0.00 0.00 0.00 0
125495 0.00 0.00 0.00 0
125496 0.00 0.00 0.00 0
125497 0.00 0.00 0.00 0
125501 0.00 0.00 0.00 0
125502 0.00 0.00 0.00 0
125503 0.00 0.00 0.00 0
125504 0.00 0.00 0.00 0
125509 0.00 0.00 0.00 0
125510 0.00 0.00 0.00 0
125511 0.00 0.00 0.00 0
126297 0.00 0.00 0.00 0
126298 0.00 0.00 0.00 0
126299 0.00 0.00 0.00 0
126300 0.00 0.00 0.00 0
126301 0.00 0.00 0.00 0
126308 0.00 0.00 0.00 0
126309 0.00 0.00 0.00 0
126310 0.00 0.00 0.00 0
126315 0.00 0.00 0.00 0
126316 0.00 0.00 0.00 0
126317 0.00 0.00 0.00 0
126318 0.00 0.00 0.00 0
126321 0.00 0.00 0.00 0
126322 0.00 0.00 0.00 0
126323 0.00 0.00 0.00 0
126324 0.00 0.00 0.00 0
126329 0.00 0.00 0.00 0
126330 0.00 0.00 0.00 0
126331 0.00 0.00 0.00 0
126332 0.00 0.00 0.00 0
126333 0.00 0.00 0.00 0
126334 0.00 0.00 0.00 0
126338 0.00 0.00 0.00 0
126339 0.00 0.00 0.00 0
126340 0.00 0.00 0.00 0
126341 0.00 0.00 0.00 0
126342 0.00 0.00 0.00 0
126343 0.00 0.00 0.00 0
126344 0.00 0.00 0.00 0
126348 0.00 0.00 0.00 0
126349 0.00 0.00 0.00 0
126350 0.00 0.00 0.00 0
126351 0.00 0.00 0.00 0
126352 0.00 0.00 0.00 0
126353 0.00 0.00 0.00 0
126354 0.00 0.00 0.00 0
126359 0.00 0.00 0.00 0
126360 0.00 0.00 0.00 0
126361 0.00 0.00 0.00 0
126362 0.00 0.00 0.00 0
126363 0.00 0.00 0.00 0
126364 0.00 0.00 0.00 0
126371 0.00 0.00 0.00 0
126372 0.00 0.00 0.00 0
126373 0.00 0.00 0.00 0
126374 0.00 0.00 0.00 0
126375 0.00 0.00 0.00 0
126376 0.00 0.00 0.00 0
126383 0.00 0.00 0.00 0
126384 0.00 0.00 0.00 0
126385 0.00 0.00 0.00 0
126386 0.00 0.00 0.00 0
126390 0.00 0.00 0.00 0
126391 0.00 0.00 0.00 0
126392 0.00 0.00 0.00 0
126393 0.00 0.00 0.00 0
126394 0.00 0.00 0.00 0
126398 0.00 0.00 0.00 0
126399 0.00 0.00 0.00 0
126400 0.00 0.00 0.00 0
126401 0.00 0.00 0.00 0
126402 0.00 0.00 0.00 0
126403 0.00 0.00 0.00 0
126404 0.00 0.00 0.00 0
126408 0.00 0.00 0.00 0
126409 0.00 0.00 0.00 0
126410 0.00 0.00 0.00 0
126411 0.00 0.00 0.00 0
126412 0.00 0.00 0.00 0
126413 0.00 0.00 0.00 0
126414 0.00 0.00 0.00 0
126415 0.00 0.00 0.00 0
126419 0.00 0.00 0.00 0
126420 0.00 0.00 0.00 0
126421 0.00 0.00 0.00 0
126422 0.00 0.00 0.00 0
126423 0.00 0.00 0.00 0
126424 0.00 0.00 0.00 0
127125 0.00 0.00 0.00 0
127126 0.00 0.00 0.00 0
127127 0.00 0.00 0.00 0
127128 0.00 0.00 0.00 0
127129 0.00 0.00 0.00 0
127133 0.00 0.00 0.00 0
127134 0.00 0.00 0.00 0
127135 0.00 0.00 0.00 0
127136 0.00 0.00 0.00 0
127137 0.00 0.00 0.00 0
127138 0.00 0.00 0.00 0
127142 0.00 0.00 0.00 0
127143 0.00 0.00 0.00 0
127144 0.00 0.00 0.00 0
127145 0.00 0.00 0.00 0
127149 0.00 0.00 0.00 0
127150 0.00 0.00 0.00 0
127151 0.00 0.00 0.00 0
127152 0.00 0.00 0.00 0
127160 0.00 0.00 0.00 0
127161 0.00 0.00 0.00 0
127162 0.00 0.00 0.00 0
127163 0.00 0.00 0.00 0
127170 0.00 0.00 0.00 0
127171 0.00 0.00 0.00 0
127172 0.00 0.00 0.00 0
127173 0.00 0.00 0.00 0
127174 0.00 0.00 0.00 0
127179 0.00 0.00 0.00 0
127180 0.00 0.00 0.00 0
127181 0.00 0.00 0.00 0
127182 0.00 0.00 0.00 0
127189 0.00 0.00 0.00 0
127190 0.00 0.00 0.00 0
127191 0.00 0.00 0.00 0
127192 0.00 0.00 0.00 0
127193 0.00 0.00 0.00 0
127200 0.00 0.00 0.00 0
127201 0.00 0.00 0.00 0
127202 0.00 0.00 0.00 0
127203 0.00 0.00 0.00 0
127204 0.00 0.00 0.00 0
127205 0.00 0.00 0.00 0
127206 0.00 0.00 0.00 0
127212 0.00 0.00 0.00 0
127213 0.00 0.00 0.00 0
127214 0.00 0.00 0.00 0
127215 0.00 0.00 0.00 0
127216 0.00 0.00 0.00 0
127217 0.00 0.00 0.00 0
127221 0.00 0.00 0.00 0
127222 0.00 0.00 0.00 0
127223 0.00 0.00 0.00 0
127224 0.00 0.00 0.00 0
127225 0.00 0.00 0.00 0
127226 0.00 0.00 0.00 0
127227 0.00 0.00 0.00 0
127231 0.00 0.00 0.00 0
127232 0.00 0.00 0.00 0
127233 0.00 0.00 0.00 0
127234 0.00 0.00 0.00 0
127235 0.00 0.00 0.00 0
127236 0.00 0.00 0.00 0
127237 0.00 0.00 0.00 0
127238 0.00 0.00 0.00 0
127239 0.00 0.00 0.00 0
127240 0.00 0.00 0.00 0
127244 0.00 0.00 0.00 0
127245 0.00 0.00 0.00 0
127246 0.00 0.00 0.00 0
127247 0.00 0.00 0.00 0
127248 0.00 0.00 0.00 0
127249 0.00 0.00 0.00 0
127250 0.00 0.00 0.00 0
127251 0.00 0.00 0.00 0
127252 0.00 0.00 0.00 0
127256 0.00 0.00 0.00 0
127257 0.00 0.00 0.00 0
127258 0.00 0.00 0.00 0
127259 0.00 0.00 0.00 0
127260 0.00 0.00 0.00 0
127261 0.00 0.00 0.00 0
127262 0.00 0.00 0.00 0
127959 0.00 0.00 0.00 0
127960 0.00 0.00 0.00 0
127961 0.00 0.00 0.00 0
127962 0.00 0.00 0.00 0
127963 0.00 0.00 0.00 0
127964 0.00 0.00 0.00 0
127965 0.00 0.00 0.00 0
127966 0.00 0.00 0.00 0
127970 0.00 0.00 0.00 0
127971 0.00 0.00 0.00 0
127972 0.00 0.00 0.00 0
127973 0.00 0.00 0.00 0
127974 0.00 0.00 0.00 0
127975 0.00 0.00 0.00 0
127976 0.00 0.00 0.00 0
127977 0.00 0.00 0.00 0
127982 0.00 0.00 0.00 0
127983 0.00 0.00 0.00 0
127984 0.00 0.00 0.00 0
127985 0.00 0.00 0.00 0
127988 0.00 0.00 0.00 0
127989 0.00 0.00 0.00 0
127990 0.00 0.00 0.00 0
127991 0.00 0.00 0.00 0
127999 0.00 0.00 0.00 0
128000 0.00 0.00 0.00 0
128001 0.00 0.00 0.00 0
128006 0.00 0.00 0.00 0
128007 0.00 0.00 0.00 0
128008 0.00 0.00 0.00 0
128009 0.00 0.00 0.00 0
128013 0.00 0.00 0.00 0
128014 0.00 0.00 0.00 0
128015 0.00 0.00 0.00 0
128022 0.00 0.00 0.00 0
128023 0.00 0.00 0.00 0
128024 0.00 0.00 0.00 0
128025 0.00 0.00 0.00 0
128026 0.00 0.00 0.00 0
128027 0.00 0.00 0.00 0
128033 0.00 0.00 0.00 0
128034 0.00 0.00 0.00 0
128035 0.00 0.00 0.00 0
128036 0.00 0.00 0.00 0
128037 0.00 0.00 0.00 0
128038 0.00 0.00 0.00 0
128043 0.00 0.00 0.00 0
128044 0.00 0.00 0.00 0
128045 0.00 0.00 0.00 0
128046 0.00 0.00 0.00 0
128047 0.00 0.00 0.00 0
128048 0.00 0.00 0.00 0
128049 0.00 0.00 0.00 0
128053 0.00 0.00 0.00 0
128054 0.00 0.00 0.00 0
128055 0.00 0.00 0.00 0
128056 0.00 0.00 0.00 0
128057 0.00 0.00 0.00 0
128058 0.00 0.00 0.00 0
128059 0.00 0.00 0.00 0
128060 0.00 0.00 0.00 0
128061 0.00 0.00 0.00 0
128062 0.00 0.00 0.00 0
128063 0.00 0.00 0.00 0
128064 0.00 0.00 0.00 0
128065 0.00 0.00 0.00 0
128066 0.00 0.00 0.00 0
128070 0.00 0.00 0.00 0
128071 0.00 0.00 0.00 0
128072 0.00 0.00 0.00 0
128073 0.00 0.00 0.00 0
128074 0.00 0.00 0.00 0
128075 0.00 0.00 0.00 0
128076 0.00 0.00 0.00 0
128077 0.00 0.00 0.00 0
128078 0.00 0.00 0.00 0
128079 0.00 0.00 0.00 0
128080 0.00 0.00 0.00 0
128081 0.00 0.00 0.00 0
128086 0.00 0.00 0.00 0
128087 0.00 0.00 0.00 0
128088 0.00 0.00 0.00 0
128089 0.00 0.00 0.00 0
128090 0.00 0.00 0.00 0
128091 0.00 0.00 0.00 0
128092 0.00 0.00 0.00 0
128093 0.00 0.00 0.00 0
128098 0.00 0.00 0.00 0
128099 0.00 0.00 0.00 0
128100 0.00 0.00 0.00 0
128101 0.00 0.00 0.00 0
128102 0.00 0.00 0.00 0
128103 0.00 0.00 0.00 0
128816 0.00 0.00 0.00 0
128817 0.00 0.00 0.00 0
128818 0.00 0.00 0.00 0
128831 0.00 0.00 0.00 0
128832 0.00 0.00 0.00 0
128833 0.00 0.00 0.00 0
128834 0.00 0.00 0.00 0
128837 0.00 0.00 0.00 0
128838 0.00 0.00 0.00 0
128839 0.00 0.00 0.00 0
128840 0.00 0.00 0.00 0
128841 0.00 0.00 0.00 0
128842 0.00 0.00 0.00 0
128843 0.00 0.00 0.00 0
128844 0.00 0.00 0.00 0
128845 0.00 0.00 0.00 0
128848 0.00 0.00 0.00 0
128849 0.00 0.00 0.00 0
128850 0.00 0.00 0.00 0
128851 0.00 0.00 0.00 0
128852 0.00 0.00 0.00 0
128853 0.00 0.00 0.00 0
128854 0.00 0.00 0.00 0
128855 0.00 0.00 0.00 0
128862 0.00 0.00 0.00 0
128863 0.00 0.00 0.00 0
128864 0.00 0.00 0.00 0
128865 0.00 0.00 0.00 0
128866 0.00 0.00 0.00 0
128867 0.00 0.00 0.00 0
128875 0.00 0.00 0.00 0
128876 0.00 0.00 0.00 0
128877 0.00 0.00 0.00 0
128878 0.00 0.00 0.00 0
128879 0.00 0.00 0.00 0
128888 0.00 0.00 0.00 0
128889 0.00 0.00 0.00 0
128890 0.00 0.00 0.00 0
128893 0.00 0.00 0.00 0
128894 0.00 0.00 0.00 0
128895 0.00 0.00 0.00 0
128896 0.00 0.00 0.00 0
128897 0.00 0.00 0.00 0
128900 0.00 0.00 0.00 0
128901 0.00 0.00 0.00 0
128902 0.00 0.00 0.00 0
128903 0.00 0.00 0.00 0
128904 0.00 0.00 0.00 0
128905 0.00 0.00 0.00 0
128911 0.00 0.00 0.00 0
128912 0.00 0.00 0.00 0
128913 0.00 0.00 0.00 0
128914 0.00 0.00 0.00 0
128915 0.00 0.00 0.00 0
128916 0.00 0.00 0.00 0
128917 0.00 0.00 0.00 0
128918 0.00 0.00 0.00 0
128919 0.00 0.00 0.00 0
128925 0.00 0.00 0.00 0
128926 0.00 0.00 0.00 0
128927 0.00 0.00 0.00 0
128928 0.00 0.00 0.00 0
128929 0.00 0.00 0.00 0
128930 0.00 0.00 0.00 0
128931 0.00 0.00 0.00 0
128932 0.00 0.00 0.00 0
128933 0.00 0.00 0.00 0
128934 0.00 0.00 0.00 0
128938 0.00 0.00 0.00 0
128939 0.00 0.00 0.00 0
128940 0.00 0.00 0.00 0
128941 0.00 0.00 0.00 0
128942 0.00 0.00 0.00 0
128943 0.00 0.00 0.00 0
128944 0.00 0.00 0.00 0
128945 0.00 0.00 0.00 0
128946 0.00 0.00 0.00 0
128947 0.00 0.00 0.00 0
128948 0.00 0.00 0.00 0
128949 0.00 0.00 0.00 0
128950 0.00 0.00 0.00 0
128953 0.00 0.00 0.00 0
128954 0.00 0.00 0.00 0
128955 0.00 0.00 0.00 0
128956 0.00 0.00 0.00 0
128957 0.00 0.00 0.00 0
128958 0.00 0.00 0.00 0
128959 0.00 0.00 0.00 0
128960 0.00 0.00 0.00 0
128961 0.00 0.00 0.00 0
128962 0.00 0.00 0.00 0
128963 0.00 0.00 0.00 0
128964 0.00 0.00 0.00 0
128969 0.00 0.00 0.00 0
128970 0.00 0.00 0.00 0
128971 0.00 0.00 0.00 0
128972 0.00 0.00 0.00 0
128973 0.00 0.00 0.00 0
128974 0.00 0.00 0.00 0
128975 0.00 0.00 0.00 0
128981 0.00 0.00 0.00 0
128982 0.00 0.00 0.00 0
128983 0.00 0.00 0.00 0
128984 0.00 0.00 0.00 0
128985 0.00 0.00 0.00 0
128991 0.00 0.00 0.00 0
128992 0.00 0.00 0.00 0
128993 0.00 0.00 0.00 0
128994 0.00 0.00 0.00 0
128995 0.00 0.00 0.00 0
129003 0.00 0.00 0.00 0
129004 0.00 0.00 0.00 0
129005 0.00 0.00 0.00 0
129725 0.00 0.00 0.00 0
129732 0.00 0.00 0.00 0
129733 0.00 0.00 0.00 0
129734 0.00 0.00 0.00 0
129735 0.00 0.00 0.00 0
129744 0.00 0.00 0.00 0
129745 0.00 0.00 0.00 0
129749 0.00 0.00 0.00 0
129750 0.00 0.00 0.00 0
129751 0.00 0.00 0.00 0
129752 0.00 0.00 0.00 0
129753 0.00 0.00 0.00 0
129755 0.00 0.00 0.00 0
129756 0.00 0.00 0.00 0
129757 0.00 0.00 0.00 0
129758 0.00 0.00 0.00 0
129759 0.00 0.00 0.00 0
129760 0.00 0.00 0.00 0
129761 0.00 0.00 0.00 0
129762 0.00 0.00 0.00 0
129763 0.00 0.00 0.00 0
129764 0.00 0.00 0.00 0
129765 0.00 0.00 0.00 0
129766 0.00 0.00 0.00 0
129768 0.00 0.00 0.00 0
129769 0.00 0.00 0.00 0
129770 0.00 0.00 0.00 0
129771 0.00 0.00 0.00 0
129772 0.00 0.00 0.00 0
129773 0.00 0.00 0.00 0
129774 0.00 0.00 0.00 0
129775 0.00 0.00 0.00 0
129776 0.00 0.00 0.00 0
129777 0.00 0.00 0.00 0
129778 0.00 0.00 0.00 0
129779 0.00 0.00 0.00 0
129784 0.00 0.00 0.00 0
129785 0.00 0.00 0.00 0
129786 0.00 0.00 0.00 0
129787 0.00 0.00 0.00 0
129788 0.00 0.00 0.00 0
129789 0.00 0.00 0.00 0
129790 0.00 0.00 0.00 0
129791 0.00 0.00 0.00 0
129792 0.00 0.00 0.00 0
129793 0.00 0.00 0.00 0
129800 0.00 0.00 0.00 0
129801 0.00 0.00 0.00 0
129802 0.00 0.00 0.00 0
129803 0.00 0.00 0.00 0
129804 0.00 0.00 0.00 0
129805 0.00 0.00 0.00 0
129806 0.00 0.00 0.00 0
129807 0.00 0.00 0.00 0
129808 0.00 0.00 0.00 0
129809 0.00 0.00 0.00 0
129810 0.00 0.00 0.00 0
129817 0.00 0.00 0.00 0
129818 0.00 0.00 0.00 0
129819 0.00 0.00 0.00 0
129820 0.00 0.00 0.00 0
129821 0.00 0.00 0.00 0
129822 0.00 0.00 0.00 0
129823 0.00 0.00 0.00 0
129824 0.00 0.00 0.00 0
129825 0.00 0.00 0.00 0
129826 0.00 0.00 0.00 0
129827 0.00 0.00 0.00 0
129830 0.00 0.00 0.00 0
129831 0.00 0.00 0.00 0
129832 0.00 0.00 0.00 0
129833 0.00 0.00 0.00 0
129834 0.00 0.00 0.00 0
129835 0.00 0.00 0.00 0
129836 0.00 0.00 0.00 0
129837 0.00 0.00 0.00 0
129838 0.00 0.00 0.00 0
129839 0.00 0.00 0.00 0
129840 0.00 0.00 0.00 0
129841 0.00 0.00 0.00 0
129842 0.00 0.00 0.00 0
129845 0.00 0.00 0.00 0
129846 0.00 0.00 0.00 0
129847 0.00 0.00 0.00 0
129848 0.00 0.00 0.00 0
129849 0.00 0.00 0.00 0
129850 0.00 0.00 0.00 0
129851 0.00 0.00 0.00 0
129852 0.00 0.00 0.00 0
129853 0.00 0.00 0.00 0
129854 0.00 0.00 0.00 0
129855 0.00 0.00 0.00 0
129856 0.00 0.00 0.00 0
129857 0.00 0.00 0.00 0
129858 0.00 0.00 0.00 0
129859 0.00 0.00 0.00 0
129864 0.00 0.00 0.00 0
129865 0.00 0.00 0.00 0
129866 0.00 0.00 0.00 0
129867 0.00 0.00 0.00 0
129868 0.00 0.00 0.00 0
129869 0.00 0.00 0.00 0
129870 0.00 0.00 0.00 0
129871 0.00 0.00 0.00 0
129872 0.00 0.00 0.00 0
129873 0.00 0.00 0.00 0
129874 0.00 0.00 0.00 0
129875 0.00 0.00 0.00 0
129876 0.00 0.00 0.00 0
129882 0.00 0.00 0.00 0
129883 0.00 0.00 0.00 0
129884 0.00 0.00 0.00 0
129885 0.00 0.00 0.00 0
129886 0.00 0.00 0.00 0
129887 0.00 0.00 0.00 0
129888 0.00 0.00 0.00 0
129889 0.00 0.00 0.00 0
129890 0.00 0.00 0.00 0
129891 0.00 0.00 0.00 0
129892 0.00 0.00 0.00 0
129898 0.00 0.00 0.00 0
129899 0.00 0.00 0.00 0
129900 0.00 0.00 0.00 0
129901 0.00 0.00 0.00 0
129902 0.00 0.00 0.00 0
129903 0.00 0.00 0.00 0
129904 0.00 0.00 0.00 0
129905 0.00 0.00 0.00 0
129906 0.00 0.00 0.00 0
129907 0.00 0.00 0.00 0
129908 0.00 0.00 0.00 0
129912 0.00 0.00 0.00 0
129913 0.00 0.00 0.00 0
129914 0.00 0.00 0.00 0
129915 0.00 0.00 0.00 0
129916 0.00 0.00 0.00 0
129917 0.00 0.00 0.00 0
129918 0.00 0.00 0.00 0
129919 0.00 0.00 0.00 0
129925 0.00 0.00 0.00 0
129926 0.00 0.00 0.00 0
129927 0.00 0.00 0.00 0
129928 0.00 0.00 0.00 0
129929 0.00 0.00 0.00 0
129934 0.00 0.00 0.00 0
129935 0.00 0.00 0.00 0
129936 0.00 0.00 0.00 0
129937 0.00 0.00 0.00 0
129938 0.00 0.00 0.00 0
129945 0.00 0.00 0.00 0
129946 0.00 0.00 0.00 0
129947 0.00 0.00 0.00 0
129948 0.00 0.00 0.00 0
129957 0.00 0.00 0.00 0
129958 0.00 0.00 0.00 0
129959 0.00 0.00 0.00 0
130682 0.00 0.00 0.00 0
130683 0.00 0.00 0.00 0
130684 0.00 0.00 0.00 0
130685 0.00 0.00 0.00 0
130686 0.00 0.00 0.00 0
130687 0.00 0.00 0.00 0
130692 0.00 0.00 0.00 0
130693 0.00 0.00 0.00 0
130694 0.00 0.00 0.00 0
130700 0.00 0.00 0.00 0
130702 0.00 0.00 0.00 0
130703 0.00 0.00 0.00 0
130704 0.00 0.00 0.00 0
130705 0.00 0.00 0.00 0
130706 0.00 0.00 0.00 0
130707 0.00 0.00 0.00 0
130709 0.00 0.00 0.00 0
130710 0.00 0.00 0.00 0
130711 0.00 0.00 0.00 0
130712 0.00 0.00 0.00 0
130713 0.00 0.00 0.00 0
130714 0.00 0.00 0.00 0
130715 0.00 0.00 0.00 0
130716 0.00 0.00 0.00 0
130718 0.00 0.00 0.00 0
130719 0.00 0.00 0.00 0
130720 0.00 0.00 0.00 0
130721 0.00 0.00 0.00 0
130722 0.00 0.00 0.00 0
130723 0.00 0.00 0.00 0
130726 0.00 0.00 0.00 0
130727 0.00 0.00 0.00 0
130728 0.00 0.00 0.00 0
130729 0.00 0.00 0.00 0
130732 0.00 0.00 0.00 0
130733 0.00 0.00 0.00 0
130734 0.00 0.00 0.00 0
130735 0.00 0.00 0.00 0
130736 0.00 0.00 0.00 0
130737 0.00 0.00 0.00 0
130740 0.00 0.00 0.00 0
130741 0.00 0.00 0.00 0
130742 0.00 0.00 0.00 0
130743 0.00 0.00 0.00 0
130744 0.00 0.00 0.00 0
130745 0.00 0.00 0.00 0
130746 0.00 0.00 0.00 0
130749 0.00 0.00 0.00 0
130750 0.00 0.00 0.00 0
130751 0.00 0.00 0.00 0
130752 0.00 0.00 0.00 0
130753 0.00 0.00 0.00 0
130754 0.00 0.00 0.00 0
130755 0.00 0.00 0.00 0
130760 0.00 0.00 0.00 0
130761 0.00 0.00 0.00 0
130762 0.00 0.00 0.00 0
130763 0.00 0.00 0.00 0
130768 0.00 0.00 0.00 0
130769 0.00 0.00 0.00 0
130770 0.00 0.00 0.00 0
130771 0.00 0.00 0.00 0
130772 0.00 0.00 0.00 0
130778 0.00 0.00 0.00 0
130779 0.00 0.00 0.00 0
130780 0.00 0.00 0.00 0
130781 0.00 0.00 0.00 0
130782 0.00 0.00 0.00 0
130783 0.00 0.00 0.00 0
130787 0.00 0.00 0.00 0
130788 0.00 0.00 0.00 0
130789 0.00 0.00 0.00 0
130790 0.00 0.00 0.00 0
130791 0.00 0.00 0.00 0
130792 0.00 0.00 0.00 0
130798 0.00 0.00 0.00 0
130799 0.00 0.00 0.00 0
130800 0.00 0.00 0.00 0
130801 0.00 0.00 0.00 0
130802 0.00 0.00 0.00 0
130807 0.00 0.00 0.00 0
130808 0.00 0.00 0.00 0
130809 0.00 0.00 0.00 0
130810 0.00 0.00 0.00 0
130811 0.00 0.00 0.00 0
130821 0.00 0.00 0.00 0
130822 0.00 0.00 0.00 0
130823 0.00 0.00 0.00 0
130831 0.00 0.00 0.00 0
130832 0.00 0.00 0.00 0
130833 0.00 0.00 0.00 0
131535 0.00 0.00 0.00 0
131536 0.00 0.00 0.00 0
131537 0.00 0.00 0.00 0
131538 0.00 0.00 0.00 0
131539 0.00 0.00 0.00 0
131540 0.00 0.00 0.00 0
131541 0.00 0.00 0.00 0
131545 0.00 0.00 0.00 0
131546 0.00 0.00 0.00 0
131547 0.00 0.00 0.00 0
131548 0.00 0.00 0.00 0
131549 0.00 0.00 0.00 0
131550 0.00 0.00 0.00 0
131551 0.00 0.00 0.00 0
131552 0.00 0.00 0.00 0
131553 0.00 0.00 0.00 0
131559 0.00 0.00 0.00 0
131560 0.00 0.00 0.00 0
131562 0.00 0.00 0.00 0
131563 0.00 0.00 0.00 0
131564 0.00 0.00 0.00 0
131565 0.00 0.00 0.00 0
131566 0.00 0.00 0.00 0
131568 0.00 0.00 0.00 0
131569 0.00 0.00 0.00 0
131570 0.00 0.00 0.00 0
131571 0.00 0.00 0.00 0
131572 0.00 0.00 0.00 0
131573 0.00 0.00 0.00 0
131574 0.00 0.00 0.00 0
131575 0.00 0.00 0.00 0
131577 0.00 0.00 0.00 0
131578 0.00 0.00 0.00 0
131579 0.00 0.00 0.00 0
131580 0.00 0.00 0.00 0
131581 0.00 0.00 0.00 0
131582 0.00 0.00 0.00 0
131585 0.00 0.00 0.00 0
131586 0.00 0.00 0.00 0
131587 0.00 0.00 0.00 0
131588 0.00 0.00 0.00 0
131591 0.00 0.00 0.00 0
131592 0.00 0.00 0.00 0
131593 0.00 0.00 0.00 0
131594 0.00 0.00 0.00 0
131595 0.00 0.00 0.00 0
131596 0.00 0.00 0.00 0
131600 0.00 0.00 0.00 0
131601 0.00 0.00 0.00 0
131602 0.00 0.00 0.00 0
131603 0.00 0.00 0.00 0
131607 0.00 0.00 0.00 0
131608 0.00 0.00 0.00 0
131609 0.00 0.00 0.00 0
131610 0.00 0.00 0.00 0
131611 0.00 0.00 0.00 0
131616 0.00 0.00 0.00 0
131617 0.00 0.00 0.00 0
131618 0.00 0.00 0.00 0
131619 0.00 0.00 0.00 0
131620 0.00 0.00 0.00 0
131621 0.00 0.00 0.00 0
131622 0.00 0.00 0.00 0
131628 0.00 0.00 0.00 0
131629 0.00 0.00 0.00 0
131630 0.00 0.00 0.00 0
131631 0.00 0.00 0.00 0
131632 0.00 0.00 0.00 0
131633 0.00 0.00 0.00 0
131634 0.00 0.00 0.00 0
131635 0.00 0.00 0.00 0
131643 0.00 0.00 0.00 0
131644 0.00 0.00 0.00 0
131645 0.00 0.00 0.00 0
131646 0.00 0.00 0.00 0
131647 0.00 0.00 0.00 0
131648 0.00 0.00 0.00 0
131649 0.00 0.00 0.00 0
131650 0.00 0.00 0.00 0
131651 0.00 0.00 0.00 0
131656 0.00 0.00 0.00 0
131657 0.00 0.00 0.00 0
131658 0.00 0.00 0.00 0
131659 0.00 0.00 0.00 0
131660 0.00 0.00 0.00 0
131661 0.00 0.00 0.00 0
131662 0.00 0.00 0.00 0
131663 0.00 0.00 0.00 0
131664 0.00 0.00 0.00 0
131665 0.00 0.00 0.00 0
131671 0.00 0.00 0.00 0
131672 0.00 0.00 0.00 0
131673 0.00 0.00 0.00 0
131674 0.00 0.00 0.00 0
131675 0.00 0.00 0.00 0
131676 0.00 0.00 0.00 0
131677 0.00 0.00 0.00 0
131678 0.00 0.00 0.00 0
131679 0.00 0.00 0.00 0
131680 0.00 0.00 0.00 0
131684 0.00 0.00 0.00 0
131685 0.00 0.00 0.00 0
131686 0.00 0.00 0.00 0
131687 0.00 0.00 0.00 0
131688 0.00 0.00 0.00 0
131689 0.00 0.00 0.00 0
131690 0.00 0.00 0.00 0
131691 0.00 0.00 0.00 0
131692 0.00 0.00 0.00 0
131702 0.00 0.00 0.00 0
131703 0.00 0.00 0.00 0
131704 0.00 0.00 0.00 0
131709 0.00 0.00 0.00 0
131710 0.00 0.00 0.00 0
131711 0.00 0.00 0.00 0
132385 0.00 0.00 0.00 0
132386 0.00 0.00 0.00 0
132387 0.00 0.00 0.00 0
132388 0.00 0.00 0.00 0
132389 0.00 0.00 0.00 0
132390 0.00 0.00 0.00 0
132391 0.00 0.00 0.00 0
132398 0.00 0.00 0.00 0
132399 0.00 0.00 0.00 0
132400 0.00 0.00 0.00 0
132401 0.00 0.00 0.00 0
132402 0.00 0.00 0.00 0
132403 0.00 0.00 0.00 0
132404 0.00 0.00 0.00 0
132409 0.00 0.00 0.00 0
132411 0.00 0.00 0.00 0
132412 0.00 0.00 0.00 0
132413 0.00 0.00 0.00 0
132414 0.00 0.00 0.00 0
132415 0.00 0.00 0.00 0
132416 0.00 0.00 0.00 0
132418 0.00 0.00 0.00 0
132419 0.00 0.00 0.00 0
132420 0.00 0.00 0.00 0
132421 0.00 0.00 0.00 0
132422 0.00 0.00 0.00 0
132423 0.00 0.00 0.00 0
132424 0.00 0.00 0.00 0
132427 0.00 0.00 0.00 0
132428 0.00 0.00 0.00 0
132429 0.00 0.00 0.00 0
132430 0.00 0.00 0.00 0
132431 0.00 0.00 0.00 0
132435 0.00 0.00 0.00 0
132436 0.00 0.00 0.00 0
132437 0.00 0.00 0.00 0
132438 0.00 0.00 0.00 0
132439 0.00 0.00 0.00 0
132443 0.00 0.00 0.00 0
132444 0.00 0.00 0.00 0
132445 0.00 0.00 0.00 0
132446 0.00 0.00 0.00 0
132447 0.00 0.00 0.00 0
132448 0.00 0.00 0.00 0
132449 0.00 0.00 0.00 0
132450 0.00 0.00 0.00 0
132451 0.00 0.00 0.00 0
132453 0.00 0.00 0.00 0
132454 0.00 0.00 0.00 0
132455 0.00 0.00 0.00 0
132456 0.00 0.00 0.00 0
132457 0.00 0.00 0.00 0
132458 0.00 0.00 0.00 0
132459 0.00 0.00 0.00 0
132460 0.00 0.00 0.00 0
132461 0.00 0.00 0.00 0
132462 0.00 0.00 0.00 0
132463 0.00 0.00 0.00 0
132467 0.00 0.00 0.00 0
132468 0.00 0.00 0.00 0
132469 0.00 0.00 0.00 0
132470 0.00 0.00 0.00 0
132471 0.00 0.00 0.00 0
132472 0.00 0.00 0.00 0
132473 0.00 0.00 0.00 0
132474 0.00 0.00 0.00 0
132475 0.00 0.00 0.00 0
132476 0.00 0.00 0.00 0
132477 0.00 0.00 0.00 0
132478 0.00 0.00 0.00 0
132479 0.00 0.00 0.00 0
132483 0.00 0.00 0.00 0
132484 0.00 0.00 0.00 0
132485 0.00 0.00 0.00 0
132486 0.00 0.00 0.00 0
132487 0.00 0.00 0.00 0
132488 0.00 0.00 0.00 0
132489 0.00 0.00 0.00 0
132490 0.00 0.00 0.00 0
132491 0.00 0.00 0.00 0
132492 0.00 0.00 0.00 0
132493 0.00 0.00 0.00 0
132502 0.00 0.00 0.00 0
132503 0.00 0.00 0.00 0
132504 0.00 0.00 0.00 0
132505 0.00 0.00 0.00 0
132506 0.00 0.00 0.00 0
132507 0.00 0.00 0.00 0
132508 0.00 0.00 0.00 0
132509 0.00 0.00 0.00 0
132510 0.00 0.00 0.00 0
132519 0.00 0.00 0.00 0
132520 0.00 0.00 0.00 0
132521 0.00 0.00 0.00 0
132522 0.00 0.00 0.00 0
132523 0.00 0.00 0.00 0
132524 0.00 0.00 0.00 0
132525 0.00 0.00 0.00 0
132526 0.00 0.00 0.00 0
132527 0.00 0.00 0.00 0
132528 0.00 0.00 0.00 0
132537 0.00 0.00 0.00 0
132538 0.00 0.00 0.00 0
132539 0.00 0.00 0.00 0
132540 0.00 0.00 0.00 0
132541 0.00 0.00 0.00 0
132542 0.00 0.00 0.00 0
132543 0.00 0.00 0.00 0
132544 0.00 0.00 0.00 0
132545 0.00 0.00 0.00 0
132546 0.00 0.00 0.00 0
132547 0.00 0.00 0.00 0
132548 0.00 0.00 0.00 0
132552 0.00 0.00 0.00 0
132553 0.00 0.00 0.00 0
132554 0.00 0.00 0.00 0
132555 0.00 0.00 0.00 0
132556 0.00 0.00 0.00 0
132559 0.00 0.00 0.00 0
132560 0.00 0.00 0.00 0
132563 0.00 0.00 0.00 0
132564 0.00 0.00 0.00 0
132575 0.00 0.00 0.00 0
132576 0.00 0.00 0.00 0
132577 0.00 0.00 0.00 0
132587 0.00 0.00 0.00 0
132588 0.00 0.00 0.00 0
132589 0.00 0.00 0.00 0
133235 0.00 0.00 0.00 0
133236 0.00 0.00 0.00 0
133237 0.00 0.00 0.00 0
133238 0.00 0.00 0.00 0
133239 0.00 0.00 0.00 0
133240 0.00 0.00 0.00 0
133246 0.00 0.00 0.00 0
133247 0.00 0.00 0.00 0
133249 0.00 0.00 0.00 0
133250 0.00 0.00 0.00 0
133251 0.00 0.00 0.00 0
133252 0.00 0.00 0.00 0
133253 0.00 0.00 0.00 0
133254 0.00 0.00 0.00 0
133256 0.00 0.00 0.00 0
133257 0.00 0.00 0.00 0
133258 0.00 0.00 0.00 0
133259 0.00 0.00 0.00 0
133260 0.00 0.00 0.00 0
133261 0.00 0.00 0.00 0
133262 0.00 0.00 0.00 0
133263 0.00 0.00 0.00 0
133264 0.00 0.00 0.00 0
133267 0.00 0.00 0.00 0
133268 0.00 0.00 0.00 0
133269 0.00 0.00 0.00 0
133270 0.00 0.00 0.00 0
133271 0.00 0.00 0.00 0
133272 0.00 0.00 0.00 0
133273 0.00 0.00 0.00 0
133274 0.00 0.00 0.00 0
133275 0.00 0.00 0.00 0
133276 0.00 0.00 0.00 0
133277 0.00 0.00 0.00 0
133278 0.00 0.00 0.00 0
133279 0.00 0.00 0.00 0
133282 0.00 0.00 0.00 0
133283 0.00 0.00 0.00 0
133284 0.00 0.00 0.00 0
133285 0.00 0.00 0.00 0
133286 0.00 0.00 0.00 0
133287 0.00 0.00 0.00 0
133288 0.00 0.00 0.00 0
133289 0.00 0.00 0.00 0
133290 0.00 0.00 0.00 0
133291 0.00 0.00 0.00 0
133292 0.00 0.00 0.00 0
133293 0.00 0.00 0.00 0
133294 0.00 0.00 0.00 0
133295 0.00 0.00 0.00 0
133297 0.00 0.00 0.00 0
133298 0.00 0.00 0.00 0
133299 0.00 0.00 0.00 0
133300 0.00 0.00 0.00 0
133301 0.00 0.00 0.00 0
133302 0.00 0.00 0.00 0
133303 0.00 0.00 0.00 0
133304 0.00 0.00 0.00 0
133305 0.00 0.00 0.00 0
133306 0.00 0.00 0.00 0
133307 0.00 0.00 0.00 0
133308 0.00 0.00 0.00 0
133309 0.00 0.00 0.00 0
133311 0.00 0.00 0.00 0
133312 0.00 0.00 0.00 0
133313 0.00 0.00 0.00 0
133314 0.00 0.00 0.00 0
133315 0.00 0.00 0.00 0
133316 0.00 0.00 0.00 0
133317 0.00 0.00 0.00 0
133318 0.00 0.00 0.00 0
133319 0.00 0.00 0.00 0
133320 0.00 0.00 0.00 0
133321 0.00 0.00 0.00 0
133324 0.00 0.00 0.00 0
133325 0.00 0.00 0.00 0
133326 0.00 0.00 0.00 0
133327 0.00 0.00 0.00 0
133328 0.00 0.00 0.00 0
133329 0.00 0.00 0.00 0
133330 0.00 0.00 0.00 0
133331 0.00 0.00 0.00 0
133332 0.00 0.00 0.00 0
133333 0.00 0.00 0.00 0
133337 0.00 0.00 0.00 0
133338 0.00 0.00 0.00 0
133339 0.00 0.00 0.00 0
133340 0.00 0.00 0.00 0
133341 0.00 0.00 0.00 0
133342 0.00 0.00 0.00 0
133343 0.00 0.00 0.00 0
133344 0.00 0.00 0.00 0
133349 0.00 0.00 0.00 0
133350 0.00 0.00 0.00 0
133351 0.00 0.00 0.00 0
133352 0.00 0.00 0.00 0
133353 0.00 0.00 0.00 0
133354 0.00 0.00 0.00 0
133355 0.00 0.00 0.00 0
133362 0.00 0.00 0.00 0
133363 0.00 0.00 0.00 0
133364 0.00 0.00 0.00 0
133365 0.00 0.00 0.00 0
133366 0.00 0.00 0.00 0
133367 0.00 0.00 0.00 0
133368 0.00 0.00 0.00 0
133378 0.00 0.00 0.00 0
133379 0.00 0.00 0.00 0
133380 0.00 0.00 0.00 0
133381 0.00 0.00 0.00 0
133382 0.00 0.00 0.00 0
133383 0.00 0.00 0.00 0
133384 0.00 0.00 0.00 0
133385 0.00 0.00 0.00 0
133386 0.00 0.00 0.00 0
133397 0.00 0.00 0.00 0
133398 0.00 0.00 0.00 0
133399 0.00 0.00 0.00 0
133400 0.00 0.00 0.00 0
133401 0.00 0.00 0.00 0
133402 0.00 0.00 0.00 0
133403 0.00 0.00 0.00 0
133404 0.00 0.00 0.00 0
133419 0.00 0.00 0.00 0
133420 0.00 0.00 0.00 0
133421 0.00 0.00 0.00 0
133422 0.00 0.00 0.00 0
133433 0.00 0.00 0.00 0
133434 0.00 0.00 0.00 0
133435 0.00 0.00 0.00 0
134143 0.00 0.00 0.00 0
134144 0.00 0.00 0.00 0
134145 0.00 0.00 0.00 0
134146 0.00 0.00 0.00 0
134147 0.00 0.00 0.00 0
134153 0.00 0.00 0.00 0
134154 0.00 0.00 0.00 0
134155 0.00 0.00 0.00 0
134156 0.00 0.00 0.00 0
134157 0.00 0.00 0.00 0
134162 0.00 0.00 0.00 0
134163 0.00 0.00 0.00 0
134165 0.00 0.00 0.00 0
134166 0.00 0.00 0.00 0
134167 0.00 0.00 0.00 0
134168 0.00 0.00 0.00 0
134169 0.00 0.00 0.00 0
134170 0.00 0.00 0.00 0
134171 0.00 0.00 0.00 0
134172 0.00 0.00 0.00 0
134173 0.00 0.00 0.00 0
134174 0.00 0.00 0.00 0
134175 0.00 0.00 0.00 0
134176 0.00 0.00 0.00 0
134178 0.00 0.00 0.00 0
134179 0.00 0.00 0.00 0
134180 0.00 0.00 0.00 0
134181 0.00 0.00 0.00 0
134182 0.00 0.00 0.00 0
134183 0.00 0.00 0.00 0
134184 0.00 0.00 0.00 0
134185 0.00 0.00 0.00 0
134186 0.00 0.00 0.00 0
134187 0.00 0.00 0.00 0
134188 0.00 0.00 0.00 0
134189 0.00 0.00 0.00 0
134190 0.00 0.00 0.00 0
134191 0.00 0.00 0.00 0
134192 0.00 0.00 0.00 0
134193 0.00 0.00 0.00 0
134194 0.00 0.00 0.00 0
134196 0.00 0.00 0.00 0
134197 0.00 0.00 0.00 0
134198 0.00 0.00 0.00 0
134199 0.00 0.00 0.00 0
134200 0.00 0.00 0.00 0
134201 0.00 0.00 0.00 0
134202 0.00 0.00 0.00 0
134203 0.00 0.00 0.00 0
134204 0.00 0.00 0.00 0
134205 0.00 0.00 0.00 0
134206 0.00 0.00 0.00 0
134207 0.00 0.00 0.00 0
134208 0.00 0.00 0.00 0
134209 0.00 0.00 0.00 0
134211 0.00 0.00 0.00 0
134212 0.00 0.00 0.00 0
134213 0.00 0.00 0.00 0
134214 0.00 0.00 0.00 0
134215 0.00 0.00 0.00 0
134216 0.00 0.00 0.00 0
134217 0.00 0.00 0.00 0
134218 0.00 0.00 0.00 0
134219 0.00 0.00 0.00 0
134220 0.00 0.00 0.00 0
134222 0.00 0.00 0.00 0
134223 0.00 0.00 0.00 0
134224 0.00 0.00 0.00 0
134225 0.00 0.00 0.00 0
134226 0.00 0.00 0.00 0
134227 0.00 0.00 0.00 0
134228 0.00 0.00 0.00 0
134229 0.00 0.00 0.00 0
134230 0.00 0.00 0.00 0
134233 0.00 0.00 0.00 0
134234 0.00 0.00 0.00 0
134235 0.00 0.00 0.00 0
134236 0.00 0.00 0.00 0
134237 0.00 0.00 0.00 0
134238 0.00 0.00 0.00 0
134239 0.00 0.00 0.00 0
134240 0.00 0.00 0.00 0
134245 0.00 0.00 0.00 0
134246 0.00 0.00 0.00 0
134247 0.00 0.00 0.00 0
134248 0.00 0.00 0.00 0
134249 0.00 0.00 0.00 0
134250 0.00 0.00 0.00 0
134251 0.00 0.00 0.00 0
134252 0.00 0.00 0.00 0
134253 0.00 0.00 0.00 0
134258 0.00 0.00 0.00 0
134259 0.00 0.00 0.00 0
134260 0.00 0.00 0.00 0
134261 0.00 0.00 0.00 0
134262 0.00 0.00 0.00 0
134263 0.00 0.00 0.00 0
134264 0.00 0.00 0.00 0
134265 0.00 0.00 0.00 0
134266 0.00 0.00 0.00 0
134274 0.00 0.00 0.00 0
134275 0.00 0.00 0.00 0
134276 0.00 0.00 0.00 0
134277 0.00 0.00 0.00 0
134278 0.00 0.00 0.00 0
134279 0.00 0.00 0.00 0
134280 0.00 0.00 0.00 0
134292 0.00 0.00 0.00 0
134293 0.00 0.00 0.00 0
134294 0.00 0.00 0.00 0
134295 0.00 0.00 0.00 0
134296 0.00 0.00 0.00 0
134297 0.00 0.00 0.00 0
134298 0.00 0.00 0.00 0
134299 0.00 0.00 0.00 0
134300 0.00 0.00 0.00 0
134301 0.00 0.00 0.00 0
134315 0.00 0.00 0.00 0
134316 0.00 0.00 0.00 0
134317 0.00 0.00 0.00 0
134318 0.00 0.00 0.00 0
134319 0.00 0.00 0.00 0
134320 0.00 0.00 0.00 0
134321 0.00 0.00 0.00 0
134322 0.00 0.00 0.00 0
134332 0.00 0.00 0.00 0
134333 0.00 0.00 0.00 0
134334 0.00 0.00 0.00 0
134335 0.00 0.00 0.00 0
134336 0.00 0.00 0.00 0
134337 0.00 0.00 0.00 0
134338 0.00 0.00 0.00 0
134339 0.00 0.00 0.00 0
134347 0.00 0.00 0.00 0
134348 0.00 0.00 0.00 0
134349 0.00 0.00 0.00 0
134350 0.00 0.00 0.00 0
135062 0.00 0.00 0.00 0
135063 0.00 0.00 0.00 0
135064 0.00 0.00 0.00 0
135065 0.00 0.00 0.00 0
135066 0.00 0.00 0.00 0
135071 0.00 0.00 0.00 0
135072 0.00 0.00 0.00 0
135073 0.00 0.00 0.00 0
135074 0.00 0.00 0.00 0
135075 0.00 0.00 0.00 0
135077 0.00 0.00 0.00 0
135078 0.00 0.00 0.00 0
135079 0.00 0.00 0.00 0
135080 0.00 0.00 0.00 0
135081 0.00 0.00 0.00 0
135082 0.00 0.00 0.00 0
135083 0.00 0.00 0.00 0
135084 0.00 0.00 0.00 0
135085 0.00 0.00 0.00 0
135086 0.00 0.00 0.00 0
135087 0.00 0.00 0.00 0
135088 0.00 0.00 0.00 0
135089 0.00 0.00 0.00 0
135090 0.00 0.00 0.00 0
135091 0.00 0.00 0.00 0
135093 0.00 0.00 0.00 0
135094 0.00 0.00 0.00 0
135095 0.00 0.00 0.00 0
135096 0.00 0.00 0.00 0
135097 0.00 0.00 0.00 0
135098 0.00 0.00 0.00 0
135099 0.00 0.00 0.00 0
135100 0.00 0.00 0.00 0
135101 0.00 0.00 0.00 0
135102 0.00 0.00 0.00 0
135103 0.00 0.00 0.00 0
135104 0.00 0.00 0.00 0
135105 0.00 0.00 0.00 0
135106 0.00 0.00 0.00 0
135107 0.00 0.00 0.00 0
135108 0.00 0.00 0.00 0
135110 0.00 0.00 0.00 0
135111 0.00 0.00 0.00 0
135112 0.00 0.00 0.00 0
135113 0.00 0.00 0.00 0
135114 0.00 0.00 0.00 0
135115 0.00 0.00 0.00 0
135116 0.00 0.00 0.00 0
135117 0.00 0.00 0.00 0
135118 0.00 0.00 0.00 0
135119 0.00 0.00 0.00 0
135120 0.00 0.00 0.00 0
135121 0.00 0.00 0.00 0
135122 0.00 0.00 0.00 0
135123 0.00 0.00 0.00 0
135124 0.00 0.00 0.00 0
135126 0.00 0.00 0.00 0
135127 0.00 0.00 0.00 0
135128 0.00 0.00 0.00 0
135129 0.00 0.00 0.00 0
135130 0.00 0.00 0.00 0
135131 0.00 0.00 0.00 0
135132 0.00 0.00 0.00 0
135133 0.00 0.00 0.00 0
135134 0.00 0.00 0.00 0
135135 0.00 0.00 0.00 0
135136 0.00 0.00 0.00 0
135138 0.00 0.00 0.00 0
135139 0.00 0.00 0.00 0
135140 0.00 0.00 0.00 0
135141 0.00 0.00 0.00 0
135142 0.00 0.00 0.00 0
135143 0.00 0.00 0.00 0
135144 0.00 0.00 0.00 0
135145 0.00 0.00 0.00 0
135146 0.00 0.00 0.00 0
135149 0.00 0.00 0.00 0
135150 0.00 0.00 0.00 0
135151 0.00 0.00 0.00 0
135152 0.00 0.00 0.00 0
135153 0.00 0.00 0.00 0
135154 0.00 0.00 0.00 0
135155 0.00 0.00 0.00 0
135161 0.00 0.00 0.00 0
135162 0.00 0.00 0.00 0
135163 0.00 0.00 0.00 0
135164 0.00 0.00 0.00 0
135165 0.00 0.00 0.00 0
135166 0.00 0.00 0.00 0
135167 0.00 0.00 0.00 0
135168 0.00 0.00 0.00 0
135169 0.00 0.00 0.00 0
135173 0.00 0.00 0.00 0
135174 0.00 0.00 0.00 0
135175 0.00 0.00 0.00 0
135176 0.00 0.00 0.00 0
135177 0.00 0.00 0.00 0
135178 0.00 0.00 0.00 0
135179 0.00 0.00 0.00 0
135180 0.00 0.00 0.00 0
135184 0.00 0.00 0.00 0
135185 0.00 0.00 0.00 0
135186 0.00 0.00 0.00 0
135187 0.00 0.00 0.00 0
135188 0.00 0.00 0.00 0
135189 0.00 0.00 0.00 0
135190 0.00 0.00 0.00 0
135191 0.00 0.00 0.00 0
135201 0.00 0.00 0.00 0
135202 0.00 0.00 0.00 0
135203 0.00 0.00 0.00 0
135204 0.00 0.00 0.00 0
135205 0.00 0.00 0.00 0
135206 0.00 0.00 0.00 0
135207 0.00 0.00 0.00 0
135208 0.00 0.00 0.00 0
135209 0.00 0.00 0.00 0
135210 0.00 0.00 0.00 0
135224 0.00 0.00 0.00 0
135225 0.00 0.00 0.00 0
135226 0.00 0.00 0.00 0
135227 0.00 0.00 0.00 0
135228 0.00 0.00 0.00 0
135229 0.00 0.00 0.00 0
135230 0.00 0.00 0.00 0
135242 0.00 0.00 0.00 0
135243 0.00 0.00 0.00 0
135244 0.00 0.00 0.00 0
135245 0.00 0.00 0.00 0
135246 0.00 0.00 0.00 0
135247 0.00 0.00 0.00 0
135248 0.00 0.00 0.00 0
135249 0.00 0.00 0.00 0
135260 0.00 0.00 0.00 0
135261 0.00 0.00 0.00 0
135262 0.00 0.00 0.00 0
135263 0.00 0.00 0.00 0
135264 0.00 0.00 0.00 0
135265 0.00 0.00 0.00 0
135901 0.00 0.00 0.00 0
135902 0.00 0.00 0.00 0
135903 0.00 0.00 0.00 0
135904 0.00 0.00 0.00 0
135913 0.00 0.00 0.00 0
135914 0.00 0.00 0.00 0
135915 0.00 0.00 0.00 0
135916 0.00 0.00 0.00 0
135917 0.00 0.00 0.00 0
135918 0.00 0.00 0.00 0
135919 0.00 0.00 0.00 0
135920 0.00 0.00 0.00 0
135922 0.00 0.00 0.00 0
135923 0.00 0.00 0.00 0
135924 0.00 0.00 0.00 0
135926 0.00 0.00 0.00 0
135927 0.00 0.00 0.00 0
135928 0.00 0.00 0.00 0
135929 0.00 0.00 0.00 0
135930 0.00 0.00 0.00 0
135931 0.00 0.00 0.00 0
135932 0.00 0.00 0.00 0
135933 0.00 0.00 0.00 0
135934 0.00 0.00 0.00 0
135935 0.00 0.00 0.00 0
135936 0.00 0.00 0.00 0
135937 0.00 0.00 0.00 0
135938 0.00 0.00 0.00 0
135939 0.00 0.00 0.00 0
135940 0.00 0.00 0.00 0
135942 0.00 0.00 0.00 0
135943 0.00 0.00 0.00 0
135944 0.00 0.00 0.00 0
135945 0.00 0.00 0.00 0
135946 0.00 0.00 0.00 0
135947 0.00 0.00 0.00 0
135948 0.00 0.00 0.00 0
135949 0.00 0.00 0.00 0
135950 0.00 0.00 0.00 0
135951 0.00 0.00 0.00 0
135953 0.00 0.00 0.00 0
135954 0.00 0.00 0.00 0
135955 0.00 0.00 0.00 0
135956 0.00 0.00 0.00 0
135957 0.00 0.00 0.00 0
135958 0.00 0.00 0.00 0
135959 0.00 0.00 0.00 0
135960 0.00 0.00 0.00 0
135961 0.00 0.00 0.00 0
135962 0.00 0.00 0.00 0
135963 0.00 0.00 0.00 0
135964 0.00 0.00 0.00 0
135966 0.00 0.00 0.00 0
135967 0.00 0.00 0.00 0
135968 0.00 0.00 0.00 0
135969 0.00 0.00 0.00 0
135970 0.00 0.00 0.00 0
135971 0.00 0.00 0.00 0
135972 0.00 0.00 0.00 0
135973 0.00 0.00 0.00 0
135974 0.00 0.00 0.00 0
135975 0.00 0.00 0.00 0
135976 0.00 0.00 0.00 0
135978 0.00 0.00 0.00 0
135979 0.00 0.00 0.00 0
135980 0.00 0.00 0.00 0
135981 0.00 0.00 0.00 0
135982 0.00 0.00 0.00 0
135983 0.00 0.00 0.00 0
135984 0.00 0.00 0.00 0
135985 0.00 0.00 0.00 0
135986 0.00 0.00 0.00 0
135987 0.00 0.00 0.00 0
135988 0.00 0.00 0.00 0
135993 0.00 0.00 0.00 0
135994 0.00 0.00 0.00 0
135995 0.00 0.00 0.00 0
135996 0.00 0.00 0.00 0
135997 0.00 0.00 0.00 0
135998 0.00 0.00 0.00 0
135999 0.00 0.00 0.00 0
136000 0.00 0.00 0.00 0
136001 0.00 0.00 0.00 0
136007 0.00 0.00 0.00 0
136008 0.00 0.00 0.00 0
136009 0.00 0.00 0.00 0
136010 0.00 0.00 0.00 0
136011 0.00 0.00 0.00 0
136012 0.00 0.00 0.00 0
136013 0.00 0.00 0.00 0
136014 0.00 0.00 0.00 0
136015 0.00 0.00 0.00 0
136016 0.00 0.00 0.00 0
136017 0.00 0.00 0.00 0
136020 0.00 0.00 0.00 0
136021 0.00 0.00 0.00 0
136022 0.00 0.00 0.00 0
136023 0.00 0.00 0.00 0
136024 0.00 0.00 0.00 0
136025 0.00 0.00 0.00 0
136026 0.00 0.00 0.00 0
136027 0.00 0.00 0.00 0
136028 0.00 0.00 0.00 0
136029 0.00 0.00 0.00 0
136030 0.00 0.00 0.00 0
136036 0.00 0.00 0.00 0
136037 0.00 0.00 0.00 0
136038 0.00 0.00 0.00 0
136039 0.00 0.00 0.00 0
136040 0.00 0.00 0.00 0
136041 0.00 0.00 0.00 0
136042 0.00 0.00 0.00 0
136043 0.00 0.00 0.00 0
136044 0.00 0.00 0.00 0
136045 0.00 0.00 0.00 0
136046 0.00 0.00 0.00 0
136051 0.00 0.00 0.00 0
136052 0.00 0.00 0.00 0
136053 0.00 0.00 0.00 0
136054 0.00 0.00 0.00 0
136055 0.00 0.00 0.00 0
136056 0.00 0.00 0.00 0
136057 0.00 0.00 0.00 0
136058 0.00 0.00 0.00 0
136068 0.00 0.00 0.00 0
136069 0.00 0.00 0.00 0
136070 0.00 0.00 0.00 0
136071 0.00 0.00 0.00 0
136072 0.00 0.00 0.00 0
136073 0.00 0.00 0.00 0
136074 0.00 0.00 0.00 0
136084 0.00 0.00 0.00 0
136085 0.00 0.00 0.00 0
136086 0.00 0.00 0.00 0
136087 0.00 0.00 0.00 0
136088 0.00 0.00 0.00 0
136089 0.00 0.00 0.00 0
136098 0.00 0.00 0.00 0
136099 0.00 0.00 0.00 0
136100 0.00 0.00 0.00 0
136109 0.00 0.00 0.00 0
136110 0.00 0.00 0.00 0
136711 0.00 0.00 0.00 0
136712 0.00 0.00 0.00 0
136725 0.00 0.00 0.00 0
136726 0.00 0.00 0.00 0
136727 0.00 0.00 0.00 0
136728 0.00 0.00 0.00 0
136729 0.00 0.00 0.00 0
136738 0.00 0.00 0.00 0
136739 0.00 0.00 0.00 0
136740 0.00 0.00 0.00 0
136741 0.00 0.00 0.00 0
136742 0.00 0.00 0.00 0
136743 0.00 0.00 0.00 0
136744 0.00 0.00 0.00 0
136745 0.00 0.00 0.00 0
136747 0.00 0.00 0.00 0
136748 0.00 0.00 0.00 0
136751 0.00 0.00 0.00 0
136752 0.00 0.00 0.00 0
136753 0.00 0.00 0.00 0
136754 0.00 0.00 0.00 0
136755 0.00 0.00 0.00 0
136756 0.00 0.00 0.00 0
136757 0.00 0.00 0.00 0
136758 0.00 0.00 0.00 0
136759 0.00 0.00 0.00 0
136761 0.00 0.00 0.00 0
136762 0.00 0.00 0.00 0
136763 0.00 0.00 0.00 0
136765 0.00 0.00 0.00 0
136766 0.00 0.00 0.00 0
136767 0.00 0.00 0.00 0
136768 0.00 0.00 0.00 0
136769 0.00 0.00 0.00 0
136770 0.00 0.00 0.00 0
136774 0.00 0.00 0.00 0
136775 0.00 0.00 0.00 0
136776 0.00 0.00 0.00 0
136777 0.00 0.00 0.00 0
136778 0.00 0.00 0.00 0
136779 0.00 0.00 0.00 0
136780 0.00 0.00 0.00 0
136781 0.00 0.00 0.00 0
136789 0.00 0.00 0.00 0
136790 0.00 0.00 0.00 0
136791 0.00 0.00 0.00 0
136792 0.00 0.00 0.00 0
136793 0.00 0.00 0.00 0
136794 0.00 0.00 0.00 0
136795 0.00 0.00 0.00 0
136796 0.00 0.00 0.00 0
136797 0.00 0.00 0.00 0
136798 0.00 0.00 0.00 0
136803 0.00 0.00 0.00 0
136804 0.00 0.00 0.00 0
136805 0.00 0.00 0.00 0
136806 0.00 0.00 0.00 0
136807 0.00 0.00 0.00 0
136808 0.00 0.00 0.00 0
136809 0.00 0.00 0.00 0
136810 0.00 0.00 0.00 0
136811 0.00 0.00 0.00 0
136812 0.00 0.00 0.00 0
136813 0.00 0.00 0.00 0
136816 0.00 0.00 0.00 0
136817 0.00 0.00 0.00 0
136818 0.00 0.00 0.00 0
136819 0.00 0.00 0.00 0
136820 0.00 0.00 0.00 0
136821 0.00 0.00 0.00 0
136822 0.00 0.00 0.00 0
136823 0.00 0.00 0.00 0
136824 0.00 0.00 0.00 0
136825 0.00 0.00 0.00 0
136826 0.00 0.00 0.00 0
136827 0.00 0.00 0.00 0
136828 0.00 0.00 0.00 0
136833 0.00 0.00 0.00 0
136834 0.00 0.00 0.00 0
136835 0.00 0.00 0.00 0
136836 0.00 0.00 0.00 0
136837 0.00 0.00 0.00 0
136838 0.00 0.00 0.00 0
136839 0.00 0.00 0.00 0
136840 0.00 0.00 0.00 0
136841 0.00 0.00 0.00 0
136842 0.00 0.00 0.00 0
136843 0.00 0.00 0.00 0
136848 0.00 0.00 0.00 0
136849 0.00 0.00 0.00 0
136850 0.00 0.00 0.00 0
136851 0.00 0.00 0.00 0
136852 0.00 0.00 0.00 0
136853 0.00 0.00 0.00 0
136854 0.00 0.00 0.00 0
136861 0.00 0.00 0.00 0
136862 0.00 0.00 0.00 0
136863 0.00 0.00 0.00 0
136864 0.00 0.00 0.00 0
136865 0.00 0.00 0.00 0
136866 0.00 0.00 0.00 0
136867 0.00 0.00 0.00 0
136871 0.00 0.00 0.00 0
136872 0.00 0.00 0.00 0
136873 0.00 0.00 0.00 0
136874 0.00 0.00 0.00 0
136875 0.00 0.00 0.00 0
136878 0.00 0.00 0.00 0
136879 0.00 0.00 0.00 0
136880 0.00 0.00 0.00 0
136885 0.00 0.00 0.00 0
136886 0.00 0.00 0.00 0
136887 0.00 0.00 0.00 0
137508 0.00 0.00 0.00 0
137519 0.00 0.00 0.00 0
137520 0.00 0.00 0.00 0
137521 0.00 0.00 0.00 0
137532 0.00 0.00 0.00 0
137533 0.00 0.00 0.00 0
137534 0.00 0.00 0.00 0
137540 0.00 0.00 0.00 0
137544 0.00 0.00 0.00 0
137545 0.00 0.00 0.00 0
137546 0.00 0.00 0.00 0
137548 0.00 0.00 0.00 0
137549 0.00 0.00 0.00 0
137550 0.00 0.00 0.00 0
137552 0.00 0.00 0.00 0
137553 0.00 0.00 0.00 0
137554 0.00 0.00 0.00 0
137561 0.00 0.00 0.00 0
137562 0.00 0.00 0.00 0
137563 0.00 0.00 0.00 0
137571 0.00 0.00 0.00 0
137572 0.00 0.00 0.00 0
137573 0.00 0.00 0.00 0
137579 0.00 0.00 0.00 0
137580 0.00 0.00 0.00 0
137581 0.00 0.00 0.00 0
137582 0.00 0.00 0.00 0
137585 0.00 0.00 0.00 0
137586 0.00 0.00 0.00 0
137587 0.00 0.00 0.00 0
137588 0.00 0.00 0.00 0
137593 0.00 0.00 0.00 0
137594 0.00 0.00 0.00 0
137595 0.00 0.00 0.00 0
137596 0.00 0.00 0.00 0
137597 0.00 0.00 0.00 0
137598 0.00 0.00 0.00 0
137599 0.00 0.00 0.00 0
137600 0.00 0.00 0.00 0
137605 0.00 0.00 0.00 0
137606 0.00 0.00 0.00 0
137607 0.00 0.00 0.00 0
137608 0.00 0.00 0.00 0
137609 0.00 0.00 0.00 0
137610 0.00 0.00 0.00 0
137611 0.00 0.00 0.00 0
137612 0.00 0.00 0.00 0
137613 0.00 0.00 0.00 0
137614 0.00 0.00 0.00 0
137615 0.00 0.00 0.00 0
137620 0.00 0.00 0.00 0
137621 0.00 0.00 0.00 0
137622 0.00 0.00 0.00 0
137623 0.00 0.00 0.00 0
137624 0.00 0.00 0.00 0
137625 0.00 0.00 0.00 0
137626 0.00 0.00 0.00 0
137627 0.00 0.00 0.00 0
137628 0.00 0.00 0.00 0
137635 0.00 0.00 0.00 0
137636 0.00 0.00 0.00 0
137637 0.00 0.00 0.00 0
137638 0.00 0.00 0.00 0
137639 0.00 0.00 0.00 0
137640 0.00 0.00 0.00 0
137641 0.00 0.00 0.00 0
137642 0.00 0.00 0.00 0
137646 0.00 0.00 0.00 0
137647 0.00 0.00 0.00 0
137648 0.00 0.00 0.00 0
137649 0.00 0.00 0.00 0
137650 0.00 0.00 0.00 0
137651 0.00 0.00 0.00 0
137657 0.00 0.00 0.00 0
137658 0.00 0.00 0.00 0
137659 0.00 0.00 0.00 0
137667 0.00 0.00 0.00 0
137668 0.00 0.00 0.00 0
137669 0.00 0.00 0.00 0
137670 0.00 0.00 0.00 0
137683 0.00 0.00 0.00 0
137684 0.00 0.00 0.00 0
138291 0.00 0.00 0.00 0
138302 0.00 0.00 0.00 0
138305 0.00 0.00 0.00 0
138306 0.00 0.00 0.00 0
138307 0.00 0.00 0.00 0
138316 0.00 0.00 0.00 0
138317 0.00 0.00 0.00 0
138318 0.00 0.00 0.00 0
138327 0.00 0.00 0.00 0
138328 0.00 0.00 0.00 0
138329 0.00 0.00 0.00 0
138332 0.00 0.00 0.00 0
138333 0.00 0.00 0.00 0
138334 0.00 0.00 0.00 0
138337 0.00 0.00 0.00 0
138338 0.00 0.00 0.00 0
138339 0.00 0.00 0.00 0
138340 0.00 0.00 0.00 0
138341 0.00 0.00 0.00 0
138342 0.00 0.00 0.00 0
138345 0.00 0.00 0.00 0
138346 0.00 0.00 0.00 0
138347 0.00 0.00 0.00 0
138348 0.00 0.00 0.00 0
138352 0.00 0.00 0.00 0
138357 0.00 0.00 0.00 0
138358 0.00 0.00 0.00 0
138359 0.00 0.00 0.00 0
138360 0.00 0.00 0.00 0
138361 0.00 0.00 0.00 0
138362 0.00 0.00 0.00 0
138365 0.00 0.00 0.00 0
138366 0.00 0.00 0.00 0
138367 0.00 0.00 0.00 0
138368 0.00 0.00 0.00 0
138369 0.00 0.00 0.00 0
138370 0.00 0.00 0.00 0
138371 0.00 0.00 0.00 0
138372 0.00 0.00 0.00 0
138373 0.00 0.00 0.00 0
138374 0.00 0.00 0.00 0
138381 0.00 0.00 0.00 0
138382 0.00 0.00 0.00 0
138383 0.00 0.00 0.00 0
138384 0.00 0.00 0.00 0
138385 0.00 0.00 0.00 0
138386 0.00 0.00 0.00 0
138387 0.00 0.00 0.00 0
138392 0.00 0.00 0.00 0
138393 0.00 0.00 0.00 0
138394 0.00 0.00 0.00 0
138395 0.00 0.00 0.00 0
138404 0.00 0.00 0.00 0
138405 0.00 0.00 0.00 0
138419 0.00 0.00 0.00 0
138420 0.00 0.00 0.00 0
138421 0.00 0.00 0.00 0
138441 0.00 0.00 0.00 0
138442 0.00 0.00 0.00 0
138443 0.00 0.00 0.00 0
139042 0.00 0.00 0.00 0
139043 0.00 0.00 0.00 0
139044 0.00 0.00 0.00 0
139047 0.00 0.00 0.00 0
139048 0.00 0.00 0.00 0
139049 0.00 0.00 0.00 0
139052 0.00 0.00 0.00 0
139053 0.00 0.00 0.00 0
139054 0.00 0.00 0.00 0
139056 0.00 0.00 0.00 0
139057 0.00 0.00 0.00 0
139058 0.00 0.00 0.00 0
139061 0.00 0.00 0.00 0
139062 0.00 0.00 0.00 0
139063 0.00 0.00 0.00 0
139064 0.00 0.00 0.00 0
139065 0.00 0.00 0.00 0
139066 0.00 0.00 0.00 0
139068 0.00 0.00 0.00 0
139069 0.00 0.00 0.00 0
139071 0.00 0.00 0.00 0
139075 0.00 0.00 0.00 0
139080 0.00 0.00 0.00 0
139081 0.00 0.00 0.00 0
139082 0.00 0.00 0.00 0
139083 0.00 0.00 0.00 0
139084 0.00 0.00 0.00 0
139085 0.00 0.00 0.00 0
139086 0.00 0.00 0.00 0
139087 0.00 0.00 0.00 0
139088 0.00 0.00 0.00 0
139100 0.00 0.00 0.00 0
139101 0.00 0.00 0.00 0
139102 0.00 0.00 0.00 0
139103 0.00 0.00 0.00 0
139104 0.00 0.00 0.00 0
139105 0.00 0.00 0.00 0
139106 0.00 0.00 0.00 0
139107 0.00 0.00 0.00 0
139120 0.00 0.00 0.00 0
139121 0.00 0.00 0.00 0
139136 0.00 0.00 0.00 0
139137 0.00 0.00 0.00 0
139138 0.00 0.00 0.00 0
139154 0.00 0.00 0.00 0
139155 0.00 0.00 0.00 0
139156 0.00 0.00 0.00 0
139177 0.00 0.00 0.00 0
139178 0.00 0.00 0.00 0
139179 0.00 0.00 0.00 0
139180 0.00 0.00 0.00 0
139695 0.00 0.00 0.00 0
139703 0.00 0.00 0.00 0
139704 0.00 0.00 0.00 0
139705 0.00 0.00 0.00 0
139710 0.00 0.00 0.00 0
139711 0.00 0.00 0.00 0
139712 0.00 0.00 0.00 0
139713 0.00 0.00 0.00 0
139717 0.00 0.00 0.00 0
139718 0.00 0.00 0.00 0
139719 0.00 0.00 0.00 0
139720 0.00 0.00 0.00 0
139725 0.00 0.00 0.00 0
139726 0.00 0.00 0.00 0
139727 0.00 0.00 0.00 0
139728 0.00 0.00 0.00 0
139733 0.00 0.00 0.00 0
139734 0.00 0.00 0.00 0
139735 0.00 0.00 0.00 0
139736 0.00 0.00 0.00 0
139737 0.00 0.00 0.00 0
139738 0.00 0.00 0.00 0
139742 0.00 0.00 0.00 0
139743 0.00 0.00 0.00 0
139746 0.00 0.00 0.00 0
139747 0.00 0.00 0.00 0
139755 0.00 0.00 0.00 0
139756 0.00 0.00 0.00 0
139765 0.00 0.00 0.00 0
139766 0.00 0.00 0.00 0
139767 0.00 0.00 0.00 0
139768 0.00 0.00 0.00 0
139769 0.00 0.00 0.00 0
139770 0.00 0.00 0.00 0
139771 0.00 0.00 0.00 0
139788 0.00 0.00 0.00 0
139789 0.00 0.00 0.00 0
139790 0.00 0.00 0.00 0
139791 0.00 0.00 0.00 0
139792 0.00 0.00 0.00 0
139793 0.00 0.00 0.00 0
139794 0.00 0.00 0.00 0
139795 0.00 0.00 0.00 0
139796 0.00 0.00 0.00 0
139797 0.00 0.00 0.00 0
139809 0.00 0.00 0.00 0
139810 0.00 0.00 0.00 0
139811 0.00 0.00 0.00 0
139826 0.00 0.00 0.00 0
139827 0.00 0.00 0.00 0
139828 0.00 0.00 0.00 0
139845 0.00 0.00 0.00 0
139846 0.00 0.00 0.00 0
139847 0.00 0.00 0.00 0
139865 0.00 0.00 0.00 0
139866 0.00 0.00 0.00 0
139867 0.00 0.00 0.00 0
139868 0.00 0.00 0.00 0
139883 0.00 0.00 0.00 0
140391 0.00 0.00 0.00 0
140392 0.00 0.00 0.00 0
140402 0.00 0.00 0.00 0
140403 0.00 0.00 0.00 0
140404 0.00 0.00 0.00 0
140405 0.00 0.00 0.00 0
140414 0.00 0.00 0.00 0
140415 0.00 0.00 0.00 0
140416 0.00 0.00 0.00 0
140417 0.00 0.00 0.00 0
140424 0.00 0.00 0.00 0
140425 0.00 0.00 0.00 0
140426 0.00 0.00 0.00 0
140427 0.00 0.00 0.00 0
140428 0.00 0.00 0.00 0
140435 0.00 0.00 0.00 0
140436 0.00 0.00 0.00 0
140437 0.00 0.00 0.00 0
140438 0.00 0.00 0.00 0
140439 0.00 0.00 0.00 0
140440 0.00 0.00 0.00 0
140441 0.00 0.00 0.00 0
140442 0.00 0.00 0.00 0
140443 0.00 0.00 0.00 0
140444 0.00 0.00 0.00 0
140450 0.00 0.00 0.00 0
140451 0.00 0.00 0.00 0
140452 0.00 0.00 0.00 0
140453 0.00 0.00 0.00 0
140454 0.00 0.00 0.00 0
140455 0.00 0.00 0.00 0
140456 0.00 0.00 0.00 0
140457 0.00 0.00 0.00 0
140458 0.00 0.00 0.00 0
140459 0.00 0.00 0.00 0
140460 0.00 0.00 0.00 0
140461 0.00 0.00 0.00 0
140465 0.00 0.00 0.00 0
140466 0.00 0.00 0.00 0
140467 0.00 0.00 0.00 0
140468 0.00 0.00 0.00 0
140469 0.00 0.00 0.00 0
140470 0.00 0.00 0.00 0
140471 0.00 0.00 0.00 0
140472 0.00 0.00 0.00 0
140473 0.00 0.00 0.00 0
140474 0.00 0.00 0.00 0
140475 0.00 0.00 0.00 0
140476 0.00 0.00 0.00 0
140480 0.00 0.00 0.00 0
140481 0.00 0.00 0.00 0
140482 0.00 0.00 0.00 0
140483 0.00 0.00 0.00 0
140484 0.00 0.00 0.00 0
140485 0.00 0.00 0.00 0
140486 0.00 0.00 0.00 0
140487 0.00 0.00 0.00 0
140488 0.00 0.00 0.00 0
140489 0.00 0.00 0.00 0
140490 0.00 0.00 0.00 0
140491 0.00 0.00 0.00 0
140492 0.00 0.00 0.00 0
140496 0.00 0.00 0.00 0
140497 0.00 0.00 0.00 0
140498 0.00 0.00 0.00 0
140499 0.00 0.00 0.00 0
140500 0.00 0.00 0.00 0
140501 0.00 0.00 0.00 0
140502 0.00 0.00 0.00 0
140503 0.00 0.00 0.00 0
140504 0.00 0.00 0.00 0
140505 0.00 0.00 0.00 0
140506 0.00 0.00 0.00 0
140507 0.00 0.00 0.00 0
140508 0.00 0.00 0.00 0
140518 0.00 0.00 0.00 0
140519 0.00 0.00 0.00 0
140520 0.00 0.00 0.00 0
140521 0.00 0.00 0.00 0
140522 0.00 0.00 0.00 0
140523 0.00 0.00 0.00 0
140524 0.00 0.00 0.00 0
140525 0.00 0.00 0.00 0
140526 0.00 0.00 0.00 0
140527 0.00 0.00 0.00 0
140528 0.00 0.00 0.00 0
140539 0.00 0.00 0.00 0
140540 0.00 0.00 0.00 0
140541 0.00 0.00 0.00 0
140542 0.00 0.00 0.00 0
140543 0.00 0.00 0.00 0
140558 0.00 0.00 0.00 0
140559 0.00 0.00 0.00 0
140560 0.00 0.00 0.00 0
140561 0.00 0.00 0.00 0
140562 0.00 0.00 0.00 0
140563 0.00 0.00 0.00 0
140564 0.00 0.00 0.00 0
140572 0.00 0.00 0.00 0
140573 0.00 0.00 0.00 0
140574 0.00 0.00 0.00 0
140587 0.00 0.00 0.00 0
140588 0.00 0.00 0.00 0
140589 0.00 0.00 0.00 0
140603 0.00 0.00 0.00 0
140604 0.00 0.00 0.00 0
140616 0.00 0.00 0.00 0
140617 0.00 0.00 0.00 0
140618 0.00 0.00 0.00 0
140634 0.00 0.00 0.00 0
141074 0.00 0.00 0.00 0
141075 0.00 0.00 0.00 0
141084 0.00 0.00 0.00 0
141085 0.00 0.00 0.00 0
141086 0.00 0.00 0.00 0
141087 0.00 0.00 0.00 0
141096 0.00 0.00 0.00 0
141097 0.00 0.00 0.00 0
141098 0.00 0.00 0.00 0
141099 0.00 0.00 0.00 0
141100 0.00 0.00 0.00 0
141101 0.00 0.00 0.00 0
141108 0.00 0.00 0.00 0
141109 0.00 0.00 0.00 0
141110 0.00 0.00 0.00 0
141111 0.00 0.00 0.00 0
141112 0.00 0.00 0.00 0
141113 0.00 0.00 0.00 0
141114 0.00 0.00 0.00 0
141115 0.00 0.00 0.00 0
141116 0.00 0.00 0.00 0
141117 0.00 0.00 0.00 0
141118 0.00 0.00 0.00 0
141122 0.00 0.00 0.00 0
141123 0.00 0.00 0.00 0
141124 0.00 0.00 0.00 0
141125 0.00 0.00 0.00 0
141126 0.00 0.00 0.00 0
141127 0.00 0.00 0.00 0
141128 0.00 0.00 0.00 0
141129 0.00 0.00 0.00 0
141130 0.00 0.00 0.00 0
141131 0.00 0.00 0.00 0
141132 0.00 0.00 0.00 0
141133 0.00 0.00 0.00 0
141136 0.00 0.00 0.00 0
141137 0.00 0.00 0.00 0
141138 0.00 0.00 0.00 0
141139 0.00 0.00 0.00 0
141140 0.00 0.00 0.00 0
141141 0.00 0.00 0.00 0
141142 0.00 0.00 0.00 0
141143 0.00 0.00 0.00 0
141144 0.00 0.00 0.00 0
141145 0.00 0.00 0.00 0
141148 0.00 0.00 0.00 0
141149 0.00 0.00 0.00 0
141150 0.00 0.00 0.00 0
141151 0.00 0.00 0.00 0
141152 0.00 0.00 0.00 0
141153 0.00 0.00 0.00 0
141154 0.00 0.00 0.00 0
141155 0.00 0.00 0.00 0
141159 0.00 0.00 0.00 0
141160 0.00 0.00 0.00 0
141161 0.00 0.00 0.00 0
141162 0.00 0.00 0.00 0
141163 0.00 0.00 0.00 0
141164 0.00 0.00 0.00 0
141165 0.00 0.00 0.00 0
141174 0.00 0.00 0.00 0
141175 0.00 0.00 0.00 0
141176 0.00 0.00 0.00 0
141177 0.00 0.00 0.00 0
141178 0.00 0.00 0.00 0
141179 0.00 0.00 0.00 0
141180 0.00 0.00 0.00 0
141194 0.00 0.00 0.00 0
141195 0.00 0.00 0.00 0
141196 0.00 0.00 0.00 0
141197 0.00 0.00 0.00 0
141198 0.00 0.00 0.00 0
141199 0.00 0.00 0.00 0
141200 0.00 0.00 0.00 0
141201 0.00 0.00 0.00 0
141202 0.00 0.00 0.00 0
141203 0.00 0.00 0.00 0
141204 0.00 0.00 0.00 0
141205 0.00 0.00 0.00 0
141206 0.00 0.00 0.00 0
141218 0.00 0.00 0.00 0
141219 0.00 0.00 0.00 0
141220 0.00 0.00 0.00 0
141221 0.00 0.00 0.00 0
141222 0.00 0.00 0.00 0
141223 0.00 0.00 0.00 0
141224 0.00 0.00 0.00 0
141225 0.00 0.00 0.00 0
141226 0.00 0.00 0.00 0
141227 0.00 0.00 0.00 0
141228 0.00 0.00 0.00 0
141241 0.00 0.00 0.00 0
141242 0.00 0.00 0.00 0
141243 0.00 0.00 0.00 0
141244 0.00 0.00 0.00 0
141245 0.00 0.00 0.00 0
141246 0.00 0.00 0.00 0
141247 0.00 0.00 0.00 0
141248 0.00 0.00 0.00 0
141249 0.00 0.00 0.00 0
141250 0.00 0.00 0.00 0
141251 0.00 0.00 0.00 0
141252 0.00 0.00 0.00 0
141259 0.00 0.00 0.00 0
141260 0.00 0.00 0.00 0
141261 0.00 0.00 0.00 0
141262 0.00 0.00 0.00 0
141263 0.00 0.00 0.00 0
141264 0.00 0.00 0.00 0
141265 0.00 0.00 0.00 0
141266 0.00 0.00 0.00 0
141267 0.00 0.00 0.00 0
141268 0.00 0.00 0.00 0
141280 0.00 0.00 0.00 0
141281 0.00 0.00 0.00 0
141282 0.00 0.00 0.00 0
141296 0.00 0.00 0.00 0
141297 0.00 0.00 0.00 0
141310 0.00 0.00 0.00 0
141311 0.00 0.00 0.00 0
141312 0.00 0.00 0.00 0
141328 0.00 0.00 0.00 0
141348 0.00 0.00 0.00 0
141802 0.00 0.00 0.00 0
141803 0.00 0.00 0.00 0
141807 0.00 0.00 0.00 0
141808 0.00 0.00 0.00 0
141809 0.00 0.00 0.00 0
141810 0.00 0.00 0.00 0
141811 0.00 0.00 0.00 0
141812 0.00 0.00 0.00 0
141813 0.00 0.00 0.00 0
141814 0.00 0.00 0.00 0
141819 0.00 0.00 0.00 0
141820 0.00 0.00 0.00 0
141821 0.00 0.00 0.00 0
141822 0.00 0.00 0.00 0
141823 0.00 0.00 0.00 0
141824 0.00 0.00 0.00 0
141825 0.00 0.00 0.00 0
141826 0.00 0.00 0.00 0
141827 0.00 0.00 0.00 0
141828 0.00 0.00 0.00 0
141830 0.00 0.00 0.00 0
141831 0.00 0.00 0.00 0
141832 0.00 0.00 0.00 0
141833 0.00 0.00 0.00 0
141834 0.00 0.00 0.00 0
141835 0.00 0.00 0.00 0
141836 0.00 0.00 0.00 0
141837 0.00 0.00 0.00 0
141838 0.00 0.00 0.00 0
141839 0.00 0.00 0.00 0
141840 0.00 0.00 0.00 0
141843 0.00 0.00 0.00 0
141844 0.00 0.00 0.00 0
141845 0.00 0.00 0.00 0
141846 0.00 0.00 0.00 0
141847 0.00 0.00 0.00 0
141848 0.00 0.00 0.00 0
141849 0.00 0.00 0.00 0
141850 0.00 0.00 0.00 0
141851 0.00 0.00 0.00 0
141854 0.00 0.00 0.00 0
141855 0.00 0.00 0.00 0
141856 0.00 0.00 0.00 0
141857 0.00 0.00 0.00 0
141858 0.00 0.00 0.00 0
141859 0.00 0.00 0.00 0
141863 0.00 0.00 0.00 0
141864 0.00 0.00 0.00 0
141865 0.00 0.00 0.00 0
141866 0.00 0.00 0.00 0
141867 0.00 0.00 0.00 0
141872 0.00 0.00 0.00 0
141885 0.00 0.00 0.00 0
141886 0.00 0.00 0.00 0
141898 0.00 0.00 0.00 0
141899 0.00 0.00 0.00 0
141900 0.00 0.00 0.00 0
141901 0.00 0.00 0.00 0
141902 0.00 0.00 0.00 0
141903 0.00 0.00 0.00 0
141904 0.00 0.00 0.00 0
141915 0.00 0.00 0.00 0
141916 0.00 0.00 0.00 0
141917 0.00 0.00 0.00 0
141918 0.00 0.00 0.00 0
141919 0.00 0.00 0.00 0
141920 0.00 0.00 0.00 0
141921 0.00 0.00 0.00 0
141922 0.00 0.00 0.00 0
141923 0.00 0.00 0.00 0
141924 0.00 0.00 0.00 0
141935 0.00 0.00 0.00 0
141936 0.00 0.00 0.00 0
141937 0.00 0.00 0.00 0
141938 0.00 0.00 0.00 0
141939 0.00 0.00 0.00 0
141940 0.00 0.00 0.00 0
141941 0.00 0.00 0.00 0
141942 0.00 0.00 0.00 0
141952 0.00 0.00 0.00 0
141953 0.00 0.00 0.00 0
141954 0.00 0.00 0.00 0
141955 0.00 0.00 0.00 0
141956 0.00 0.00 0.00 0
141957 0.00 0.00 0.00 0
141958 0.00 0.00 0.00 0
141959 0.00 0.00 0.00 0
141960 0.00 0.00 0.00 0
141972 0.00 0.00 0.00 0
141973 0.00 0.00 0.00 0
141974 0.00 0.00 0.00 0
141975 0.00 0.00 0.00 0
141976 0.00 0.00 0.00 0
141995 0.00 0.00 0.00 0
141996 0.00 0.00 0.00 0
141997 0.00 0.00 0.00 0
142018 0.00 0.00 0.00 0
142019 0.00 0.00 0.00 0
142038 0.00 0.00 0.00 0
142039 0.00 0.00 0.00 0
142055 0.00 0.00 0.00 0
142535 0.00 0.00 0.00 0
142536 0.00 0.00 0.00 0
142537 0.00 0.00 0.00 0
142542 0.00 0.00 0.00 0
142543 0.00 0.00 0.00 0
142544 0.00 0.00 0.00 0
142545 0.00 0.00 0.00 0
142546 0.00 0.00 0.00 0
142547 0.00 0.00 0.00 0
142548 0.00 0.00 0.00 0
142549 0.00 0.00 0.00 0
142550 0.00 0.00 0.00 0
142551 0.00 0.00 0.00 0
142554 0.00 0.00 0.00 0
142555 0.00 0.00 0.00 0
142556 0.00 0.00 0.00 0
142557 0.00 0.00 0.00 0
142558 0.00 0.00 0.00 0
142559 0.00 0.00 0.00 0
142560 0.00 0.00 0.00 0
142561 0.00 0.00 0.00 0
142562 0.00 0.00 0.00 0
142563 0.00 0.00 0.00 0
142566 0.00 0.00 0.00 0
142567 0.00 0.00 0.00 0
142568 0.00 0.00 0.00 0
142569 0.00 0.00 0.00 0
142570 0.00 0.00 0.00 0
142571 0.00 0.00 0.00 0
142572 0.00 0.00 0.00 0
142576 0.00 0.00 0.00 0
142577 0.00 0.00 0.00 0
142578 0.00 0.00 0.00 0
142579 0.00 0.00 0.00 0
142580 0.00 0.00 0.00 0
142581 0.00 0.00 0.00 0
142587 0.00 0.00 0.00 0
142592 0.00 0.00 0.00 0
142593 0.00 0.00 0.00 0
142602 0.00 0.00 0.00 0
142640 0.00 0.00 0.00 0
142641 0.00 0.00 0.00 0
142642 0.00 0.00 0.00 0
142653 0.00 0.00 0.00 0
142654 0.00 0.00 0.00 0
142655 0.00 0.00 0.00 0
142656 0.00 0.00 0.00 0
142657 0.00 0.00 0.00 0
142668 0.00 0.00 0.00 0
142669 0.00 0.00 0.00 0
142670 0.00 0.00 0.00 0
142671 0.00 0.00 0.00 0
142672 0.00 0.00 0.00 0
142683 0.00 0.00 0.00 0
142684 0.00 0.00 0.00 0
142685 0.00 0.00 0.00 0
142686 0.00 0.00 0.00 0
142700 0.00 0.00 0.00 0
142701 0.00 0.00 0.00 0
142702 0.00 0.00 0.00 0
142703 0.00 0.00 0.00 0
142720 0.00 0.00 0.00 0
142721 0.00 0.00 0.00 0
142722 0.00 0.00 0.00 0
142723 0.00 0.00 0.00 0
142740 0.00 0.00 0.00 0
142741 0.00 0.00 0.00 0
142742 0.00 0.00 0.00 0
143199 0.00 0.00 0.00 0
143200 0.00 0.00 0.00 0
143201 0.00 0.00 0.00 0
143206 0.00 0.00 0.00 0
143207 0.00 0.00 0.00 0
143208 0.00 0.00 0.00 0
143303 0.00 0.00 0.00 0
143304 0.00 0.00 0.00 0
143317 0.00 0.00 0.00 0
143318 0.00 0.00 0.00 0
143335 0.00 0.00 0.00 0
143336 0.00 0.00 0.00 0
143356 0.00 0.00 0.00 0
143357 0.00 0.00 0.00 0
