# parsopercularis
2758
105234 0.00 0.00 0.00 0
105243 0.00 0.00 0.00 0
105244 0.00 0.00 0.00 0
105252 0.00 0.00 0.00 0
106341 0.00 0.00 0.00 0
106342 0.00 0.00 0.00 0
106349 0.00 0.00 0.00 0
106350 0.00 0.00 0.00 0
106357 0.00 0.00 0.00 0
106358 0.00 0.00 0.00 0
106364 0.00 0.00 0.00 0
106365 0.00 0.00 0.00 0
106366 0.00 0.00 0.00 0
106373 0.00 0.00 0.00 0
106374 0.00 0.00 0.00 0
106375 0.00 0.00 0.00 0
107395 0.00 0.00 0.00 0
107398 0.00 0.00 0.00 0
107399 0.00 0.00 0.00 0
107400 0.00 0.00 0.00 0
107402 0.00 0.00 0.00 0
107403 0.00 0.00 0.00 0
107404 0.00 0.00 0.00 0
107405 0.00 0.00 0.00 0
107406 0.00 0.00 0.00 0
107407 0.00 0.00 0.00 0
107409 0.00 0.00 0.00 0
107410 0.00 0.00 0.00 0
107411 0.00 0.00 0.00 0
107412 0.00 0.00 0.00 0
107414 0.00 0.00 0.00 0
107415 0.00 0.00 0.00 0
107416 0.00 0.00 0.00 0
107418 0.00 0.00 0.00 0
107419 0.00 0.00 0.00 0
107420 0.00 0.00 0.00 0
107422 0.00 0.00 0.00 0
107423 0.00 0.00 0.00 0
107424 0.00 0.00 0.00 0
107426 0.00 0.00 0.00 0
107427 0.00 0.00 0.00 0
107428 0.00 0.00 0.00 0
108412 0.00 0.00 0.00 0
108413 0.00 0.00 0.00 0
108414 0.00 0.00 0.00 0
108416 0.00 0.00 0.00 0
108417 0.00 0.00 0.00 0
108418 0.00 0.00 0.00 0
108419 0.00 0.00 0.00 0
108420 0.00 0.00 0.00 0
108421 0.00 0.00 0.00 0
108422 0.00 0.00 0.00 0
108423 0.00 0.00 0.00 0
108424 0.00 0.00 0.00 0
108426 0.00 0.00 0.00 0
108427 0.00 0.00 0.00 0
108428 0.00 0.00 0.00 0
108429 0.00 0.00 0.00 0
108430 0.00 0.00 0.00 0
108431 0.00 0.00 0.00 0
108432 0.00 0.00 0.00 0
108433 0.00 0.00 0.00 0
108434 0.00 0.00 0.00 0
108435 0.00 0.00 0.00 0
108437 0.00 0.00 0.00 0
108438 0.00 0.00 0.00 0
108439 0.00 0.00 0.00 0
108440 0.00 0.00 0.00 0
108441 0.00 0.00 0.00 0
108442 0.00 0.00 0.00 0
108443 0.00 0.00 0.00 0
108445 0.00 0.00 0.00 0
108446 0.00 0.00 0.00 0
108447 0.00 0.00 0.00 0
108448 0.00 0.00 0.00 0
108451 0.00 0.00 0.00 0
108452 0.00 0.00 0.00 0
108455 0.00 0.00 0.00 0
108456 0.00 0.00 0.00 0
108457 0.00 0.00 0.00 0
108460 0.00 0.00 0.00 0
108461 0.00 0.00 0.00 0
108462 0.00 0.00 0.00 0
108465 0.00 0.00 0.00 0
108466 0.00 0.00 0.00 0
109383 0.00 0.00 0.00 0
109384 0.00 0.00 0.00 0
109386 0.00 0.00 0.00 0
109387 0.00 0.00 0.00 0
109388 0.00 0.00 0.00 0
109389 0.00 0.00 0.00 0
109390 0.00 0.00 0.00 0
109392 0.00 0.00 0.00 0
109393 0.00 0.00 0.00 0
109394 0.00 0.00 0.00 0
109395 0.00 0.00 0.00 0
109396 0.00 0.00 0.00 0
109397 0.00 0.00 0.00 0
109398 0.00 0.00 0.00 0
109399 0.00 0.00 0.00 0
109400 0.00 0.00 0.00 0
109401 0.00 0.00 0.00 0
109402 0.00 0.00 0.00 0
109403 0.00 0.00 0.00 0
109405 0.00 0.00 0.00 0
109406 0.00 0.00 0.00 0
109407 0.00 0.00 0.00 0
109408 0.00 0.00 0.00 0
109409 0.00 0.00 0.00 0
109411 0.00 0.00 0.00 0
109412 0.00 0.00 0.00 0
109413 0.00 0.00 0.00 0
109414 0.00 0.00 0.00 0
109415 0.00 0.00 0.00 0
109417 0.00 0.00 0.00 0
109418 0.00 0.00 0.00 0
109419 0.00 0.00 0.00 0
109420 0.00 0.00 0.00 0
109421 0.00 0.00 0.00 0
109422 0.00 0.00 0.00 0
109423 0.00 0.00 0.00 0
109426 0.00 0.00 0.00 0
109427 0.00 0.00 0.00 0
109428 0.00 0.00 0.00 0
109430 0.00 0.00 0.00 0
109431 0.00 0.00 0.00 0
109432 0.00 0.00 0.00 0
109434 0.00 0.00 0.00 0
109435 0.00 0.00 0.00 0
109436 0.00 0.00 0.00 0
109437 0.00 0.00 0.00 0
109439 0.00 0.00 0.00 0
109440 0.00 0.00 0.00 0
110430 0.00 0.00 0.00 0
110431 0.00 0.00 0.00 0
110432 0.00 0.00 0.00 0
110435 0.00 0.00 0.00 0
110436 0.00 0.00 0.00 0
110437 0.00 0.00 0.00 0
110438 0.00 0.00 0.00 0
110439 0.00 0.00 0.00 0
110440 0.00 0.00 0.00 0
110441 0.00 0.00 0.00 0
110444 0.00 0.00 0.00 0
110445 0.00 0.00 0.00 0
110446 0.00 0.00 0.00 0
110447 0.00 0.00 0.00 0
110448 0.00 0.00 0.00 0
110449 0.00 0.00 0.00 0
110450 0.00 0.00 0.00 0
110451 0.00 0.00 0.00 0
110452 0.00 0.00 0.00 0
110453 0.00 0.00 0.00 0
110454 0.00 0.00 0.00 0
110457 0.00 0.00 0.00 0
110458 0.00 0.00 0.00 0
110459 0.00 0.00 0.00 0
110462 0.00 0.00 0.00 0
110463 0.00 0.00 0.00 0
110464 0.00 0.00 0.00 0
110467 0.00 0.00 0.00 0
110468 0.00 0.00 0.00 0
110469 0.00 0.00 0.00 0
110470 0.00 0.00 0.00 0
110471 0.00 0.00 0.00 0
110472 0.00 0.00 0.00 0
110475 0.00 0.00 0.00 0
110476 0.00 0.00 0.00 0
110477 0.00 0.00 0.00 0
110478 0.00 0.00 0.00 0
110479 0.00 0.00 0.00 0
110480 0.00 0.00 0.00 0
110482 0.00 0.00 0.00 0
110483 0.00 0.00 0.00 0
110484 0.00 0.00 0.00 0
110485 0.00 0.00 0.00 0
110487 0.00 0.00 0.00 0
110488 0.00 0.00 0.00 0
110489 0.00 0.00 0.00 0
110490 0.00 0.00 0.00 0
110494 0.00 0.00 0.00 0
110495 0.00 0.00 0.00 0
110496 0.00 0.00 0.00 0
110497 0.00 0.00 0.00 0
110503 0.00 0.00 0.00 0
110506 0.00 0.00 0.00 0
110507 0.00 0.00 0.00 0
111469 0.00 0.00 0.00 0
111470 0.00 0.00 0.00 0
111471 0.00 0.00 0.00 0
111472 0.00 0.00 0.00 0
111474 0.00 0.00 0.00 0
111475 0.00 0.00 0.00 0
111476 0.00 0.00 0.00 0
111477 0.00 0.00 0.00 0
111478 0.00 0.00 0.00 0
111479 0.00 0.00 0.00 0
111480 0.00 0.00 0.00 0
111481 0.00 0.00 0.00 0
111482 0.00 0.00 0.00 0
111483 0.00 0.00 0.00 0
111484 0.00 0.00 0.00 0
111485 0.00 0.00 0.00 0
111486 0.00 0.00 0.00 0
111487 0.00 0.00 0.00 0
111488 0.00 0.00 0.00 0
111489 0.00 0.00 0.00 0
111490 0.00 0.00 0.00 0
111492 0.00 0.00 0.00 0
111493 0.00 0.00 0.00 0
111494 0.00 0.00 0.00 0
111495 0.00 0.00 0.00 0
111496 0.00 0.00 0.00 0
111497 0.00 0.00 0.00 0
111498 0.00 0.00 0.00 0
111499 0.00 0.00 0.00 0
111500 0.00 0.00 0.00 0
111501 0.00 0.00 0.00 0
111503 0.00 0.00 0.00 0
111504 0.00 0.00 0.00 0
111505 0.00 0.00 0.00 0
111506 0.00 0.00 0.00 0
111508 0.00 0.00 0.00 0
111509 0.00 0.00 0.00 0
111510 0.00 0.00 0.00 0
111511 0.00 0.00 0.00 0
111513 0.00 0.00 0.00 0
111514 0.00 0.00 0.00 0
111515 0.00 0.00 0.00 0
111516 0.00 0.00 0.00 0
111518 0.00 0.00 0.00 0
111519 0.00 0.00 0.00 0
111520 0.00 0.00 0.00 0
111521 0.00 0.00 0.00 0
111522 0.00 0.00 0.00 0
111524 0.00 0.00 0.00 0
111525 0.00 0.00 0.00 0
111526 0.00 0.00 0.00 0
111527 0.00 0.00 0.00 0
111529 0.00 0.00 0.00 0
111530 0.00 0.00 0.00 0
111531 0.00 0.00 0.00 0
111532 0.00 0.00 0.00 0
111536 0.00 0.00 0.00 0
111537 0.00 0.00 0.00 0
111538 0.00 0.00 0.00 0
111539 0.00 0.00 0.00 0
111540 0.00 0.00 0.00 0
111541 0.00 0.00 0.00 0
111545 0.00 0.00 0.00 0
111546 0.00 0.00 0.00 0
111547 0.00 0.00 0.00 0
111548 0.00 0.00 0.00 0
111549 0.00 0.00 0.00 0
112539 0.00 0.00 0.00 0
112541 0.00 0.00 0.00 0
112542 0.00 0.00 0.00 0
112543 0.00 0.00 0.00 0
112544 0.00 0.00 0.00 0
112545 0.00 0.00 0.00 0
112546 0.00 0.00 0.00 0
112547 0.00 0.00 0.00 0
112548 0.00 0.00 0.00 0
112549 0.00 0.00 0.00 0
112550 0.00 0.00 0.00 0
112551 0.00 0.00 0.00 0
112552 0.00 0.00 0.00 0
112553 0.00 0.00 0.00 0
112554 0.00 0.00 0.00 0
112555 0.00 0.00 0.00 0
112556 0.00 0.00 0.00 0
112557 0.00 0.00 0.00 0
112558 0.00 0.00 0.00 0
112559 0.00 0.00 0.00 0
112560 0.00 0.00 0.00 0
112562 0.00 0.00 0.00 0
112563 0.00 0.00 0.00 0
112564 0.00 0.00 0.00 0
112565 0.00 0.00 0.00 0
112566 0.00 0.00 0.00 0
112567 0.00 0.00 0.00 0
112568 0.00 0.00 0.00 0
112569 0.00 0.00 0.00 0
112570 0.00 0.00 0.00 0
112571 0.00 0.00 0.00 0
112572 0.00 0.00 0.00 0
112573 0.00 0.00 0.00 0
112574 0.00 0.00 0.00 0
112575 0.00 0.00 0.00 0
112577 0.00 0.00 0.00 0
112578 0.00 0.00 0.00 0
112579 0.00 0.00 0.00 0
112581 0.00 0.00 0.00 0
112582 0.00 0.00 0.00 0
112584 0.00 0.00 0.00 0
112585 0.00 0.00 0.00 0
112586 0.00 0.00 0.00 0
112588 0.00 0.00 0.00 0
112589 0.00 0.00 0.00 0
112590 0.00 0.00 0.00 0
112591 0.00 0.00 0.00 0
112592 0.00 0.00 0.00 0
112594 0.00 0.00 0.00 0
112595 0.00 0.00 0.00 0
112596 0.00 0.00 0.00 0
112597 0.00 0.00 0.00 0
112599 0.00 0.00 0.00 0
112600 0.00 0.00 0.00 0
112601 0.00 0.00 0.00 0
112602 0.00 0.00 0.00 0
112603 0.00 0.00 0.00 0
112604 0.00 0.00 0.00 0
112605 0.00 0.00 0.00 0
112608 0.00 0.00 0.00 0
112609 0.00 0.00 0.00 0
112610 0.00 0.00 0.00 0
112611 0.00 0.00 0.00 0
112612 0.00 0.00 0.00 0
112613 0.00 0.00 0.00 0
112614 0.00 0.00 0.00 0
112620 0.00 0.00 0.00 0
112621 0.00 0.00 0.00 0
112622 0.00 0.00 0.00 0
112623 0.00 0.00 0.00 0
112624 0.00 0.00 0.00 0
113688 0.00 0.00 0.00 0
113689 0.00 0.00 0.00 0
113690 0.00 0.00 0.00 0
113691 0.00 0.00 0.00 0
113692 0.00 0.00 0.00 0
113693 0.00 0.00 0.00 0
113694 0.00 0.00 0.00 0
113695 0.00 0.00 0.00 0
113696 0.00 0.00 0.00 0
113697 0.00 0.00 0.00 0
113698 0.00 0.00 0.00 0
113699 0.00 0.00 0.00 0
113700 0.00 0.00 0.00 0
113702 0.00 0.00 0.00 0
113703 0.00 0.00 0.00 0
113704 0.00 0.00 0.00 0
113705 0.00 0.00 0.00 0
113706 0.00 0.00 0.00 0
113707 0.00 0.00 0.00 0
113708 0.00 0.00 0.00 0
113709 0.00 0.00 0.00 0
113710 0.00 0.00 0.00 0
113711 0.00 0.00 0.00 0
113712 0.00 0.00 0.00 0
113713 0.00 0.00 0.00 0
113714 0.00 0.00 0.00 0
113715 0.00 0.00 0.00 0
113716 0.00 0.00 0.00 0
113717 0.00 0.00 0.00 0
113718 0.00 0.00 0.00 0
113719 0.00 0.00 0.00 0
113720 0.00 0.00 0.00 0
113721 0.00 0.00 0.00 0
113722 0.00 0.00 0.00 0
113723 0.00 0.00 0.00 0
113725 0.00 0.00 0.00 0
113726 0.00 0.00 0.00 0
113727 0.00 0.00 0.00 0
113728 0.00 0.00 0.00 0
113729 0.00 0.00 0.00 0
113730 0.00 0.00 0.00 0
113731 0.00 0.00 0.00 0
113732 0.00 0.00 0.00 0
113733 0.00 0.00 0.00 0
113734 0.00 0.00 0.00 0
113735 0.00 0.00 0.00 0
113736 0.00 0.00 0.00 0
113737 0.00 0.00 0.00 0
113738 0.00 0.00 0.00 0
113740 0.00 0.00 0.00 0
113741 0.00 0.00 0.00 0
113742 0.00 0.00 0.00 0
113743 0.00 0.00 0.00 0
113744 0.00 0.00 0.00 0
113745 0.00 0.00 0.00 0
113746 0.00 0.00 0.00 0
113747 0.00 0.00 0.00 0
113749 0.00 0.00 0.00 0
113750 0.00 0.00 0.00 0
113751 0.00 0.00 0.00 0
113752 0.00 0.00 0.00 0
113753 0.00 0.00 0.00 0
113754 0.00 0.00 0.00 0
113756 0.00 0.00 0.00 0
113757 0.00 0.00 0.00 0
113758 0.00 0.00 0.00 0
113759 0.00 0.00 0.00 0
113760 0.00 0.00 0.00 0
113762 0.00 0.00 0.00 0
113763 0.00 0.00 0.00 0
113764 0.00 0.00 0.00 0
113766 0.00 0.00 0.00 0
113767 0.00 0.00 0.00 0
113768 0.00 0.00 0.00 0
113769 0.00 0.00 0.00 0
113770 0.00 0.00 0.00 0
113774 0.00 0.00 0.00 0
113775 0.00 0.00 0.00 0
113776 0.00 0.00 0.00 0
113777 0.00 0.00 0.00 0
113778 0.00 0.00 0.00 0
113779 0.00 0.00 0.00 0
113786 0.00 0.00 0.00 0
113787 0.00 0.00 0.00 0
113788 0.00 0.00 0.00 0
113789 0.00 0.00 0.00 0
114789 0.00 0.00 0.00 0
114790 0.00 0.00 0.00 0
114792 0.00 0.00 0.00 0
114793 0.00 0.00 0.00 0
114794 0.00 0.00 0.00 0
114795 0.00 0.00 0.00 0
114796 0.00 0.00 0.00 0
114797 0.00 0.00 0.00 0
114798 0.00 0.00 0.00 0
114799 0.00 0.00 0.00 0
114800 0.00 0.00 0.00 0
114801 0.00 0.00 0.00 0
114802 0.00 0.00 0.00 0
114803 0.00 0.00 0.00 0
114804 0.00 0.00 0.00 0
114805 0.00 0.00 0.00 0
114807 0.00 0.00 0.00 0
114808 0.00 0.00 0.00 0
114809 0.00 0.00 0.00 0
114810 0.00 0.00 0.00 0
114811 0.00 0.00 0.00 0
114812 0.00 0.00 0.00 0
114813 0.00 0.00 0.00 0
114814 0.00 0.00 0.00 0
114815 0.00 0.00 0.00 0
114816 0.00 0.00 0.00 0
114817 0.00 0.00 0.00 0
114818 0.00 0.00 0.00 0
114819 0.00 0.00 0.00 0
114820 0.00 0.00 0.00 0
114821 0.00 0.00 0.00 0
114822 0.00 0.00 0.00 0
114823 0.00 0.00 0.00 0
114825 0.00 0.00 0.00 0
114826 0.00 0.00 0.00 0
114827 0.00 0.00 0.00 0
114828 0.00 0.00 0.00 0
114829 0.00 0.00 0.00 0
114830 0.00 0.00 0.00 0
114831 0.00 0.00 0.00 0
114832 0.00 0.00 0.00 0
114833 0.00 0.00 0.00 0
114834 0.00 0.00 0.00 0
114835 0.00 0.00 0.00 0
114836 0.00 0.00 0.00 0
114838 0.00 0.00 0.00 0
114839 0.00 0.00 0.00 0
114840 0.00 0.00 0.00 0
114841 0.00 0.00 0.00 0
114842 0.00 0.00 0.00 0
114843 0.00 0.00 0.00 0
114844 0.00 0.00 0.00 0
114845 0.00 0.00 0.00 0
114846 0.00 0.00 0.00 0
114847 0.00 0.00 0.00 0
114848 0.00 0.00 0.00 0
114849 0.00 0.00 0.00 0
114851 0.00 0.00 0.00 0
114852 0.00 0.00 0.00 0
114853 0.00 0.00 0.00 0
114854 0.00 0.00 0.00 0
114855 0.00 0.00 0.00 0
114856 0.00 0.00 0.00 0
114857 0.00 0.00 0.00 0
114858 0.00 0.00 0.00 0
114859 0.00 0.00 0.00 0
114861 0.00 0.00 0.00 0
114862 0.00 0.00 0.00 0
114863 0.00 0.00 0.00 0
114864 0.00 0.00 0.00 0
114865 0.00 0.00 0.00 0
114867 0.00 0.00 0.00 0
114868 0.00 0.00 0.00 0
114869 0.00 0.00 0.00 0
114870 0.00 0.00 0.00 0
114871 0.00 0.00 0.00 0
114873 0.00 0.00 0.00 0
114875 0.00 0.00 0.00 0
114876 0.00 0.00 0.00 0
114877 0.00 0.00 0.00 0
114878 0.00 0.00 0.00 0
114879 0.00 0.00 0.00 0
114880 0.00 0.00 0.00 0
114885 0.00 0.00 0.00 0
114886 0.00 0.00 0.00 0
114887 0.00 0.00 0.00 0
114888 0.00 0.00 0.00 0
114893 0.00 0.00 0.00 0
114894 0.00 0.00 0.00 0
114902 0.00 0.00 0.00 0
115840 0.00 0.00 0.00 0
115841 0.00 0.00 0.00 0
115842 0.00 0.00 0.00 0
115844 0.00 0.00 0.00 0
115845 0.00 0.00 0.00 0
115846 0.00 0.00 0.00 0
115847 0.00 0.00 0.00 0
115848 0.00 0.00 0.00 0
115849 0.00 0.00 0.00 0
115850 0.00 0.00 0.00 0
115851 0.00 0.00 0.00 0
115852 0.00 0.00 0.00 0
115853 0.00 0.00 0.00 0
115854 0.00 0.00 0.00 0
115856 0.00 0.00 0.00 0
115857 0.00 0.00 0.00 0
115858 0.00 0.00 0.00 0
115859 0.00 0.00 0.00 0
115860 0.00 0.00 0.00 0
115861 0.00 0.00 0.00 0
115862 0.00 0.00 0.00 0
115863 0.00 0.00 0.00 0
115864 0.00 0.00 0.00 0
115865 0.00 0.00 0.00 0
115867 0.00 0.00 0.00 0
115868 0.00 0.00 0.00 0
115869 0.00 0.00 0.00 0
115870 0.00 0.00 0.00 0
115871 0.00 0.00 0.00 0
115872 0.00 0.00 0.00 0
115873 0.00 0.00 0.00 0
115874 0.00 0.00 0.00 0
115875 0.00 0.00 0.00 0
115877 0.00 0.00 0.00 0
115878 0.00 0.00 0.00 0
115879 0.00 0.00 0.00 0
115880 0.00 0.00 0.00 0
115881 0.00 0.00 0.00 0
115882 0.00 0.00 0.00 0
115883 0.00 0.00 0.00 0
115884 0.00 0.00 0.00 0
115885 0.00 0.00 0.00 0
115886 0.00 0.00 0.00 0
115887 0.00 0.00 0.00 0
115889 0.00 0.00 0.00 0
115890 0.00 0.00 0.00 0
115891 0.00 0.00 0.00 0
115892 0.00 0.00 0.00 0
115893 0.00 0.00 0.00 0
115894 0.00 0.00 0.00 0
115895 0.00 0.00 0.00 0
115897 0.00 0.00 0.00 0
115898 0.00 0.00 0.00 0
115899 0.00 0.00 0.00 0
115900 0.00 0.00 0.00 0
115901 0.00 0.00 0.00 0
115906 0.00 0.00 0.00 0
115907 0.00 0.00 0.00 0
115908 0.00 0.00 0.00 0
115909 0.00 0.00 0.00 0
115910 0.00 0.00 0.00 0
115911 0.00 0.00 0.00 0
115912 0.00 0.00 0.00 0
115918 0.00 0.00 0.00 0
115919 0.00 0.00 0.00 0
115920 0.00 0.00 0.00 0
115921 0.00 0.00 0.00 0
115927 0.00 0.00 0.00 0
115928 0.00 0.00 0.00 0
115937 0.00 0.00 0.00 0
115938 0.00 0.00 0.00 0
115948 0.00 0.00 0.00 0
115949 0.00 0.00 0.00 0
115959 0.00 0.00 0.00 0
115960 0.00 0.00 0.00 0
115961 0.00 0.00 0.00 0
115975 0.00 0.00 0.00 0
115976 0.00 0.00 0.00 0
115989 0.00 0.00 0.00 0
116004 0.00 0.00 0.00 0
116005 0.00 0.00 0.00 0
116017 0.00 0.00 0.00 0
116018 0.00 0.00 0.00 0
116026 0.00 0.00 0.00 0
116907 0.00 0.00 0.00 0
116908 0.00 0.00 0.00 0
116910 0.00 0.00 0.00 0
116911 0.00 0.00 0.00 0
116912 0.00 0.00 0.00 0
116913 0.00 0.00 0.00 0
116914 0.00 0.00 0.00 0
116915 0.00 0.00 0.00 0
116916 0.00 0.00 0.00 0
116918 0.00 0.00 0.00 0
116919 0.00 0.00 0.00 0
116920 0.00 0.00 0.00 0
116921 0.00 0.00 0.00 0
116922 0.00 0.00 0.00 0
116923 0.00 0.00 0.00 0
116924 0.00 0.00 0.00 0
116925 0.00 0.00 0.00 0
116926 0.00 0.00 0.00 0
116928 0.00 0.00 0.00 0
116929 0.00 0.00 0.00 0
116930 0.00 0.00 0.00 0
116931 0.00 0.00 0.00 0
116932 0.00 0.00 0.00 0
116933 0.00 0.00 0.00 0
116935 0.00 0.00 0.00 0
116936 0.00 0.00 0.00 0
116937 0.00 0.00 0.00 0
116938 0.00 0.00 0.00 0
116939 0.00 0.00 0.00 0
116940 0.00 0.00 0.00 0
116941 0.00 0.00 0.00 0
116942 0.00 0.00 0.00 0
116944 0.00 0.00 0.00 0
116945 0.00 0.00 0.00 0
116946 0.00 0.00 0.00 0
116947 0.00 0.00 0.00 0
116948 0.00 0.00 0.00 0
116949 0.00 0.00 0.00 0
116950 0.00 0.00 0.00 0
116951 0.00 0.00 0.00 0
116953 0.00 0.00 0.00 0
116954 0.00 0.00 0.00 0
116955 0.00 0.00 0.00 0
116956 0.00 0.00 0.00 0
116957 0.00 0.00 0.00 0
116958 0.00 0.00 0.00 0
116959 0.00 0.00 0.00 0
116960 0.00 0.00 0.00 0
116961 0.00 0.00 0.00 0
116962 0.00 0.00 0.00 0
116965 0.00 0.00 0.00 0
116966 0.00 0.00 0.00 0
116967 0.00 0.00 0.00 0
116968 0.00 0.00 0.00 0
116969 0.00 0.00 0.00 0
116970 0.00 0.00 0.00 0
116971 0.00 0.00 0.00 0
116972 0.00 0.00 0.00 0
116973 0.00 0.00 0.00 0
116974 0.00 0.00 0.00 0
116981 0.00 0.00 0.00 0
116982 0.00 0.00 0.00 0
116983 0.00 0.00 0.00 0
116984 0.00 0.00 0.00 0
116985 0.00 0.00 0.00 0
116986 0.00 0.00 0.00 0
116987 0.00 0.00 0.00 0
116988 0.00 0.00 0.00 0
116995 0.00 0.00 0.00 0
116996 0.00 0.00 0.00 0
116997 0.00 0.00 0.00 0
116998 0.00 0.00 0.00 0
116999 0.00 0.00 0.00 0
117000 0.00 0.00 0.00 0
117001 0.00 0.00 0.00 0
117009 0.00 0.00 0.00 0
117010 0.00 0.00 0.00 0
117011 0.00 0.00 0.00 0
117022 0.00 0.00 0.00 0
117023 0.00 0.00 0.00 0
117035 0.00 0.00 0.00 0
117036 0.00 0.00 0.00 0
117047 0.00 0.00 0.00 0
117048 0.00 0.00 0.00 0
117059 0.00 0.00 0.00 0
117060 0.00 0.00 0.00 0
117061 0.00 0.00 0.00 0
117073 0.00 0.00 0.00 0
117074 0.00 0.00 0.00 0
117081 0.00 0.00 0.00 0
117082 0.00 0.00 0.00 0
117083 0.00 0.00 0.00 0
117084 0.00 0.00 0.00 0
117090 0.00 0.00 0.00 0
117091 0.00 0.00 0.00 0
117092 0.00 0.00 0.00 0
117920 0.00 0.00 0.00 0
117921 0.00 0.00 0.00 0
117922 0.00 0.00 0.00 0
117923 0.00 0.00 0.00 0
117925 0.00 0.00 0.00 0
117926 0.00 0.00 0.00 0
117927 0.00 0.00 0.00 0
117928 0.00 0.00 0.00 0
117929 0.00 0.00 0.00 0
117931 0.00 0.00 0.00 0
117932 0.00 0.00 0.00 0
117933 0.00 0.00 0.00 0
117934 0.00 0.00 0.00 0
117935 0.00 0.00 0.00 0
117936 0.00 0.00 0.00 0
117937 0.00 0.00 0.00 0
117938 0.00 0.00 0.00 0
117940 0.00 0.00 0.00 0
117941 0.00 0.00 0.00 0
117942 0.00 0.00 0.00 0
117943 0.00 0.00 0.00 0
117944 0.00 0.00 0.00 0
117945 0.00 0.00 0.00 0
117946 0.00 0.00 0.00 0
117947 0.00 0.00 0.00 0
117949 0.00 0.00 0.00 0
117950 0.00 0.00 0.00 0
117951 0.00 0.00 0.00 0
117952 0.00 0.00 0.00 0
117953 0.00 0.00 0.00 0
117954 0.00 0.00 0.00 0
117955 0.00 0.00 0.00 0
117956 0.00 0.00 0.00 0
117957 0.00 0.00 0.00 0
117958 0.00 0.00 0.00 0
117960 0.00 0.00 0.00 0
117961 0.00 0.00 0.00 0
117962 0.00 0.00 0.00 0
117963 0.00 0.00 0.00 0
117964 0.00 0.00 0.00 0
117965 0.00 0.00 0.00 0
117966 0.00 0.00 0.00 0
117967 0.00 0.00 0.00 0
117968 0.00 0.00 0.00 0
117969 0.00 0.00 0.00 0
117970 0.00 0.00 0.00 0
117972 0.00 0.00 0.00 0
117973 0.00 0.00 0.00 0
117974 0.00 0.00 0.00 0
117975 0.00 0.00 0.00 0
117976 0.00 0.00 0.00 0
117977 0.00 0.00 0.00 0
117978 0.00 0.00 0.00 0
117979 0.00 0.00 0.00 0
117980 0.00 0.00 0.00 0
117981 0.00 0.00 0.00 0
117982 0.00 0.00 0.00 0
117986 0.00 0.00 0.00 0
117987 0.00 0.00 0.00 0
117988 0.00 0.00 0.00 0
117989 0.00 0.00 0.00 0
117990 0.00 0.00 0.00 0
117991 0.00 0.00 0.00 0
117992 0.00 0.00 0.00 0
117993 0.00 0.00 0.00 0
118001 0.00 0.00 0.00 0
118002 0.00 0.00 0.00 0
118003 0.00 0.00 0.00 0
118004 0.00 0.00 0.00 0
118005 0.00 0.00 0.00 0
118006 0.00 0.00 0.00 0
118007 0.00 0.00 0.00 0
118014 0.00 0.00 0.00 0
118015 0.00 0.00 0.00 0
118016 0.00 0.00 0.00 0
118017 0.00 0.00 0.00 0
118018 0.00 0.00 0.00 0
118019 0.00 0.00 0.00 0
118020 0.00 0.00 0.00 0
118021 0.00 0.00 0.00 0
118028 0.00 0.00 0.00 0
118029 0.00 0.00 0.00 0
118030 0.00 0.00 0.00 0
118031 0.00 0.00 0.00 0
118038 0.00 0.00 0.00 0
118039 0.00 0.00 0.00 0
118040 0.00 0.00 0.00 0
118046 0.00 0.00 0.00 0
118047 0.00 0.00 0.00 0
118048 0.00 0.00 0.00 0
118057 0.00 0.00 0.00 0
118058 0.00 0.00 0.00 0
118066 0.00 0.00 0.00 0
118067 0.00 0.00 0.00 0
118068 0.00 0.00 0.00 0
118074 0.00 0.00 0.00 0
118075 0.00 0.00 0.00 0
118076 0.00 0.00 0.00 0
118082 0.00 0.00 0.00 0
118083 0.00 0.00 0.00 0
118084 0.00 0.00 0.00 0
118085 0.00 0.00 0.00 0
118091 0.00 0.00 0.00 0
118092 0.00 0.00 0.00 0
118093 0.00 0.00 0.00 0
118094 0.00 0.00 0.00 0
118918 0.00 0.00 0.00 0
118919 0.00 0.00 0.00 0
118920 0.00 0.00 0.00 0
118921 0.00 0.00 0.00 0
118922 0.00 0.00 0.00 0
118923 0.00 0.00 0.00 0
118925 0.00 0.00 0.00 0
118926 0.00 0.00 0.00 0
118927 0.00 0.00 0.00 0
118928 0.00 0.00 0.00 0
118929 0.00 0.00 0.00 0
118930 0.00 0.00 0.00 0
118931 0.00 0.00 0.00 0
118932 0.00 0.00 0.00 0
118934 0.00 0.00 0.00 0
118935 0.00 0.00 0.00 0
118936 0.00 0.00 0.00 0
118937 0.00 0.00 0.00 0
118938 0.00 0.00 0.00 0
118939 0.00 0.00 0.00 0
118940 0.00 0.00 0.00 0
118941 0.00 0.00 0.00 0
118942 0.00 0.00 0.00 0
118943 0.00 0.00 0.00 0
118944 0.00 0.00 0.00 0
118946 0.00 0.00 0.00 0
118947 0.00 0.00 0.00 0
118948 0.00 0.00 0.00 0
118949 0.00 0.00 0.00 0
118950 0.00 0.00 0.00 0
118951 0.00 0.00 0.00 0
118952 0.00 0.00 0.00 0
118953 0.00 0.00 0.00 0
118954 0.00 0.00 0.00 0
118955 0.00 0.00 0.00 0
118956 0.00 0.00 0.00 0
118958 0.00 0.00 0.00 0
118959 0.00 0.00 0.00 0
118960 0.00 0.00 0.00 0
118961 0.00 0.00 0.00 0
118962 0.00 0.00 0.00 0
118963 0.00 0.00 0.00 0
118964 0.00 0.00 0.00 0
118965 0.00 0.00 0.00 0
118967 0.00 0.00 0.00 0
118968 0.00 0.00 0.00 0
118969 0.00 0.00 0.00 0
118970 0.00 0.00 0.00 0
118971 0.00 0.00 0.00 0
118972 0.00 0.00 0.00 0
118974 0.00 0.00 0.00 0
118975 0.00 0.00 0.00 0
118976 0.00 0.00 0.00 0
118977 0.00 0.00 0.00 0
118978 0.00 0.00 0.00 0
118979 0.00 0.00 0.00 0
118980 0.00 0.00 0.00 0
118981 0.00 0.00 0.00 0
118982 0.00 0.00 0.00 0
118986 0.00 0.00 0.00 0
118987 0.00 0.00 0.00 0
118988 0.00 0.00 0.00 0
118989 0.00 0.00 0.00 0
118990 0.00 0.00 0.00 0
118994 0.00 0.00 0.00 0
118995 0.00 0.00 0.00 0
118996 0.00 0.00 0.00 0
118997 0.00 0.00 0.00 0
118998 0.00 0.00 0.00 0
118999 0.00 0.00 0.00 0
119002 0.00 0.00 0.00 0
119003 0.00 0.00 0.00 0
119004 0.00 0.00 0.00 0
119005 0.00 0.00 0.00 0
119006 0.00 0.00 0.00 0
119007 0.00 0.00 0.00 0
119008 0.00 0.00 0.00 0
119009 0.00 0.00 0.00 0
119010 0.00 0.00 0.00 0
119011 0.00 0.00 0.00 0
119014 0.00 0.00 0.00 0
119015 0.00 0.00 0.00 0
119016 0.00 0.00 0.00 0
119017 0.00 0.00 0.00 0
119018 0.00 0.00 0.00 0
119019 0.00 0.00 0.00 0
119020 0.00 0.00 0.00 0
119021 0.00 0.00 0.00 0
119022 0.00 0.00 0.00 0
119023 0.00 0.00 0.00 0
119030 0.00 0.00 0.00 0
119031 0.00 0.00 0.00 0
119032 0.00 0.00 0.00 0
119033 0.00 0.00 0.00 0
119034 0.00 0.00 0.00 0
119035 0.00 0.00 0.00 0
119036 0.00 0.00 0.00 0
119037 0.00 0.00 0.00 0
119038 0.00 0.00 0.00 0
119047 0.00 0.00 0.00 0
119048 0.00 0.00 0.00 0
119049 0.00 0.00 0.00 0
119059 0.00 0.00 0.00 0
119060 0.00 0.00 0.00 0
119061 0.00 0.00 0.00 0
119067 0.00 0.00 0.00 0
119068 0.00 0.00 0.00 0
119069 0.00 0.00 0.00 0
119076 0.00 0.00 0.00 0
119077 0.00 0.00 0.00 0
119078 0.00 0.00 0.00 0
119084 0.00 0.00 0.00 0
119085 0.00 0.00 0.00 0
119086 0.00 0.00 0.00 0
119092 0.00 0.00 0.00 0
119093 0.00 0.00 0.00 0
119094 0.00 0.00 0.00 0
119095 0.00 0.00 0.00 0
119100 0.00 0.00 0.00 0
119101 0.00 0.00 0.00 0
119102 0.00 0.00 0.00 0
119865 0.00 0.00 0.00 0
119866 0.00 0.00 0.00 0
119867 0.00 0.00 0.00 0
119868 0.00 0.00 0.00 0
119869 0.00 0.00 0.00 0
119870 0.00 0.00 0.00 0
119871 0.00 0.00 0.00 0
119872 0.00 0.00 0.00 0
119876 0.00 0.00 0.00 0
119877 0.00 0.00 0.00 0
119878 0.00 0.00 0.00 0
119879 0.00 0.00 0.00 0
119880 0.00 0.00 0.00 0
119881 0.00 0.00 0.00 0
119882 0.00 0.00 0.00 0
119883 0.00 0.00 0.00 0
119884 0.00 0.00 0.00 0
119885 0.00 0.00 0.00 0
119886 0.00 0.00 0.00 0
119887 0.00 0.00 0.00 0
119888 0.00 0.00 0.00 0
119889 0.00 0.00 0.00 0
119891 0.00 0.00 0.00 0
119892 0.00 0.00 0.00 0
119893 0.00 0.00 0.00 0
119894 0.00 0.00 0.00 0
119895 0.00 0.00 0.00 0
119896 0.00 0.00 0.00 0
119897 0.00 0.00 0.00 0
119898 0.00 0.00 0.00 0
119899 0.00 0.00 0.00 0
119901 0.00 0.00 0.00 0
119902 0.00 0.00 0.00 0
119903 0.00 0.00 0.00 0
119904 0.00 0.00 0.00 0
119905 0.00 0.00 0.00 0
119906 0.00 0.00 0.00 0
119907 0.00 0.00 0.00 0
119908 0.00 0.00 0.00 0
119910 0.00 0.00 0.00 0
119911 0.00 0.00 0.00 0
119912 0.00 0.00 0.00 0
119913 0.00 0.00 0.00 0
119914 0.00 0.00 0.00 0
119915 0.00 0.00 0.00 0
119916 0.00 0.00 0.00 0
119918 0.00 0.00 0.00 0
119919 0.00 0.00 0.00 0
119920 0.00 0.00 0.00 0
119921 0.00 0.00 0.00 0
119922 0.00 0.00 0.00 0
119923 0.00 0.00 0.00 0
119924 0.00 0.00 0.00 0
119926 0.00 0.00 0.00 0
119927 0.00 0.00 0.00 0
119928 0.00 0.00 0.00 0
119929 0.00 0.00 0.00 0
119930 0.00 0.00 0.00 0
119931 0.00 0.00 0.00 0
119932 0.00 0.00 0.00 0
119934 0.00 0.00 0.00 0
119935 0.00 0.00 0.00 0
119936 0.00 0.00 0.00 0
119937 0.00 0.00 0.00 0
119938 0.00 0.00 0.00 0
119939 0.00 0.00 0.00 0
119940 0.00 0.00 0.00 0
119941 0.00 0.00 0.00 0
119942 0.00 0.00 0.00 0
119947 0.00 0.00 0.00 0
119948 0.00 0.00 0.00 0
119949 0.00 0.00 0.00 0
119950 0.00 0.00 0.00 0
119951 0.00 0.00 0.00 0
119956 0.00 0.00 0.00 0
119957 0.00 0.00 0.00 0
119958 0.00 0.00 0.00 0
119959 0.00 0.00 0.00 0
119960 0.00 0.00 0.00 0
119964 0.00 0.00 0.00 0
119965 0.00 0.00 0.00 0
119966 0.00 0.00 0.00 0
119967 0.00 0.00 0.00 0
119971 0.00 0.00 0.00 0
119972 0.00 0.00 0.00 0
119973 0.00 0.00 0.00 0
119974 0.00 0.00 0.00 0
119975 0.00 0.00 0.00 0
119976 0.00 0.00 0.00 0
119977 0.00 0.00 0.00 0
119981 0.00 0.00 0.00 0
119982 0.00 0.00 0.00 0
119983 0.00 0.00 0.00 0
119984 0.00 0.00 0.00 0
119985 0.00 0.00 0.00 0
119986 0.00 0.00 0.00 0
119987 0.00 0.00 0.00 0
119988 0.00 0.00 0.00 0
119989 0.00 0.00 0.00 0
119990 0.00 0.00 0.00 0
119995 0.00 0.00 0.00 0
119996 0.00 0.00 0.00 0
119997 0.00 0.00 0.00 0
119998 0.00 0.00 0.00 0
119999 0.00 0.00 0.00 0
120000 0.00 0.00 0.00 0
120001 0.00 0.00 0.00 0
120002 0.00 0.00 0.00 0
120003 0.00 0.00 0.00 0
120009 0.00 0.00 0.00 0
120010 0.00 0.00 0.00 0
120011 0.00 0.00 0.00 0
120012 0.00 0.00 0.00 0
120013 0.00 0.00 0.00 0
120014 0.00 0.00 0.00 0
120015 0.00 0.00 0.00 0
120016 0.00 0.00 0.00 0
120021 0.00 0.00 0.00 0
120022 0.00 0.00 0.00 0
120023 0.00 0.00 0.00 0
120024 0.00 0.00 0.00 0
120025 0.00 0.00 0.00 0
120026 0.00 0.00 0.00 0
120027 0.00 0.00 0.00 0
120033 0.00 0.00 0.00 0
120034 0.00 0.00 0.00 0
120035 0.00 0.00 0.00 0
120036 0.00 0.00 0.00 0
120041 0.00 0.00 0.00 0
120042 0.00 0.00 0.00 0
120043 0.00 0.00 0.00 0
120048 0.00 0.00 0.00 0
120049 0.00 0.00 0.00 0
120053 0.00 0.00 0.00 0
120054 0.00 0.00 0.00 0
120055 0.00 0.00 0.00 0
120799 0.00 0.00 0.00 0
120800 0.00 0.00 0.00 0
120801 0.00 0.00 0.00 0
120802 0.00 0.00 0.00 0
120803 0.00 0.00 0.00 0
120804 0.00 0.00 0.00 0
120808 0.00 0.00 0.00 0
120809 0.00 0.00 0.00 0
120810 0.00 0.00 0.00 0
120811 0.00 0.00 0.00 0
120812 0.00 0.00 0.00 0
120813 0.00 0.00 0.00 0
120814 0.00 0.00 0.00 0
120815 0.00 0.00 0.00 0
120816 0.00 0.00 0.00 0
120817 0.00 0.00 0.00 0
120818 0.00 0.00 0.00 0
120819 0.00 0.00 0.00 0
120820 0.00 0.00 0.00 0
120821 0.00 0.00 0.00 0
120822 0.00 0.00 0.00 0
120823 0.00 0.00 0.00 0
120827 0.00 0.00 0.00 0
120828 0.00 0.00 0.00 0
120829 0.00 0.00 0.00 0
120830 0.00 0.00 0.00 0
120831 0.00 0.00 0.00 0
120832 0.00 0.00 0.00 0
120833 0.00 0.00 0.00 0
120834 0.00 0.00 0.00 0
120835 0.00 0.00 0.00 0
120836 0.00 0.00 0.00 0
120837 0.00 0.00 0.00 0
120838 0.00 0.00 0.00 0
120840 0.00 0.00 0.00 0
120841 0.00 0.00 0.00 0
120842 0.00 0.00 0.00 0
120844 0.00 0.00 0.00 0
120845 0.00 0.00 0.00 0
120846 0.00 0.00 0.00 0
120847 0.00 0.00 0.00 0
120848 0.00 0.00 0.00 0
120850 0.00 0.00 0.00 0
120851 0.00 0.00 0.00 0
120852 0.00 0.00 0.00 0
120853 0.00 0.00 0.00 0
120854 0.00 0.00 0.00 0
120855 0.00 0.00 0.00 0
120857 0.00 0.00 0.00 0
120858 0.00 0.00 0.00 0
120859 0.00 0.00 0.00 0
120860 0.00 0.00 0.00 0
120861 0.00 0.00 0.00 0
120862 0.00 0.00 0.00 0
120864 0.00 0.00 0.00 0
120865 0.00 0.00 0.00 0
120866 0.00 0.00 0.00 0
120867 0.00 0.00 0.00 0
120868 0.00 0.00 0.00 0
120869 0.00 0.00 0.00 0
120870 0.00 0.00 0.00 0
120871 0.00 0.00 0.00 0
120873 0.00 0.00 0.00 0
120874 0.00 0.00 0.00 0
120875 0.00 0.00 0.00 0
120876 0.00 0.00 0.00 0
120877 0.00 0.00 0.00 0
120878 0.00 0.00 0.00 0
120879 0.00 0.00 0.00 0
120884 0.00 0.00 0.00 0
120885 0.00 0.00 0.00 0
120886 0.00 0.00 0.00 0
120887 0.00 0.00 0.00 0
120888 0.00 0.00 0.00 0
120892 0.00 0.00 0.00 0
120893 0.00 0.00 0.00 0
120894 0.00 0.00 0.00 0
120895 0.00 0.00 0.00 0
120896 0.00 0.00 0.00 0
120897 0.00 0.00 0.00 0
120900 0.00 0.00 0.00 0
120901 0.00 0.00 0.00 0
120902 0.00 0.00 0.00 0
120903 0.00 0.00 0.00 0
120906 0.00 0.00 0.00 0
120907 0.00 0.00 0.00 0
120908 0.00 0.00 0.00 0
120909 0.00 0.00 0.00 0
120910 0.00 0.00 0.00 0
120914 0.00 0.00 0.00 0
120915 0.00 0.00 0.00 0
120916 0.00 0.00 0.00 0
120917 0.00 0.00 0.00 0
120918 0.00 0.00 0.00 0
120923 0.00 0.00 0.00 0
120924 0.00 0.00 0.00 0
120925 0.00 0.00 0.00 0
120926 0.00 0.00 0.00 0
120927 0.00 0.00 0.00 0
120928 0.00 0.00 0.00 0
120929 0.00 0.00 0.00 0
120930 0.00 0.00 0.00 0
120937 0.00 0.00 0.00 0
120938 0.00 0.00 0.00 0
120939 0.00 0.00 0.00 0
120940 0.00 0.00 0.00 0
120941 0.00 0.00 0.00 0
120942 0.00 0.00 0.00 0
120943 0.00 0.00 0.00 0
120944 0.00 0.00 0.00 0
120945 0.00 0.00 0.00 0
120949 0.00 0.00 0.00 0
120950 0.00 0.00 0.00 0
120951 0.00 0.00 0.00 0
120952 0.00 0.00 0.00 0
120953 0.00 0.00 0.00 0
120954 0.00 0.00 0.00 0
120955 0.00 0.00 0.00 0
120956 0.00 0.00 0.00 0
120957 0.00 0.00 0.00 0
120962 0.00 0.00 0.00 0
120963 0.00 0.00 0.00 0
120964 0.00 0.00 0.00 0
120965 0.00 0.00 0.00 0
120966 0.00 0.00 0.00 0
120967 0.00 0.00 0.00 0
120968 0.00 0.00 0.00 0
120969 0.00 0.00 0.00 0
120970 0.00 0.00 0.00 0
120975 0.00 0.00 0.00 0
120976 0.00 0.00 0.00 0
120977 0.00 0.00 0.00 0
120978 0.00 0.00 0.00 0
120979 0.00 0.00 0.00 0
120980 0.00 0.00 0.00 0
120981 0.00 0.00 0.00 0
120985 0.00 0.00 0.00 0
120986 0.00 0.00 0.00 0
120987 0.00 0.00 0.00 0
120988 0.00 0.00 0.00 0
120992 0.00 0.00 0.00 0
120993 0.00 0.00 0.00 0
120994 0.00 0.00 0.00 0
121766 0.00 0.00 0.00 0
121767 0.00 0.00 0.00 0
121772 0.00 0.00 0.00 0
121773 0.00 0.00 0.00 0
121774 0.00 0.00 0.00 0
121775 0.00 0.00 0.00 0
121776 0.00 0.00 0.00 0
121777 0.00 0.00 0.00 0
121778 0.00 0.00 0.00 0
121779 0.00 0.00 0.00 0
121784 0.00 0.00 0.00 0
121785 0.00 0.00 0.00 0
121786 0.00 0.00 0.00 0
121787 0.00 0.00 0.00 0
121788 0.00 0.00 0.00 0
121789 0.00 0.00 0.00 0
121790 0.00 0.00 0.00 0
121791 0.00 0.00 0.00 0
121792 0.00 0.00 0.00 0
121793 0.00 0.00 0.00 0
121794 0.00 0.00 0.00 0
121798 0.00 0.00 0.00 0
121799 0.00 0.00 0.00 0
121800 0.00 0.00 0.00 0
121801 0.00 0.00 0.00 0
121802 0.00 0.00 0.00 0
121803 0.00 0.00 0.00 0
121804 0.00 0.00 0.00 0
121805 0.00 0.00 0.00 0
121806 0.00 0.00 0.00 0
121808 0.00 0.00 0.00 0
121809 0.00 0.00 0.00 0
121810 0.00 0.00 0.00 0
121811 0.00 0.00 0.00 0
121813 0.00 0.00 0.00 0
121814 0.00 0.00 0.00 0
121815 0.00 0.00 0.00 0
121816 0.00 0.00 0.00 0
121818 0.00 0.00 0.00 0
121819 0.00 0.00 0.00 0
121820 0.00 0.00 0.00 0
121822 0.00 0.00 0.00 0
121823 0.00 0.00 0.00 0
121824 0.00 0.00 0.00 0
121825 0.00 0.00 0.00 0
121826 0.00 0.00 0.00 0
121830 0.00 0.00 0.00 0
121831 0.00 0.00 0.00 0
121832 0.00 0.00 0.00 0
121833 0.00 0.00 0.00 0
121834 0.00 0.00 0.00 0
121835 0.00 0.00 0.00 0
121836 0.00 0.00 0.00 0
121837 0.00 0.00 0.00 0
121843 0.00 0.00 0.00 0
121844 0.00 0.00 0.00 0
121845 0.00 0.00 0.00 0
121846 0.00 0.00 0.00 0
121847 0.00 0.00 0.00 0
121848 0.00 0.00 0.00 0
121849 0.00 0.00 0.00 0
121850 0.00 0.00 0.00 0
121851 0.00 0.00 0.00 0
121852 0.00 0.00 0.00 0
121853 0.00 0.00 0.00 0
121860 0.00 0.00 0.00 0
121861 0.00 0.00 0.00 0
121862 0.00 0.00 0.00 0
121863 0.00 0.00 0.00 0
121864 0.00 0.00 0.00 0
121869 0.00 0.00 0.00 0
121870 0.00 0.00 0.00 0
121871 0.00 0.00 0.00 0
121872 0.00 0.00 0.00 0
121877 0.00 0.00 0.00 0
121878 0.00 0.00 0.00 0
121879 0.00 0.00 0.00 0
121880 0.00 0.00 0.00 0
121881 0.00 0.00 0.00 0
121885 0.00 0.00 0.00 0
121886 0.00 0.00 0.00 0
121887 0.00 0.00 0.00 0
121891 0.00 0.00 0.00 0
121892 0.00 0.00 0.00 0
121893 0.00 0.00 0.00 0
121894 0.00 0.00 0.00 0
121901 0.00 0.00 0.00 0
121902 0.00 0.00 0.00 0
121903 0.00 0.00 0.00 0
121904 0.00 0.00 0.00 0
121905 0.00 0.00 0.00 0
121910 0.00 0.00 0.00 0
121911 0.00 0.00 0.00 0
121912 0.00 0.00 0.00 0
121913 0.00 0.00 0.00 0
121914 0.00 0.00 0.00 0
121918 0.00 0.00 0.00 0
121919 0.00 0.00 0.00 0
121920 0.00 0.00 0.00 0
121921 0.00 0.00 0.00 0
121922 0.00 0.00 0.00 0
121927 0.00 0.00 0.00 0
121928 0.00 0.00 0.00 0
121929 0.00 0.00 0.00 0
121930 0.00 0.00 0.00 0
121931 0.00 0.00 0.00 0
121932 0.00 0.00 0.00 0
121933 0.00 0.00 0.00 0
121934 0.00 0.00 0.00 0
121939 0.00 0.00 0.00 0
121940 0.00 0.00 0.00 0
121941 0.00 0.00 0.00 0
121942 0.00 0.00 0.00 0
121943 0.00 0.00 0.00 0
121944 0.00 0.00 0.00 0
121945 0.00 0.00 0.00 0
121949 0.00 0.00 0.00 0
121950 0.00 0.00 0.00 0
121951 0.00 0.00 0.00 0
121952 0.00 0.00 0.00 0
121953 0.00 0.00 0.00 0
121954 0.00 0.00 0.00 0
121955 0.00 0.00 0.00 0
121956 0.00 0.00 0.00 0
121961 0.00 0.00 0.00 0
121962 0.00 0.00 0.00 0
121963 0.00 0.00 0.00 0
121964 0.00 0.00 0.00 0
121965 0.00 0.00 0.00 0
121966 0.00 0.00 0.00 0
121973 0.00 0.00 0.00 0
121974 0.00 0.00 0.00 0
121975 0.00 0.00 0.00 0
122758 0.00 0.00 0.00 0
122759 0.00 0.00 0.00 0
122760 0.00 0.00 0.00 0
122761 0.00 0.00 0.00 0
122767 0.00 0.00 0.00 0
122768 0.00 0.00 0.00 0
122769 0.00 0.00 0.00 0
122770 0.00 0.00 0.00 0
122771 0.00 0.00 0.00 0
122772 0.00 0.00 0.00 0
122773 0.00 0.00 0.00 0
122774 0.00 0.00 0.00 0
122775 0.00 0.00 0.00 0
122776 0.00 0.00 0.00 0
122781 0.00 0.00 0.00 0
122782 0.00 0.00 0.00 0
122783 0.00 0.00 0.00 0
122784 0.00 0.00 0.00 0
122785 0.00 0.00 0.00 0
122786 0.00 0.00 0.00 0
122787 0.00 0.00 0.00 0
122788 0.00 0.00 0.00 0
122789 0.00 0.00 0.00 0
122790 0.00 0.00 0.00 0
122791 0.00 0.00 0.00 0
122792 0.00 0.00 0.00 0
122796 0.00 0.00 0.00 0
122797 0.00 0.00 0.00 0
122798 0.00 0.00 0.00 0
122799 0.00 0.00 0.00 0
122800 0.00 0.00 0.00 0
122801 0.00 0.00 0.00 0
122802 0.00 0.00 0.00 0
122803 0.00 0.00 0.00 0
122804 0.00 0.00 0.00 0
122805 0.00 0.00 0.00 0
122807 0.00 0.00 0.00 0
122808 0.00 0.00 0.00 0
122809 0.00 0.00 0.00 0
122810 0.00 0.00 0.00 0
122812 0.00 0.00 0.00 0
122813 0.00 0.00 0.00 0
122814 0.00 0.00 0.00 0
122816 0.00 0.00 0.00 0
122817 0.00 0.00 0.00 0
122819 0.00 0.00 0.00 0
122820 0.00 0.00 0.00 0
122826 0.00 0.00 0.00 0
122827 0.00 0.00 0.00 0
122828 0.00 0.00 0.00 0
122829 0.00 0.00 0.00 0
122830 0.00 0.00 0.00 0
122831 0.00 0.00 0.00 0
122832 0.00 0.00 0.00 0
122838 0.00 0.00 0.00 0
122839 0.00 0.00 0.00 0
122840 0.00 0.00 0.00 0
122841 0.00 0.00 0.00 0
122842 0.00 0.00 0.00 0
122843 0.00 0.00 0.00 0
122844 0.00 0.00 0.00 0
122845 0.00 0.00 0.00 0
122846 0.00 0.00 0.00 0
122847 0.00 0.00 0.00 0
122848 0.00 0.00 0.00 0
122849 0.00 0.00 0.00 0
122850 0.00 0.00 0.00 0
122854 0.00 0.00 0.00 0
122855 0.00 0.00 0.00 0
122856 0.00 0.00 0.00 0
122857 0.00 0.00 0.00 0
122858 0.00 0.00 0.00 0
122859 0.00 0.00 0.00 0
122860 0.00 0.00 0.00 0
122861 0.00 0.00 0.00 0
122862 0.00 0.00 0.00 0
122863 0.00 0.00 0.00 0
122864 0.00 0.00 0.00 0
122865 0.00 0.00 0.00 0
122866 0.00 0.00 0.00 0
122867 0.00 0.00 0.00 0
122870 0.00 0.00 0.00 0
122871 0.00 0.00 0.00 0
122872 0.00 0.00 0.00 0
122873 0.00 0.00 0.00 0
122874 0.00 0.00 0.00 0
122875 0.00 0.00 0.00 0
122876 0.00 0.00 0.00 0
122877 0.00 0.00 0.00 0
122878 0.00 0.00 0.00 0
122879 0.00 0.00 0.00 0
122880 0.00 0.00 0.00 0
122881 0.00 0.00 0.00 0
122882 0.00 0.00 0.00 0
122887 0.00 0.00 0.00 0
122888 0.00 0.00 0.00 0
122889 0.00 0.00 0.00 0
122890 0.00 0.00 0.00 0
122891 0.00 0.00 0.00 0
122892 0.00 0.00 0.00 0
122893 0.00 0.00 0.00 0
122894 0.00 0.00 0.00 0
122895 0.00 0.00 0.00 0
122896 0.00 0.00 0.00 0
122897 0.00 0.00 0.00 0
122898 0.00 0.00 0.00 0
122899 0.00 0.00 0.00 0
122903 0.00 0.00 0.00 0
122904 0.00 0.00 0.00 0
122905 0.00 0.00 0.00 0
122906 0.00 0.00 0.00 0
122907 0.00 0.00 0.00 0
122908 0.00 0.00 0.00 0
122909 0.00 0.00 0.00 0
122910 0.00 0.00 0.00 0
122911 0.00 0.00 0.00 0
122912 0.00 0.00 0.00 0
122913 0.00 0.00 0.00 0
122918 0.00 0.00 0.00 0
122919 0.00 0.00 0.00 0
122920 0.00 0.00 0.00 0
122921 0.00 0.00 0.00 0
122922 0.00 0.00 0.00 0
122923 0.00 0.00 0.00 0
122924 0.00 0.00 0.00 0
122925 0.00 0.00 0.00 0
122926 0.00 0.00 0.00 0
122927 0.00 0.00 0.00 0
122928 0.00 0.00 0.00 0
122935 0.00 0.00 0.00 0
122936 0.00 0.00 0.00 0
122937 0.00 0.00 0.00 0
122938 0.00 0.00 0.00 0
122939 0.00 0.00 0.00 0
122940 0.00 0.00 0.00 0
122941 0.00 0.00 0.00 0
122942 0.00 0.00 0.00 0
122943 0.00 0.00 0.00 0
122944 0.00 0.00 0.00 0
122945 0.00 0.00 0.00 0
122949 0.00 0.00 0.00 0
122950 0.00 0.00 0.00 0
122951 0.00 0.00 0.00 0
122952 0.00 0.00 0.00 0
122953 0.00 0.00 0.00 0
122954 0.00 0.00 0.00 0
122955 0.00 0.00 0.00 0
122956 0.00 0.00 0.00 0
122957 0.00 0.00 0.00 0
122958 0.00 0.00 0.00 0
122959 0.00 0.00 0.00 0
122963 0.00 0.00 0.00 0
122964 0.00 0.00 0.00 0
122965 0.00 0.00 0.00 0
122966 0.00 0.00 0.00 0
122967 0.00 0.00 0.00 0
122968 0.00 0.00 0.00 0
122969 0.00 0.00 0.00 0
122970 0.00 0.00 0.00 0
122971 0.00 0.00 0.00 0
122972 0.00 0.00 0.00 0
122977 0.00 0.00 0.00 0
122978 0.00 0.00 0.00 0
122979 0.00 0.00 0.00 0
122980 0.00 0.00 0.00 0
122981 0.00 0.00 0.00 0
122982 0.00 0.00 0.00 0
122986 0.00 0.00 0.00 0
122987 0.00 0.00 0.00 0
122988 0.00 0.00 0.00 0
122992 0.00 0.00 0.00 0
122993 0.00 0.00 0.00 0
122994 0.00 0.00 0.00 0
122995 0.00 0.00 0.00 0
122996 0.00 0.00 0.00 0
123000 0.00 0.00 0.00 0
123001 0.00 0.00 0.00 0
123002 0.00 0.00 0.00 0
123003 0.00 0.00 0.00 0
123004 0.00 0.00 0.00 0
123005 0.00 0.00 0.00 0
123006 0.00 0.00 0.00 0
123011 0.00 0.00 0.00 0
123012 0.00 0.00 0.00 0
123013 0.00 0.00 0.00 0
123014 0.00 0.00 0.00 0
123015 0.00 0.00 0.00 0
123821 0.00 0.00 0.00 0
123822 0.00 0.00 0.00 0
123823 0.00 0.00 0.00 0
123824 0.00 0.00 0.00 0
123825 0.00 0.00 0.00 0
123830 0.00 0.00 0.00 0
123831 0.00 0.00 0.00 0
123832 0.00 0.00 0.00 0
123833 0.00 0.00 0.00 0
123834 0.00 0.00 0.00 0
123835 0.00 0.00 0.00 0
123836 0.00 0.00 0.00 0
123837 0.00 0.00 0.00 0
123842 0.00 0.00 0.00 0
123843 0.00 0.00 0.00 0
123844 0.00 0.00 0.00 0
123845 0.00 0.00 0.00 0
123846 0.00 0.00 0.00 0
123847 0.00 0.00 0.00 0
123848 0.00 0.00 0.00 0
123849 0.00 0.00 0.00 0
123850 0.00 0.00 0.00 0
123851 0.00 0.00 0.00 0
123852 0.00 0.00 0.00 0
123853 0.00 0.00 0.00 0
123854 0.00 0.00 0.00 0
123855 0.00 0.00 0.00 0
123859 0.00 0.00 0.00 0
123860 0.00 0.00 0.00 0
123861 0.00 0.00 0.00 0
123862 0.00 0.00 0.00 0
123863 0.00 0.00 0.00 0
123864 0.00 0.00 0.00 0
123865 0.00 0.00 0.00 0
123866 0.00 0.00 0.00 0
123867 0.00 0.00 0.00 0
123869 0.00 0.00 0.00 0
123870 0.00 0.00 0.00 0
123871 0.00 0.00 0.00 0
123872 0.00 0.00 0.00 0
123874 0.00 0.00 0.00 0
123875 0.00 0.00 0.00 0
123876 0.00 0.00 0.00 0
123878 0.00 0.00 0.00 0
123879 0.00 0.00 0.00 0
123881 0.00 0.00 0.00 0
123885 0.00 0.00 0.00 0
123886 0.00 0.00 0.00 0
123887 0.00 0.00 0.00 0
123888 0.00 0.00 0.00 0
123889 0.00 0.00 0.00 0
123896 0.00 0.00 0.00 0
123897 0.00 0.00 0.00 0
123898 0.00 0.00 0.00 0
123899 0.00 0.00 0.00 0
123900 0.00 0.00 0.00 0
123901 0.00 0.00 0.00 0
123905 0.00 0.00 0.00 0
123906 0.00 0.00 0.00 0
123907 0.00 0.00 0.00 0
123908 0.00 0.00 0.00 0
123909 0.00 0.00 0.00 0
123910 0.00 0.00 0.00 0
123911 0.00 0.00 0.00 0
123914 0.00 0.00 0.00 0
123915 0.00 0.00 0.00 0
123916 0.00 0.00 0.00 0
123917 0.00 0.00 0.00 0
123918 0.00 0.00 0.00 0
123923 0.00 0.00 0.00 0
123924 0.00 0.00 0.00 0
123925 0.00 0.00 0.00 0
123926 0.00 0.00 0.00 0
123927 0.00 0.00 0.00 0
123934 0.00 0.00 0.00 0
123935 0.00 0.00 0.00 0
123936 0.00 0.00 0.00 0
123937 0.00 0.00 0.00 0
123943 0.00 0.00 0.00 0
123944 0.00 0.00 0.00 0
123945 0.00 0.00 0.00 0
123953 0.00 0.00 0.00 0
123954 0.00 0.00 0.00 0
123955 0.00 0.00 0.00 0
123956 0.00 0.00 0.00 0
123960 0.00 0.00 0.00 0
123961 0.00 0.00 0.00 0
123962 0.00 0.00 0.00 0
123967 0.00 0.00 0.00 0
123968 0.00 0.00 0.00 0
123969 0.00 0.00 0.00 0
123970 0.00 0.00 0.00 0
123971 0.00 0.00 0.00 0
123972 0.00 0.00 0.00 0
123973 0.00 0.00 0.00 0
123978 0.00 0.00 0.00 0
123979 0.00 0.00 0.00 0
123980 0.00 0.00 0.00 0
123981 0.00 0.00 0.00 0
123982 0.00 0.00 0.00 0
123983 0.00 0.00 0.00 0
123984 0.00 0.00 0.00 0
123985 0.00 0.00 0.00 0
123986 0.00 0.00 0.00 0
123987 0.00 0.00 0.00 0
123992 0.00 0.00 0.00 0
123993 0.00 0.00 0.00 0
123994 0.00 0.00 0.00 0
123995 0.00 0.00 0.00 0
123996 0.00 0.00 0.00 0
123997 0.00 0.00 0.00 0
123998 0.00 0.00 0.00 0
123999 0.00 0.00 0.00 0
124000 0.00 0.00 0.00 0
124005 0.00 0.00 0.00 0
124006 0.00 0.00 0.00 0
124007 0.00 0.00 0.00 0
124008 0.00 0.00 0.00 0
124009 0.00 0.00 0.00 0
124010 0.00 0.00 0.00 0
124011 0.00 0.00 0.00 0
124012 0.00 0.00 0.00 0
124016 0.00 0.00 0.00 0
124017 0.00 0.00 0.00 0
124018 0.00 0.00 0.00 0
124019 0.00 0.00 0.00 0
124020 0.00 0.00 0.00 0
124021 0.00 0.00 0.00 0
124026 0.00 0.00 0.00 0
124027 0.00 0.00 0.00 0
124028 0.00 0.00 0.00 0
124029 0.00 0.00 0.00 0
124030 0.00 0.00 0.00 0
124031 0.00 0.00 0.00 0
124781 0.00 0.00 0.00 0
124782 0.00 0.00 0.00 0
124783 0.00 0.00 0.00 0
124789 0.00 0.00 0.00 0
124790 0.00 0.00 0.00 0
124791 0.00 0.00 0.00 0
124792 0.00 0.00 0.00 0
124793 0.00 0.00 0.00 0
124794 0.00 0.00 0.00 0
124799 0.00 0.00 0.00 0
124800 0.00 0.00 0.00 0
124801 0.00 0.00 0.00 0
124802 0.00 0.00 0.00 0
124803 0.00 0.00 0.00 0
124804 0.00 0.00 0.00 0
124805 0.00 0.00 0.00 0
124806 0.00 0.00 0.00 0
124812 0.00 0.00 0.00 0
124813 0.00 0.00 0.00 0
124814 0.00 0.00 0.00 0
124815 0.00 0.00 0.00 0
124816 0.00 0.00 0.00 0
124817 0.00 0.00 0.00 0
124818 0.00 0.00 0.00 0
124819 0.00 0.00 0.00 0
124820 0.00 0.00 0.00 0
124821 0.00 0.00 0.00 0
124822 0.00 0.00 0.00 0
124823 0.00 0.00 0.00 0
124824 0.00 0.00 0.00 0
124825 0.00 0.00 0.00 0
124826 0.00 0.00 0.00 0
124831 0.00 0.00 0.00 0
124832 0.00 0.00 0.00 0
124833 0.00 0.00 0.00 0
124834 0.00 0.00 0.00 0
124835 0.00 0.00 0.00 0
124836 0.00 0.00 0.00 0
124838 0.00 0.00 0.00 0
124839 0.00 0.00 0.00 0
124840 0.00 0.00 0.00 0
124841 0.00 0.00 0.00 0
124843 0.00 0.00 0.00 0
124844 0.00 0.00 0.00 0
124845 0.00 0.00 0.00 0
124846 0.00 0.00 0.00 0
124848 0.00 0.00 0.00 0
124849 0.00 0.00 0.00 0
124853 0.00 0.00 0.00 0
124859 0.00 0.00 0.00 0
124860 0.00 0.00 0.00 0
124861 0.00 0.00 0.00 0
124862 0.00 0.00 0.00 0
124868 0.00 0.00 0.00 0
124869 0.00 0.00 0.00 0
124870 0.00 0.00 0.00 0
124871 0.00 0.00 0.00 0
124876 0.00 0.00 0.00 0
124877 0.00 0.00 0.00 0
124878 0.00 0.00 0.00 0
124879 0.00 0.00 0.00 0
124882 0.00 0.00 0.00 0
124883 0.00 0.00 0.00 0
124884 0.00 0.00 0.00 0
124888 0.00 0.00 0.00 0
124889 0.00 0.00 0.00 0
124890 0.00 0.00 0.00 0
124896 0.00 0.00 0.00 0
124897 0.00 0.00 0.00 0
124898 0.00 0.00 0.00 0
124899 0.00 0.00 0.00 0
124905 0.00 0.00 0.00 0
124906 0.00 0.00 0.00 0
124907 0.00 0.00 0.00 0
124908 0.00 0.00 0.00 0
124913 0.00 0.00 0.00 0
124914 0.00 0.00 0.00 0
124915 0.00 0.00 0.00 0
124919 0.00 0.00 0.00 0
124920 0.00 0.00 0.00 0
124925 0.00 0.00 0.00 0
124926 0.00 0.00 0.00 0
124927 0.00 0.00 0.00 0
124932 0.00 0.00 0.00 0
124933 0.00 0.00 0.00 0
124934 0.00 0.00 0.00 0
124939 0.00 0.00 0.00 0
124940 0.00 0.00 0.00 0
124941 0.00 0.00 0.00 0
124942 0.00 0.00 0.00 0
124943 0.00 0.00 0.00 0
124948 0.00 0.00 0.00 0
124949 0.00 0.00 0.00 0
124950 0.00 0.00 0.00 0
124951 0.00 0.00 0.00 0
124952 0.00 0.00 0.00 0
124953 0.00 0.00 0.00 0
124954 0.00 0.00 0.00 0
124955 0.00 0.00 0.00 0
124962 0.00 0.00 0.00 0
124963 0.00 0.00 0.00 0
124964 0.00 0.00 0.00 0
124965 0.00 0.00 0.00 0
124966 0.00 0.00 0.00 0
124967 0.00 0.00 0.00 0
124968 0.00 0.00 0.00 0
124973 0.00 0.00 0.00 0
124974 0.00 0.00 0.00 0
124975 0.00 0.00 0.00 0
124976 0.00 0.00 0.00 0
124977 0.00 0.00 0.00 0
125688 0.00 0.00 0.00 0
125689 0.00 0.00 0.00 0
125690 0.00 0.00 0.00 0
125691 0.00 0.00 0.00 0
125692 0.00 0.00 0.00 0
125698 0.00 0.00 0.00 0
125699 0.00 0.00 0.00 0
125700 0.00 0.00 0.00 0
125701 0.00 0.00 0.00 0
125702 0.00 0.00 0.00 0
125703 0.00 0.00 0.00 0
125704 0.00 0.00 0.00 0
125705 0.00 0.00 0.00 0
125706 0.00 0.00 0.00 0
125707 0.00 0.00 0.00 0
125708 0.00 0.00 0.00 0
125709 0.00 0.00 0.00 0
125712 0.00 0.00 0.00 0
125713 0.00 0.00 0.00 0
125714 0.00 0.00 0.00 0
125715 0.00 0.00 0.00 0
125716 0.00 0.00 0.00 0
125717 0.00 0.00 0.00 0
125718 0.00 0.00 0.00 0
125719 0.00 0.00 0.00 0
125720 0.00 0.00 0.00 0
125721 0.00 0.00 0.00 0
125722 0.00 0.00 0.00 0
125723 0.00 0.00 0.00 0
125724 0.00 0.00 0.00 0
125725 0.00 0.00 0.00 0
125726 0.00 0.00 0.00 0
125727 0.00 0.00 0.00 0
125732 0.00 0.00 0.00 0
125733 0.00 0.00 0.00 0
125734 0.00 0.00 0.00 0
125735 0.00 0.00 0.00 0
125736 0.00 0.00 0.00 0
125737 0.00 0.00 0.00 0
125738 0.00 0.00 0.00 0
125739 0.00 0.00 0.00 0
125740 0.00 0.00 0.00 0
125741 0.00 0.00 0.00 0
125742 0.00 0.00 0.00 0
125743 0.00 0.00 0.00 0
125744 0.00 0.00 0.00 0
125745 0.00 0.00 0.00 0
125746 0.00 0.00 0.00 0
125751 0.00 0.00 0.00 0
125752 0.00 0.00 0.00 0
125753 0.00 0.00 0.00 0
125754 0.00 0.00 0.00 0
125757 0.00 0.00 0.00 0
125758 0.00 0.00 0.00 0
125759 0.00 0.00 0.00 0
125762 0.00 0.00 0.00 0
125763 0.00 0.00 0.00 0
125764 0.00 0.00 0.00 0
125765 0.00 0.00 0.00 0
125768 0.00 0.00 0.00 0
125769 0.00 0.00 0.00 0
125770 0.00 0.00 0.00 0
125777 0.00 0.00 0.00 0
125778 0.00 0.00 0.00 0
125785 0.00 0.00 0.00 0
125786 0.00 0.00 0.00 0
125787 0.00 0.00 0.00 0
125788 0.00 0.00 0.00 0
125789 0.00 0.00 0.00 0
125793 0.00 0.00 0.00 0
125794 0.00 0.00 0.00 0
125795 0.00 0.00 0.00 0
125796 0.00 0.00 0.00 0
125801 0.00 0.00 0.00 0
125802 0.00 0.00 0.00 0
125803 0.00 0.00 0.00 0
125804 0.00 0.00 0.00 0
125808 0.00 0.00 0.00 0
125809 0.00 0.00 0.00 0
125810 0.00 0.00 0.00 0
125811 0.00 0.00 0.00 0
125816 0.00 0.00 0.00 0
125817 0.00 0.00 0.00 0
125818 0.00 0.00 0.00 0
125819 0.00 0.00 0.00 0
125825 0.00 0.00 0.00 0
125826 0.00 0.00 0.00 0
125827 0.00 0.00 0.00 0
125828 0.00 0.00 0.00 0
125835 0.00 0.00 0.00 0
125836 0.00 0.00 0.00 0
125837 0.00 0.00 0.00 0
125842 0.00 0.00 0.00 0
125843 0.00 0.00 0.00 0
125847 0.00 0.00 0.00 0
125848 0.00 0.00 0.00 0
125849 0.00 0.00 0.00 0
125854 0.00 0.00 0.00 0
125855 0.00 0.00 0.00 0
125856 0.00 0.00 0.00 0
125862 0.00 0.00 0.00 0
125863 0.00 0.00 0.00 0
125864 0.00 0.00 0.00 0
125869 0.00 0.00 0.00 0
125870 0.00 0.00 0.00 0
125871 0.00 0.00 0.00 0
125872 0.00 0.00 0.00 0
125878 0.00 0.00 0.00 0
125879 0.00 0.00 0.00 0
125880 0.00 0.00 0.00 0
125881 0.00 0.00 0.00 0
125888 0.00 0.00 0.00 0
125889 0.00 0.00 0.00 0
125890 0.00 0.00 0.00 0
125891 0.00 0.00 0.00 0
125892 0.00 0.00 0.00 0
125897 0.00 0.00 0.00 0
125898 0.00 0.00 0.00 0
125899 0.00 0.00 0.00 0
125900 0.00 0.00 0.00 0
126581 0.00 0.00 0.00 0
126582 0.00 0.00 0.00 0
126594 0.00 0.00 0.00 0
126595 0.00 0.00 0.00 0
126596 0.00 0.00 0.00 0
126597 0.00 0.00 0.00 0
126598 0.00 0.00 0.00 0
126599 0.00 0.00 0.00 0
126603 0.00 0.00 0.00 0
126604 0.00 0.00 0.00 0
126605 0.00 0.00 0.00 0
126606 0.00 0.00 0.00 0
126607 0.00 0.00 0.00 0
126608 0.00 0.00 0.00 0
126609 0.00 0.00 0.00 0
126610 0.00 0.00 0.00 0
126611 0.00 0.00 0.00 0
126612 0.00 0.00 0.00 0
126619 0.00 0.00 0.00 0
126620 0.00 0.00 0.00 0
126621 0.00 0.00 0.00 0
126622 0.00 0.00 0.00 0
126623 0.00 0.00 0.00 0
126624 0.00 0.00 0.00 0
126625 0.00 0.00 0.00 0
126626 0.00 0.00 0.00 0
126627 0.00 0.00 0.00 0
126628 0.00 0.00 0.00 0
126629 0.00 0.00 0.00 0
126630 0.00 0.00 0.00 0
126631 0.00 0.00 0.00 0
126632 0.00 0.00 0.00 0
126633 0.00 0.00 0.00 0
126634 0.00 0.00 0.00 0
126639 0.00 0.00 0.00 0
126640 0.00 0.00 0.00 0
126641 0.00 0.00 0.00 0
126642 0.00 0.00 0.00 0
126643 0.00 0.00 0.00 0
126644 0.00 0.00 0.00 0
126645 0.00 0.00 0.00 0
126646 0.00 0.00 0.00 0
126647 0.00 0.00 0.00 0
126648 0.00 0.00 0.00 0
126649 0.00 0.00 0.00 0
126650 0.00 0.00 0.00 0
126651 0.00 0.00 0.00 0
126652 0.00 0.00 0.00 0
126653 0.00 0.00 0.00 0
126654 0.00 0.00 0.00 0
126657 0.00 0.00 0.00 0
126658 0.00 0.00 0.00 0
126659 0.00 0.00 0.00 0
126660 0.00 0.00 0.00 0
126661 0.00 0.00 0.00 0
126662 0.00 0.00 0.00 0
126663 0.00 0.00 0.00 0
126664 0.00 0.00 0.00 0
126669 0.00 0.00 0.00 0
126670 0.00 0.00 0.00 0
126671 0.00 0.00 0.00 0
126672 0.00 0.00 0.00 0
126673 0.00 0.00 0.00 0
126678 0.00 0.00 0.00 0
126679 0.00 0.00 0.00 0
126680 0.00 0.00 0.00 0
126681 0.00 0.00 0.00 0
126682 0.00 0.00 0.00 0
126683 0.00 0.00 0.00 0
126684 0.00 0.00 0.00 0
126685 0.00 0.00 0.00 0
126687 0.00 0.00 0.00 0
126688 0.00 0.00 0.00 0
126689 0.00 0.00 0.00 0
126690 0.00 0.00 0.00 0
126691 0.00 0.00 0.00 0
126692 0.00 0.00 0.00 0
126693 0.00 0.00 0.00 0
126694 0.00 0.00 0.00 0
126696 0.00 0.00 0.00 0
126697 0.00 0.00 0.00 0
126698 0.00 0.00 0.00 0
126699 0.00 0.00 0.00 0
126700 0.00 0.00 0.00 0
126702 0.00 0.00 0.00 0
126703 0.00 0.00 0.00 0
126704 0.00 0.00 0.00 0
126705 0.00 0.00 0.00 0
126710 0.00 0.00 0.00 0
126711 0.00 0.00 0.00 0
126712 0.00 0.00 0.00 0
126716 0.00 0.00 0.00 0
126717 0.00 0.00 0.00 0
126718 0.00 0.00 0.00 0
126719 0.00 0.00 0.00 0
126720 0.00 0.00 0.00 0
126723 0.00 0.00 0.00 0
126724 0.00 0.00 0.00 0
126725 0.00 0.00 0.00 0
126726 0.00 0.00 0.00 0
126730 0.00 0.00 0.00 0
126731 0.00 0.00 0.00 0
126732 0.00 0.00 0.00 0
126733 0.00 0.00 0.00 0
126734 0.00 0.00 0.00 0
126739 0.00 0.00 0.00 0
126740 0.00 0.00 0.00 0
126741 0.00 0.00 0.00 0
126742 0.00 0.00 0.00 0
126743 0.00 0.00 0.00 0
126747 0.00 0.00 0.00 0
126748 0.00 0.00 0.00 0
126749 0.00 0.00 0.00 0
126750 0.00 0.00 0.00 0
126751 0.00 0.00 0.00 0
126755 0.00 0.00 0.00 0
126756 0.00 0.00 0.00 0
126757 0.00 0.00 0.00 0
126758 0.00 0.00 0.00 0
126759 0.00 0.00 0.00 0
126766 0.00 0.00 0.00 0
126767 0.00 0.00 0.00 0
126768 0.00 0.00 0.00 0
126769 0.00 0.00 0.00 0
126770 0.00 0.00 0.00 0
126771 0.00 0.00 0.00 0
126775 0.00 0.00 0.00 0
126776 0.00 0.00 0.00 0
126777 0.00 0.00 0.00 0
126778 0.00 0.00 0.00 0
126782 0.00 0.00 0.00 0
126783 0.00 0.00 0.00 0
126784 0.00 0.00 0.00 0
126785 0.00 0.00 0.00 0
126791 0.00 0.00 0.00 0
126792 0.00 0.00 0.00 0
126798 0.00 0.00 0.00 0
126799 0.00 0.00 0.00 0
126800 0.00 0.00 0.00 0
126806 0.00 0.00 0.00 0
126807 0.00 0.00 0.00 0
127501 0.00 0.00 0.00 0
127502 0.00 0.00 0.00 0
127503 0.00 0.00 0.00 0
127504 0.00 0.00 0.00 0
127516 0.00 0.00 0.00 0
127517 0.00 0.00 0.00 0
127518 0.00 0.00 0.00 0
127519 0.00 0.00 0.00 0
127520 0.00 0.00 0.00 0
127521 0.00 0.00 0.00 0
127522 0.00 0.00 0.00 0
127530 0.00 0.00 0.00 0
127531 0.00 0.00 0.00 0
127532 0.00 0.00 0.00 0
127533 0.00 0.00 0.00 0
127534 0.00 0.00 0.00 0
127535 0.00 0.00 0.00 0
127536 0.00 0.00 0.00 0
127537 0.00 0.00 0.00 0
127543 0.00 0.00 0.00 0
127544 0.00 0.00 0.00 0
127545 0.00 0.00 0.00 0
127546 0.00 0.00 0.00 0
127547 0.00 0.00 0.00 0
127548 0.00 0.00 0.00 0
127549 0.00 0.00 0.00 0
127555 0.00 0.00 0.00 0
127556 0.00 0.00 0.00 0
127557 0.00 0.00 0.00 0
127558 0.00 0.00 0.00 0
127559 0.00 0.00 0.00 0
127560 0.00 0.00 0.00 0
127561 0.00 0.00 0.00 0
127562 0.00 0.00 0.00 0
127563 0.00 0.00 0.00 0
127566 0.00 0.00 0.00 0
127570 0.00 0.00 0.00 0
127571 0.00 0.00 0.00 0
127577 0.00 0.00 0.00 0
127578 0.00 0.00 0.00 0
127579 0.00 0.00 0.00 0
127580 0.00 0.00 0.00 0
127582 0.00 0.00 0.00 0
127583 0.00 0.00 0.00 0
127584 0.00 0.00 0.00 0
127585 0.00 0.00 0.00 0
127586 0.00 0.00 0.00 0
127587 0.00 0.00 0.00 0
127588 0.00 0.00 0.00 0
127590 0.00 0.00 0.00 0
127591 0.00 0.00 0.00 0
127592 0.00 0.00 0.00 0
127593 0.00 0.00 0.00 0
127594 0.00 0.00 0.00 0
127595 0.00 0.00 0.00 0
127596 0.00 0.00 0.00 0
127597 0.00 0.00 0.00 0
127598 0.00 0.00 0.00 0
127600 0.00 0.00 0.00 0
127601 0.00 0.00 0.00 0
127602 0.00 0.00 0.00 0
127603 0.00 0.00 0.00 0
127604 0.00 0.00 0.00 0
127605 0.00 0.00 0.00 0
127606 0.00 0.00 0.00 0
127607 0.00 0.00 0.00 0
127608 0.00 0.00 0.00 0
127613 0.00 0.00 0.00 0
127614 0.00 0.00 0.00 0
127615 0.00 0.00 0.00 0
127616 0.00 0.00 0.00 0
127617 0.00 0.00 0.00 0
127618 0.00 0.00 0.00 0
127619 0.00 0.00 0.00 0
127620 0.00 0.00 0.00 0
127624 0.00 0.00 0.00 0
127625 0.00 0.00 0.00 0
127626 0.00 0.00 0.00 0
127627 0.00 0.00 0.00 0
127628 0.00 0.00 0.00 0
127629 0.00 0.00 0.00 0
127630 0.00 0.00 0.00 0
127631 0.00 0.00 0.00 0
127634 0.00 0.00 0.00 0
127635 0.00 0.00 0.00 0
127636 0.00 0.00 0.00 0
127637 0.00 0.00 0.00 0
127638 0.00 0.00 0.00 0
127639 0.00 0.00 0.00 0
127640 0.00 0.00 0.00 0
127644 0.00 0.00 0.00 0
127645 0.00 0.00 0.00 0
127646 0.00 0.00 0.00 0
127647 0.00 0.00 0.00 0
127648 0.00 0.00 0.00 0
127649 0.00 0.00 0.00 0
127650 0.00 0.00 0.00 0
127651 0.00 0.00 0.00 0
127655 0.00 0.00 0.00 0
127656 0.00 0.00 0.00 0
127657 0.00 0.00 0.00 0
127658 0.00 0.00 0.00 0
127659 0.00 0.00 0.00 0
127660 0.00 0.00 0.00 0
127661 0.00 0.00 0.00 0
127665 0.00 0.00 0.00 0
127666 0.00 0.00 0.00 0
127667 0.00 0.00 0.00 0
127668 0.00 0.00 0.00 0
127669 0.00 0.00 0.00 0
127670 0.00 0.00 0.00 0
127674 0.00 0.00 0.00 0
127675 0.00 0.00 0.00 0
127676 0.00 0.00 0.00 0
127677 0.00 0.00 0.00 0
127678 0.00 0.00 0.00 0
127679 0.00 0.00 0.00 0
127686 0.00 0.00 0.00 0
127687 0.00 0.00 0.00 0
127688 0.00 0.00 0.00 0
127689 0.00 0.00 0.00 0
127690 0.00 0.00 0.00 0
127691 0.00 0.00 0.00 0
127692 0.00 0.00 0.00 0
127698 0.00 0.00 0.00 0
127699 0.00 0.00 0.00 0
127700 0.00 0.00 0.00 0
127701 0.00 0.00 0.00 0
127702 0.00 0.00 0.00 0
127703 0.00 0.00 0.00 0
127704 0.00 0.00 0.00 0
127709 0.00 0.00 0.00 0
127710 0.00 0.00 0.00 0
127711 0.00 0.00 0.00 0
127712 0.00 0.00 0.00 0
127713 0.00 0.00 0.00 0
127714 0.00 0.00 0.00 0
127715 0.00 0.00 0.00 0
127716 0.00 0.00 0.00 0
127723 0.00 0.00 0.00 0
127724 0.00 0.00 0.00 0
127725 0.00 0.00 0.00 0
127726 0.00 0.00 0.00 0
127727 0.00 0.00 0.00 0
127733 0.00 0.00 0.00 0
127734 0.00 0.00 0.00 0
127735 0.00 0.00 0.00 0
128398 0.00 0.00 0.00 0
128399 0.00 0.00 0.00 0
128400 0.00 0.00 0.00 0
128401 0.00 0.00 0.00 0
128412 0.00 0.00 0.00 0
128413 0.00 0.00 0.00 0
128414 0.00 0.00 0.00 0
128415 0.00 0.00 0.00 0
128416 0.00 0.00 0.00 0
128417 0.00 0.00 0.00 0
128418 0.00 0.00 0.00 0
128429 0.00 0.00 0.00 0
128430 0.00 0.00 0.00 0
128431 0.00 0.00 0.00 0
128432 0.00 0.00 0.00 0
128433 0.00 0.00 0.00 0
128434 0.00 0.00 0.00 0
128435 0.00 0.00 0.00 0
128439 0.00 0.00 0.00 0
128440 0.00 0.00 0.00 0
128441 0.00 0.00 0.00 0
128442 0.00 0.00 0.00 0
128443 0.00 0.00 0.00 0
128450 0.00 0.00 0.00 0
128451 0.00 0.00 0.00 0
128452 0.00 0.00 0.00 0
128453 0.00 0.00 0.00 0
128454 0.00 0.00 0.00 0
128455 0.00 0.00 0.00 0
128456 0.00 0.00 0.00 0
128457 0.00 0.00 0.00 0
128458 0.00 0.00 0.00 0
128462 0.00 0.00 0.00 0
128463 0.00 0.00 0.00 0
128464 0.00 0.00 0.00 0
128465 0.00 0.00 0.00 0
128466 0.00 0.00 0.00 0
128467 0.00 0.00 0.00 0
128470 0.00 0.00 0.00 0
128471 0.00 0.00 0.00 0
128477 0.00 0.00 0.00 0
128478 0.00 0.00 0.00 0
128480 0.00 0.00 0.00 0
128482 0.00 0.00 0.00 0
128483 0.00 0.00 0.00 0
128484 0.00 0.00 0.00 0
128485 0.00 0.00 0.00 0
128486 0.00 0.00 0.00 0
128492 0.00 0.00 0.00 0
128493 0.00 0.00 0.00 0
128494 0.00 0.00 0.00 0
128495 0.00 0.00 0.00 0
128496 0.00 0.00 0.00 0
128497 0.00 0.00 0.00 0
128498 0.00 0.00 0.00 0
128499 0.00 0.00 0.00 0
128506 0.00 0.00 0.00 0
128507 0.00 0.00 0.00 0
128508 0.00 0.00 0.00 0
128509 0.00 0.00 0.00 0
128510 0.00 0.00 0.00 0
128511 0.00 0.00 0.00 0
128512 0.00 0.00 0.00 0
128513 0.00 0.00 0.00 0
128514 0.00 0.00 0.00 0
128515 0.00 0.00 0.00 0
128516 0.00 0.00 0.00 0
128520 0.00 0.00 0.00 0
128521 0.00 0.00 0.00 0
128522 0.00 0.00 0.00 0
128523 0.00 0.00 0.00 0
128524 0.00 0.00 0.00 0
128525 0.00 0.00 0.00 0
128526 0.00 0.00 0.00 0
128527 0.00 0.00 0.00 0
128528 0.00 0.00 0.00 0
128529 0.00 0.00 0.00 0
128530 0.00 0.00 0.00 0
128531 0.00 0.00 0.00 0
128532 0.00 0.00 0.00 0
128533 0.00 0.00 0.00 0
128534 0.00 0.00 0.00 0
128537 0.00 0.00 0.00 0
128538 0.00 0.00 0.00 0
128539 0.00 0.00 0.00 0
128540 0.00 0.00 0.00 0
128541 0.00 0.00 0.00 0
128542 0.00 0.00 0.00 0
128543 0.00 0.00 0.00 0
128544 0.00 0.00 0.00 0
128545 0.00 0.00 0.00 0
128546 0.00 0.00 0.00 0
128547 0.00 0.00 0.00 0
128548 0.00 0.00 0.00 0
128549 0.00 0.00 0.00 0
128550 0.00 0.00 0.00 0
128551 0.00 0.00 0.00 0
128555 0.00 0.00 0.00 0
128556 0.00 0.00 0.00 0
128557 0.00 0.00 0.00 0
128558 0.00 0.00 0.00 0
128559 0.00 0.00 0.00 0
128560 0.00 0.00 0.00 0
128561 0.00 0.00 0.00 0
128562 0.00 0.00 0.00 0
128563 0.00 0.00 0.00 0
128564 0.00 0.00 0.00 0
128565 0.00 0.00 0.00 0
128566 0.00 0.00 0.00 0
128567 0.00 0.00 0.00 0
128568 0.00 0.00 0.00 0
128569 0.00 0.00 0.00 0
128572 0.00 0.00 0.00 0
128573 0.00 0.00 0.00 0
128574 0.00 0.00 0.00 0
128575 0.00 0.00 0.00 0
128576 0.00 0.00 0.00 0
128577 0.00 0.00 0.00 0
128578 0.00 0.00 0.00 0
128579 0.00 0.00 0.00 0
128580 0.00 0.00 0.00 0
128581 0.00 0.00 0.00 0
128582 0.00 0.00 0.00 0
128583 0.00 0.00 0.00 0
128584 0.00 0.00 0.00 0
128585 0.00 0.00 0.00 0
128589 0.00 0.00 0.00 0
128590 0.00 0.00 0.00 0
128591 0.00 0.00 0.00 0
128592 0.00 0.00 0.00 0
128593 0.00 0.00 0.00 0
128594 0.00 0.00 0.00 0
128595 0.00 0.00 0.00 0
128596 0.00 0.00 0.00 0
128597 0.00 0.00 0.00 0
128598 0.00 0.00 0.00 0
128599 0.00 0.00 0.00 0
128600 0.00 0.00 0.00 0
128601 0.00 0.00 0.00 0
128602 0.00 0.00 0.00 0
128606 0.00 0.00 0.00 0
128607 0.00 0.00 0.00 0
128608 0.00 0.00 0.00 0
128609 0.00 0.00 0.00 0
128610 0.00 0.00 0.00 0
128611 0.00 0.00 0.00 0
128612 0.00 0.00 0.00 0
128613 0.00 0.00 0.00 0
128614 0.00 0.00 0.00 0
128615 0.00 0.00 0.00 0
128616 0.00 0.00 0.00 0
128617 0.00 0.00 0.00 0
128618 0.00 0.00 0.00 0
128619 0.00 0.00 0.00 0
128620 0.00 0.00 0.00 0
128627 0.00 0.00 0.00 0
128628 0.00 0.00 0.00 0
128629 0.00 0.00 0.00 0
128630 0.00 0.00 0.00 0
128631 0.00 0.00 0.00 0
128632 0.00 0.00 0.00 0
128633 0.00 0.00 0.00 0
128634 0.00 0.00 0.00 0
128635 0.00 0.00 0.00 0
128636 0.00 0.00 0.00 0
128637 0.00 0.00 0.00 0
128638 0.00 0.00 0.00 0
128639 0.00 0.00 0.00 0
128640 0.00 0.00 0.00 0
128641 0.00 0.00 0.00 0
128642 0.00 0.00 0.00 0
128648 0.00 0.00 0.00 0
128649 0.00 0.00 0.00 0
128650 0.00 0.00 0.00 0
128651 0.00 0.00 0.00 0
128652 0.00 0.00 0.00 0
128653 0.00 0.00 0.00 0
128654 0.00 0.00 0.00 0
128655 0.00 0.00 0.00 0
128656 0.00 0.00 0.00 0
128657 0.00 0.00 0.00 0
128658 0.00 0.00 0.00 0
128659 0.00 0.00 0.00 0
128660 0.00 0.00 0.00 0
128666 0.00 0.00 0.00 0
128667 0.00 0.00 0.00 0
128668 0.00 0.00 0.00 0
128669 0.00 0.00 0.00 0
128670 0.00 0.00 0.00 0
128671 0.00 0.00 0.00 0
128672 0.00 0.00 0.00 0
128673 0.00 0.00 0.00 0
128674 0.00 0.00 0.00 0
128675 0.00 0.00 0.00 0
128676 0.00 0.00 0.00 0
128685 0.00 0.00 0.00 0
128686 0.00 0.00 0.00 0
128687 0.00 0.00 0.00 0
128688 0.00 0.00 0.00 0
128689 0.00 0.00 0.00 0
128690 0.00 0.00 0.00 0
128699 0.00 0.00 0.00 0
128700 0.00 0.00 0.00 0
128701 0.00 0.00 0.00 0
129336 0.00 0.00 0.00 0
129337 0.00 0.00 0.00 0
129338 0.00 0.00 0.00 0
129339 0.00 0.00 0.00 0
129340 0.00 0.00 0.00 0
129353 0.00 0.00 0.00 0
129354 0.00 0.00 0.00 0
129355 0.00 0.00 0.00 0
129356 0.00 0.00 0.00 0
129357 0.00 0.00 0.00 0
129358 0.00 0.00 0.00 0
129359 0.00 0.00 0.00 0
129360 0.00 0.00 0.00 0
129370 0.00 0.00 0.00 0
129371 0.00 0.00 0.00 0
129372 0.00 0.00 0.00 0
129373 0.00 0.00 0.00 0
129374 0.00 0.00 0.00 0
129375 0.00 0.00 0.00 0
129376 0.00 0.00 0.00 0
129377 0.00 0.00 0.00 0
129378 0.00 0.00 0.00 0
129379 0.00 0.00 0.00 0
129380 0.00 0.00 0.00 0
129387 0.00 0.00 0.00 0
129388 0.00 0.00 0.00 0
129389 0.00 0.00 0.00 0
129390 0.00 0.00 0.00 0
129391 0.00 0.00 0.00 0
129392 0.00 0.00 0.00 0
129393 0.00 0.00 0.00 0
129394 0.00 0.00 0.00 0
129395 0.00 0.00 0.00 0
129396 0.00 0.00 0.00 0
129397 0.00 0.00 0.00 0
129398 0.00 0.00 0.00 0
129399 0.00 0.00 0.00 0
129404 0.00 0.00 0.00 0
129405 0.00 0.00 0.00 0
129406 0.00 0.00 0.00 0
129407 0.00 0.00 0.00 0
129408 0.00 0.00 0.00 0
129409 0.00 0.00 0.00 0
129410 0.00 0.00 0.00 0
129411 0.00 0.00 0.00 0
129412 0.00 0.00 0.00 0
129413 0.00 0.00 0.00 0
129414 0.00 0.00 0.00 0
129415 0.00 0.00 0.00 0
129416 0.00 0.00 0.00 0
129417 0.00 0.00 0.00 0
129418 0.00 0.00 0.00 0
129419 0.00 0.00 0.00 0
129422 0.00 0.00 0.00 0
129423 0.00 0.00 0.00 0
129424 0.00 0.00 0.00 0
129425 0.00 0.00 0.00 0
129426 0.00 0.00 0.00 0
129427 0.00 0.00 0.00 0
129428 0.00 0.00 0.00 0
129429 0.00 0.00 0.00 0
129430 0.00 0.00 0.00 0
129431 0.00 0.00 0.00 0
129432 0.00 0.00 0.00 0
129438 0.00 0.00 0.00 0
129439 0.00 0.00 0.00 0
129440 0.00 0.00 0.00 0
129441 0.00 0.00 0.00 0
129442 0.00 0.00 0.00 0
129443 0.00 0.00 0.00 0
129444 0.00 0.00 0.00 0
129445 0.00 0.00 0.00 0
129446 0.00 0.00 0.00 0
129447 0.00 0.00 0.00 0
129451 0.00 0.00 0.00 0
129452 0.00 0.00 0.00 0
129455 0.00 0.00 0.00 0
129463 0.00 0.00 0.00 0
129469 0.00 0.00 0.00 0
129470 0.00 0.00 0.00 0
129471 0.00 0.00 0.00 0
129472 0.00 0.00 0.00 0
129473 0.00 0.00 0.00 0
129476 0.00 0.00 0.00 0
129477 0.00 0.00 0.00 0
129478 0.00 0.00 0.00 0
129479 0.00 0.00 0.00 0
129480 0.00 0.00 0.00 0
129481 0.00 0.00 0.00 0
129482 0.00 0.00 0.00 0
129483 0.00 0.00 0.00 0
129486 0.00 0.00 0.00 0
129487 0.00 0.00 0.00 0
129488 0.00 0.00 0.00 0
129489 0.00 0.00 0.00 0
129490 0.00 0.00 0.00 0
129491 0.00 0.00 0.00 0
129492 0.00 0.00 0.00 0
129496 0.00 0.00 0.00 0
129497 0.00 0.00 0.00 0
129498 0.00 0.00 0.00 0
129499 0.00 0.00 0.00 0
129500 0.00 0.00 0.00 0
129501 0.00 0.00 0.00 0
129505 0.00 0.00 0.00 0
129506 0.00 0.00 0.00 0
129507 0.00 0.00 0.00 0
129508 0.00 0.00 0.00 0
129509 0.00 0.00 0.00 0
129510 0.00 0.00 0.00 0
129511 0.00 0.00 0.00 0
129512 0.00 0.00 0.00 0
129517 0.00 0.00 0.00 0
129518 0.00 0.00 0.00 0
129519 0.00 0.00 0.00 0
129520 0.00 0.00 0.00 0
129521 0.00 0.00 0.00 0
129522 0.00 0.00 0.00 0
129523 0.00 0.00 0.00 0
129524 0.00 0.00 0.00 0
129525 0.00 0.00 0.00 0
129530 0.00 0.00 0.00 0
129531 0.00 0.00 0.00 0
129532 0.00 0.00 0.00 0
129533 0.00 0.00 0.00 0
129534 0.00 0.00 0.00 0
129535 0.00 0.00 0.00 0
129536 0.00 0.00 0.00 0
129537 0.00 0.00 0.00 0
129538 0.00 0.00 0.00 0
129539 0.00 0.00 0.00 0
129545 0.00 0.00 0.00 0
129546 0.00 0.00 0.00 0
129547 0.00 0.00 0.00 0
129548 0.00 0.00 0.00 0
129549 0.00 0.00 0.00 0
129550 0.00 0.00 0.00 0
129551 0.00 0.00 0.00 0
129552 0.00 0.00 0.00 0
129553 0.00 0.00 0.00 0
129554 0.00 0.00 0.00 0
129555 0.00 0.00 0.00 0
129556 0.00 0.00 0.00 0
129557 0.00 0.00 0.00 0
129562 0.00 0.00 0.00 0
129563 0.00 0.00 0.00 0
129564 0.00 0.00 0.00 0
129565 0.00 0.00 0.00 0
129566 0.00 0.00 0.00 0
129567 0.00 0.00 0.00 0
129568 0.00 0.00 0.00 0
129569 0.00 0.00 0.00 0
129570 0.00 0.00 0.00 0
129579 0.00 0.00 0.00 0
129580 0.00 0.00 0.00 0
129581 0.00 0.00 0.00 0
129582 0.00 0.00 0.00 0
129583 0.00 0.00 0.00 0
129584 0.00 0.00 0.00 0
129585 0.00 0.00 0.00 0
129586 0.00 0.00 0.00 0
129587 0.00 0.00 0.00 0
129599 0.00 0.00 0.00 0
129600 0.00 0.00 0.00 0
129601 0.00 0.00 0.00 0
129602 0.00 0.00 0.00 0
129603 0.00 0.00 0.00 0
129613 0.00 0.00 0.00 0
129614 0.00 0.00 0.00 0
130257 0.00 0.00 0.00 0
130258 0.00 0.00 0.00 0
130259 0.00 0.00 0.00 0
130260 0.00 0.00 0.00 0
130261 0.00 0.00 0.00 0
130266 0.00 0.00 0.00 0
130267 0.00 0.00 0.00 0
130268 0.00 0.00 0.00 0
130269 0.00 0.00 0.00 0
130270 0.00 0.00 0.00 0
130271 0.00 0.00 0.00 0
130272 0.00 0.00 0.00 0
130278 0.00 0.00 0.00 0
130279 0.00 0.00 0.00 0
130280 0.00 0.00 0.00 0
130281 0.00 0.00 0.00 0
130282 0.00 0.00 0.00 0
130283 0.00 0.00 0.00 0
130284 0.00 0.00 0.00 0
130285 0.00 0.00 0.00 0
130286 0.00 0.00 0.00 0
130288 0.00 0.00 0.00 0
130289 0.00 0.00 0.00 0
130290 0.00 0.00 0.00 0
130291 0.00 0.00 0.00 0
130292 0.00 0.00 0.00 0
130293 0.00 0.00 0.00 0
130298 0.00 0.00 0.00 0
130299 0.00 0.00 0.00 0
130300 0.00 0.00 0.00 0
130301 0.00 0.00 0.00 0
130302 0.00 0.00 0.00 0
130303 0.00 0.00 0.00 0
130304 0.00 0.00 0.00 0
130305 0.00 0.00 0.00 0
130306 0.00 0.00 0.00 0
130307 0.00 0.00 0.00 0
130308 0.00 0.00 0.00 0
130309 0.00 0.00 0.00 0
130316 0.00 0.00 0.00 0
130317 0.00 0.00 0.00 0
130318 0.00 0.00 0.00 0
130319 0.00 0.00 0.00 0
130320 0.00 0.00 0.00 0
130321 0.00 0.00 0.00 0
130322 0.00 0.00 0.00 0
130323 0.00 0.00 0.00 0
130324 0.00 0.00 0.00 0
130325 0.00 0.00 0.00 0
130328 0.00 0.00 0.00 0
130329 0.00 0.00 0.00 0
130337 0.00 0.00 0.00 0
130338 0.00 0.00 0.00 0
130343 0.00 0.00 0.00 0
130344 0.00 0.00 0.00 0
130345 0.00 0.00 0.00 0
130346 0.00 0.00 0.00 0
130347 0.00 0.00 0.00 0
130348 0.00 0.00 0.00 0
130351 0.00 0.00 0.00 0
130352 0.00 0.00 0.00 0
130353 0.00 0.00 0.00 0
130354 0.00 0.00 0.00 0
130355 0.00 0.00 0.00 0
130357 0.00 0.00 0.00 0
130358 0.00 0.00 0.00 0
130361 0.00 0.00 0.00 0
130362 0.00 0.00 0.00 0
130363 0.00 0.00 0.00 0
130364 0.00 0.00 0.00 0
130365 0.00 0.00 0.00 0
130366 0.00 0.00 0.00 0
130370 0.00 0.00 0.00 0
130374 0.00 0.00 0.00 0
130375 0.00 0.00 0.00 0
130376 0.00 0.00 0.00 0
130377 0.00 0.00 0.00 0
130378 0.00 0.00 0.00 0
130379 0.00 0.00 0.00 0
130380 0.00 0.00 0.00 0
130381 0.00 0.00 0.00 0
130382 0.00 0.00 0.00 0
130383 0.00 0.00 0.00 0
130384 0.00 0.00 0.00 0
130385 0.00 0.00 0.00 0
130389 0.00 0.00 0.00 0
130390 0.00 0.00 0.00 0
130391 0.00 0.00 0.00 0
130392 0.00 0.00 0.00 0
130393 0.00 0.00 0.00 0
130394 0.00 0.00 0.00 0
130395 0.00 0.00 0.00 0
130396 0.00 0.00 0.00 0
130397 0.00 0.00 0.00 0
130398 0.00 0.00 0.00 0
130399 0.00 0.00 0.00 0
130400 0.00 0.00 0.00 0
130404 0.00 0.00 0.00 0
130405 0.00 0.00 0.00 0
130406 0.00 0.00 0.00 0
130407 0.00 0.00 0.00 0
130408 0.00 0.00 0.00 0
130409 0.00 0.00 0.00 0
130410 0.00 0.00 0.00 0
130411 0.00 0.00 0.00 0
130412 0.00 0.00 0.00 0
130413 0.00 0.00 0.00 0
130414 0.00 0.00 0.00 0
130418 0.00 0.00 0.00 0
130419 0.00 0.00 0.00 0
130420 0.00 0.00 0.00 0
130421 0.00 0.00 0.00 0
130422 0.00 0.00 0.00 0
130423 0.00 0.00 0.00 0
130424 0.00 0.00 0.00 0
130432 0.00 0.00 0.00 0
130433 0.00 0.00 0.00 0
130434 0.00 0.00 0.00 0
130435 0.00 0.00 0.00 0
130436 0.00 0.00 0.00 0
130445 0.00 0.00 0.00 0
130446 0.00 0.00 0.00 0
131120 0.00 0.00 0.00 0
131121 0.00 0.00 0.00 0
131122 0.00 0.00 0.00 0
131129 0.00 0.00 0.00 0
131130 0.00 0.00 0.00 0
131131 0.00 0.00 0.00 0
131132 0.00 0.00 0.00 0
131136 0.00 0.00 0.00 0
131139 0.00 0.00 0.00 0
131140 0.00 0.00 0.00 0
131141 0.00 0.00 0.00 0
131142 0.00 0.00 0.00 0
131143 0.00 0.00 0.00 0
131144 0.00 0.00 0.00 0
131152 0.00 0.00 0.00 0
131153 0.00 0.00 0.00 0
131154 0.00 0.00 0.00 0
131155 0.00 0.00 0.00 0
131156 0.00 0.00 0.00 0
131157 0.00 0.00 0.00 0
131158 0.00 0.00 0.00 0
131159 0.00 0.00 0.00 0
131160 0.00 0.00 0.00 0
131161 0.00 0.00 0.00 0
131162 0.00 0.00 0.00 0
131163 0.00 0.00 0.00 0
131166 0.00 0.00 0.00 0
131167 0.00 0.00 0.00 0
131168 0.00 0.00 0.00 0
131169 0.00 0.00 0.00 0
131170 0.00 0.00 0.00 0
131171 0.00 0.00 0.00 0
131172 0.00 0.00 0.00 0
131174 0.00 0.00 0.00 0
131191 0.00 0.00 0.00 0
131192 0.00 0.00 0.00 0
131194 0.00 0.00 0.00 0
131197 0.00 0.00 0.00 0
131198 0.00 0.00 0.00 0
131199 0.00 0.00 0.00 0
131203 0.00 0.00 0.00 0
131204 0.00 0.00 0.00 0
131219 0.00 0.00 0.00 0
131220 0.00 0.00 0.00 0
131224 0.00 0.00 0.00 0
131225 0.00 0.00 0.00 0
131226 0.00 0.00 0.00 0
131227 0.00 0.00 0.00 0
131228 0.00 0.00 0.00 0
131232 0.00 0.00 0.00 0
131233 0.00 0.00 0.00 0
131238 0.00 0.00 0.00 0
131239 0.00 0.00 0.00 0
131240 0.00 0.00 0.00 0
131935 0.00 0.00 0.00 0
131936 0.00 0.00 0.00 0
131937 0.00 0.00 0.00 0
131942 0.00 0.00 0.00 0
131944 0.00 0.00 0.00 0
131951 0.00 0.00 0.00 0
131952 0.00 0.00 0.00 0
131953 0.00 0.00 0.00 0
131954 0.00 0.00 0.00 0
131955 0.00 0.00 0.00 0
131960 0.00 0.00 0.00 0
131961 0.00 0.00 0.00 0
131962 0.00 0.00 0.00 0
131963 0.00 0.00 0.00 0
131964 0.00 0.00 0.00 0
131965 0.00 0.00 0.00 0
131966 0.00 0.00 0.00 0
131967 0.00 0.00 0.00 0
131968 0.00 0.00 0.00 0
131976 0.00 0.00 0.00 0
131977 0.00 0.00 0.00 0
131978 0.00 0.00 0.00 0
131979 0.00 0.00 0.00 0
132024 0.00 0.00 0.00 0
132029 0.00 0.00 0.00 0
132754 0.00 0.00 0.00 0
132755 0.00 0.00 0.00 0
132764 0.00 0.00 0.00 0
132765 0.00 0.00 0.00 0
132766 0.00 0.00 0.00 0
132767 0.00 0.00 0.00 0
132768 0.00 0.00 0.00 0
132769 0.00 0.00 0.00 0
132774 0.00 0.00 0.00 0
132775 0.00 0.00 0.00 0
132776 0.00 0.00 0.00 0
132777 0.00 0.00 0.00 0
132778 0.00 0.00 0.00 0
132779 0.00 0.00 0.00 0
132780 0.00 0.00 0.00 0
133593 0.00 0.00 0.00 0
133603 0.00 0.00 0.00 0
133604 0.00 0.00 0.00 0
133605 0.00 0.00 0.00 0
133606 0.00 0.00 0.00 0
133607 0.00 0.00 0.00 0
134474 0.00 0.00 0.00 0
134475 0.00 0.00 0.00 0
134476 0.00 0.00 0.00 0
