# parsorbitalis
1024
130499 0.00 0.00 0.00 0
130516 0.00 0.00 0.00 0
130528 0.00 0.00 0.00 0
130540 0.00 0.00 0.00 0
130541 0.00 0.00 0.00 0
130555 0.00 0.00 0.00 0
130556 0.00 0.00 0.00 0
130568 0.00 0.00 0.00 0
131308 0.00 0.00 0.00 0
131309 0.00 0.00 0.00 0
131310 0.00 0.00 0.00 0
131318 0.00 0.00 0.00 0
131319 0.00 0.00 0.00 0
131320 0.00 0.00 0.00 0
131337 0.00 0.00 0.00 0
131338 0.00 0.00 0.00 0
131350 0.00 0.00 0.00 0
131351 0.00 0.00 0.00 0
131367 0.00 0.00 0.00 0
131368 0.00 0.00 0.00 0
131369 0.00 0.00 0.00 0
131370 0.00 0.00 0.00 0
131383 0.00 0.00 0.00 0
131384 0.00 0.00 0.00 0
131385 0.00 0.00 0.00 0
131399 0.00 0.00 0.00 0
132082 0.00 0.00 0.00 0
132083 0.00 0.00 0.00 0
132084 0.00 0.00 0.00 0
132092 0.00 0.00 0.00 0
132093 0.00 0.00 0.00 0
132094 0.00 0.00 0.00 0
132095 0.00 0.00 0.00 0
132096 0.00 0.00 0.00 0
132105 0.00 0.00 0.00 0
132106 0.00 0.00 0.00 0
132107 0.00 0.00 0.00 0
132108 0.00 0.00 0.00 0
132109 0.00 0.00 0.00 0
132117 0.00 0.00 0.00 0
132118 0.00 0.00 0.00 0
132134 0.00 0.00 0.00 0
132149 0.00 0.00 0.00 0
132150 0.00 0.00 0.00 0
132151 0.00 0.00 0.00 0
132152 0.00 0.00 0.00 0
132153 0.00 0.00 0.00 0
132173 0.00 0.00 0.00 0
132174 0.00 0.00 0.00 0
132175 0.00 0.00 0.00 0
132176 0.00 0.00 0.00 0
132889 0.00 0.00 0.00 0
132890 0.00 0.00 0.00 0
132891 0.00 0.00 0.00 0
132892 0.00 0.00 0.00 0
132907 0.00 0.00 0.00 0
132908 0.00 0.00 0.00 0
132909 0.00 0.00 0.00 0
132910 0.00 0.00 0.00 0
132911 0.00 0.00 0.00 0
132921 0.00 0.00 0.00 0
132922 0.00 0.00 0.00 0
132923 0.00 0.00 0.00 0
132924 0.00 0.00 0.00 0
132925 0.00 0.00 0.00 0
132933 0.00 0.00 0.00 0
132934 0.00 0.00 0.00 0
132944 0.00 0.00 0.00 0
132945 0.00 0.00 0.00 0
132959 0.00 0.00 0.00 0
132960 0.00 0.00 0.00 0
132961 0.00 0.00 0.00 0
132962 0.00 0.00 0.00 0
132963 0.00 0.00 0.00 0
132964 0.00 0.00 0.00 0
132982 0.00 0.00 0.00 0
132983 0.00 0.00 0.00 0
132984 0.00 0.00 0.00 0
132985 0.00 0.00 0.00 0
132986 0.00 0.00 0.00 0
133009 0.00 0.00 0.00 0
133010 0.00 0.00 0.00 0
133769 0.00 0.00 0.00 0
133786 0.00 0.00 0.00 0
133787 0.00 0.00 0.00 0
133795 0.00 0.00 0.00 0
133796 0.00 0.00 0.00 0
133804 0.00 0.00 0.00 0
133817 0.00 0.00 0.00 0
133818 0.00 0.00 0.00 0
133819 0.00 0.00 0.00 0
133820 0.00 0.00 0.00 0
133821 0.00 0.00 0.00 0
133822 0.00 0.00 0.00 0
133846 0.00 0.00 0.00 0
133847 0.00 0.00 0.00 0
133848 0.00 0.00 0.00 0
133849 0.00 0.00 0.00 0
133850 0.00 0.00 0.00 0
133851 0.00 0.00 0.00 0
133873 0.00 0.00 0.00 0
133874 0.00 0.00 0.00 0
133875 0.00 0.00 0.00 0
134700 0.00 0.00 0.00 0
134701 0.00 0.00 0.00 0
134709 0.00 0.00 0.00 0
134710 0.00 0.00 0.00 0
134723 0.00 0.00 0.00 0
134724 0.00 0.00 0.00 0
134725 0.00 0.00 0.00 0
134726 0.00 0.00 0.00 0
134727 0.00 0.00 0.00 0
134746 0.00 0.00 0.00 0
134747 0.00 0.00 0.00 0
134748 0.00 0.00 0.00 0
134749 0.00 0.00 0.00 0
134750 0.00 0.00 0.00 0
134751 0.00 0.00 0.00 0
134779 0.00 0.00 0.00 0
134780 0.00 0.00 0.00 0
134781 0.00 0.00 0.00 0
134782 0.00 0.00 0.00 0
134799 0.00 0.00 0.00 0
134800 0.00 0.00 0.00 0
134801 0.00 0.00 0.00 0
135573 0.00 0.00 0.00 0
135578 0.00 0.00 0.00 0
135579 0.00 0.00 0.00 0
135580 0.00 0.00 0.00 0
135581 0.00 0.00 0.00 0
135582 0.00 0.00 0.00 0
135583 0.00 0.00 0.00 0
135596 0.00 0.00 0.00 0
135597 0.00 0.00 0.00 0
135598 0.00 0.00 0.00 0
135599 0.00 0.00 0.00 0
135616 0.00 0.00 0.00 0
135617 0.00 0.00 0.00 0
135618 0.00 0.00 0.00 0
135619 0.00 0.00 0.00 0
135639 0.00 0.00 0.00 0
135640 0.00 0.00 0.00 0
135641 0.00 0.00 0.00 0
135642 0.00 0.00 0.00 0
135659 0.00 0.00 0.00 0
135660 0.00 0.00 0.00 0
135661 0.00 0.00 0.00 0
136350 0.00 0.00 0.00 0
136361 0.00 0.00 0.00 0
136362 0.00 0.00 0.00 0
136363 0.00 0.00 0.00 0
136365 0.00 0.00 0.00 0
136366 0.00 0.00 0.00 0
136379 0.00 0.00 0.00 0
136380 0.00 0.00 0.00 0
136381 0.00 0.00 0.00 0
136382 0.00 0.00 0.00 0
136395 0.00 0.00 0.00 0
136396 0.00 0.00 0.00 0
136397 0.00 0.00 0.00 0
136398 0.00 0.00 0.00 0
136399 0.00 0.00 0.00 0
136414 0.00 0.00 0.00 0
136415 0.00 0.00 0.00 0
136416 0.00 0.00 0.00 0
136417 0.00 0.00 0.00 0
136431 0.00 0.00 0.00 0
136432 0.00 0.00 0.00 0
136433 0.00 0.00 0.00 0
137043 0.00 0.00 0.00 0
137044 0.00 0.00 0.00 0
137062 0.00 0.00 0.00 0
137063 0.00 0.00 0.00 0
137064 0.00 0.00 0.00 0
137080 0.00 0.00 0.00 0
137081 0.00 0.00 0.00 0
137082 0.00 0.00 0.00 0
137095 0.00 0.00 0.00 0
137096 0.00 0.00 0.00 0
137097 0.00 0.00 0.00 0
137098 0.00 0.00 0.00 0
137115 0.00 0.00 0.00 0
137116 0.00 0.00 0.00 0
137117 0.00 0.00 0.00 0
137118 0.00 0.00 0.00 0
137134 0.00 0.00 0.00 0
137135 0.00 0.00 0.00 0
137136 0.00 0.00 0.00 0
137137 0.00 0.00 0.00 0
137149 0.00 0.00 0.00 0
137150 0.00 0.00 0.00 0
137727 0.00 0.00 0.00 0
137728 0.00 0.00 0.00 0
137751 0.00 0.00 0.00 0
137752 0.00 0.00 0.00 0
137770 0.00 0.00 0.00 0
137771 0.00 0.00 0.00 0
137772 0.00 0.00 0.00 0
137782 0.00 0.00 0.00 0
137783 0.00 0.00 0.00 0
137784 0.00 0.00 0.00 0
137785 0.00 0.00 0.00 0
137786 0.00 0.00 0.00 0
137798 0.00 0.00 0.00 0
137799 0.00 0.00 0.00 0
137800 0.00 0.00 0.00 0
137813 0.00 0.00 0.00 0
137814 0.00 0.00 0.00 0
137815 0.00 0.00 0.00 0
137829 0.00 0.00 0.00 0
137830 0.00 0.00 0.00 0
137831 0.00 0.00 0.00 0
138385 0.00 0.00 0.00 0
138386 0.00 0.00 0.00 0
138411 0.00 0.00 0.00 0
138412 0.00 0.00 0.00 0
138428 0.00 0.00 0.00 0
138439 0.00 0.00 0.00 0
138440 0.00 0.00 0.00 0
138441 0.00 0.00 0.00 0
138442 0.00 0.00 0.00 0
138443 0.00 0.00 0.00 0
138456 0.00 0.00 0.00 0
138457 0.00 0.00 0.00 0
138458 0.00 0.00 0.00 0
138471 0.00 0.00 0.00 0
138472 0.00 0.00 0.00 0
138473 0.00 0.00 0.00 0
138490 0.00 0.00 0.00 0
138491 0.00 0.00 0.00 0
138492 0.00 0.00 0.00 0
139024 0.00 0.00 0.00 0
139025 0.00 0.00 0.00 0
139026 0.00 0.00 0.00 0
139049 0.00 0.00 0.00 0
139050 0.00 0.00 0.00 0
139051 0.00 0.00 0.00 0
139070 0.00 0.00 0.00 0
139089 0.00 0.00 0.00 0
139101 0.00 0.00 0.00 0
139102 0.00 0.00 0.00 0
139103 0.00 0.00 0.00 0
139104 0.00 0.00 0.00 0
139105 0.00 0.00 0.00 0
139119 0.00 0.00 0.00 0
139120 0.00 0.00 0.00 0
139121 0.00 0.00 0.00 0
139122 0.00 0.00 0.00 0
139123 0.00 0.00 0.00 0
139124 0.00 0.00 0.00 0
139137 0.00 0.00 0.00 0
139138 0.00 0.00 0.00 0
139139 0.00 0.00 0.00 0
139157 0.00 0.00 0.00 0
139158 0.00 0.00 0.00 0
139159 0.00 0.00 0.00 0
139737 0.00 0.00 0.00 0
139738 0.00 0.00 0.00 0
139754 0.00 0.00 0.00 0
139755 0.00 0.00 0.00 0
139756 0.00 0.00 0.00 0
139757 0.00 0.00 0.00 0
139769 0.00 0.00 0.00 0
139770 0.00 0.00 0.00 0
139785 0.00 0.00 0.00 0
139803 0.00 0.00 0.00 0
139817 0.00 0.00 0.00 0
139818 0.00 0.00 0.00 0
139819 0.00 0.00 0.00 0
139820 0.00 0.00 0.00 0
139821 0.00 0.00 0.00 0
139835 0.00 0.00 0.00 0
139836 0.00 0.00 0.00 0
139837 0.00 0.00 0.00 0
139838 0.00 0.00 0.00 0
139839 0.00 0.00 0.00 0
139840 0.00 0.00 0.00 0
139841 0.00 0.00 0.00 0
139857 0.00 0.00 0.00 0
139858 0.00 0.00 0.00 0
139877 0.00 0.00 0.00 0
139878 0.00 0.00 0.00 0
139879 0.00 0.00 0.00 0
140487 0.00 0.00 0.00 0
140503 0.00 0.00 0.00 0
140504 0.00 0.00 0.00 0
140520 0.00 0.00 0.00 0
140521 0.00 0.00 0.00 0
140522 0.00 0.00 0.00 0
140539 0.00 0.00 0.00 0
140540 0.00 0.00 0.00 0
140541 0.00 0.00 0.00 0
140542 0.00 0.00 0.00 0
140555 0.00 0.00 0.00 0
140556 0.00 0.00 0.00 0
140557 0.00 0.00 0.00 0
140570 0.00 0.00 0.00 0
140586 0.00 0.00 0.00 0
140597 0.00 0.00 0.00 0
140612 0.00 0.00 0.00 0
140613 0.00 0.00 0.00 0
140614 0.00 0.00 0.00 0
140615 0.00 0.00 0.00 0
140616 0.00 0.00 0.00 0
140617 0.00 0.00 0.00 0
140634 0.00 0.00 0.00 0
140635 0.00 0.00 0.00 0
140636 0.00 0.00 0.00 0
140637 0.00 0.00 0.00 0
140638 0.00 0.00 0.00 0
140639 0.00 0.00 0.00 0
140640 0.00 0.00 0.00 0
140657 0.00 0.00 0.00 0
140658 0.00 0.00 0.00 0
140659 0.00 0.00 0.00 0
140677 0.00 0.00 0.00 0
140678 0.00 0.00 0.00 0
140679 0.00 0.00 0.00 0
141361 0.00 0.00 0.00 0
141379 0.00 0.00 0.00 0
141380 0.00 0.00 0.00 0
141393 0.00 0.00 0.00 0
141394 0.00 0.00 0.00 0
141395 0.00 0.00 0.00 0
141407 0.00 0.00 0.00 0
141408 0.00 0.00 0.00 0
141417 0.00 0.00 0.00 0
141418 0.00 0.00 0.00 0
141426 0.00 0.00 0.00 0
141439 0.00 0.00 0.00 0
141451 0.00 0.00 0.00 0
141461 0.00 0.00 0.00 0
141462 0.00 0.00 0.00 0
141463 0.00 0.00 0.00 0
141464 0.00 0.00 0.00 0
141465 0.00 0.00 0.00 0
141466 0.00 0.00 0.00 0
141479 0.00 0.00 0.00 0
141480 0.00 0.00 0.00 0
141481 0.00 0.00 0.00 0
141482 0.00 0.00 0.00 0
141483 0.00 0.00 0.00 0
141484 0.00 0.00 0.00 0
141485 0.00 0.00 0.00 0
141498 0.00 0.00 0.00 0
141499 0.00 0.00 0.00 0
141500 0.00 0.00 0.00 0
141513 0.00 0.00 0.00 0
141514 0.00 0.00 0.00 0
142130 0.00 0.00 0.00 0
142147 0.00 0.00 0.00 0
142148 0.00 0.00 0.00 0
142164 0.00 0.00 0.00 0
142165 0.00 0.00 0.00 0
142166 0.00 0.00 0.00 0
142177 0.00 0.00 0.00 0
142178 0.00 0.00 0.00 0
142186 0.00 0.00 0.00 0
142187 0.00 0.00 0.00 0
142195 0.00 0.00 0.00 0
142203 0.00 0.00 0.00 0
142216 0.00 0.00 0.00 0
142228 0.00 0.00 0.00 0
142229 0.00 0.00 0.00 0
142230 0.00 0.00 0.00 0
142231 0.00 0.00 0.00 0
142244 0.00 0.00 0.00 0
142245 0.00 0.00 0.00 0
142246 0.00 0.00 0.00 0
142247 0.00 0.00 0.00 0
142248 0.00 0.00 0.00 0
142249 0.00 0.00 0.00 0
142250 0.00 0.00 0.00 0
142265 0.00 0.00 0.00 0
142266 0.00 0.00 0.00 0
142267 0.00 0.00 0.00 0
142869 0.00 0.00 0.00 0
142870 0.00 0.00 0.00 0
142888 0.00 0.00 0.00 0
142889 0.00 0.00 0.00 0
142905 0.00 0.00 0.00 0
142906 0.00 0.00 0.00 0
142916 0.00 0.00 0.00 0
142917 0.00 0.00 0.00 0
142930 0.00 0.00 0.00 0
142931 0.00 0.00 0.00 0
142940 0.00 0.00 0.00 0
142941 0.00 0.00 0.00 0
142949 0.00 0.00 0.00 0
142950 0.00 0.00 0.00 0
142962 0.00 0.00 0.00 0
142963 0.00 0.00 0.00 0
142977 0.00 0.00 0.00 0
142978 0.00 0.00 0.00 0
142992 0.00 0.00 0.00 0
142993 0.00 0.00 0.00 0
142994 0.00 0.00 0.00 0
142995 0.00 0.00 0.00 0
142996 0.00 0.00 0.00 0
142997 0.00 0.00 0.00 0
142998 0.00 0.00 0.00 0
143013 0.00 0.00 0.00 0
143014 0.00 0.00 0.00 0
143015 0.00 0.00 0.00 0
143574 0.00 0.00 0.00 0
143575 0.00 0.00 0.00 0
143576 0.00 0.00 0.00 0
143590 0.00 0.00 0.00 0
143591 0.00 0.00 0.00 0
143605 0.00 0.00 0.00 0
143606 0.00 0.00 0.00 0
143607 0.00 0.00 0.00 0
143615 0.00 0.00 0.00 0
143616 0.00 0.00 0.00 0
143617 0.00 0.00 0.00 0
143628 0.00 0.00 0.00 0
143629 0.00 0.00 0.00 0
143637 0.00 0.00 0.00 0
143638 0.00 0.00 0.00 0
143644 0.00 0.00 0.00 0
143645 0.00 0.00 0.00 0
143652 0.00 0.00 0.00 0
143653 0.00 0.00 0.00 0
143663 0.00 0.00 0.00 0
143664 0.00 0.00 0.00 0
143665 0.00 0.00 0.00 0
143666 0.00 0.00 0.00 0
143678 0.00 0.00 0.00 0
143679 0.00 0.00 0.00 0
143680 0.00 0.00 0.00 0
143681 0.00 0.00 0.00 0
143682 0.00 0.00 0.00 0
143683 0.00 0.00 0.00 0
143684 0.00 0.00 0.00 0
143685 0.00 0.00 0.00 0
143696 0.00 0.00 0.00 0
143697 0.00 0.00 0.00 0
143698 0.00 0.00 0.00 0
144174 0.00 0.00 0.00 0
144189 0.00 0.00 0.00 0
144190 0.00 0.00 0.00 0
144191 0.00 0.00 0.00 0
144203 0.00 0.00 0.00 0
144204 0.00 0.00 0.00 0
144215 0.00 0.00 0.00 0
144216 0.00 0.00 0.00 0
144227 0.00 0.00 0.00 0
144228 0.00 0.00 0.00 0
144229 0.00 0.00 0.00 0
144241 0.00 0.00 0.00 0
144242 0.00 0.00 0.00 0
144244 0.00 0.00 0.00 0
144250 0.00 0.00 0.00 0
144251 0.00 0.00 0.00 0
144252 0.00 0.00 0.00 0
144253 0.00 0.00 0.00 0
144254 0.00 0.00 0.00 0
144259 0.00 0.00 0.00 0
144260 0.00 0.00 0.00 0
144261 0.00 0.00 0.00 0
144262 0.00 0.00 0.00 0
144268 0.00 0.00 0.00 0
144269 0.00 0.00 0.00 0
144270 0.00 0.00 0.00 0
144271 0.00 0.00 0.00 0
144272 0.00 0.00 0.00 0
144282 0.00 0.00 0.00 0
144283 0.00 0.00 0.00 0
144284 0.00 0.00 0.00 0
144285 0.00 0.00 0.00 0
144286 0.00 0.00 0.00 0
144297 0.00 0.00 0.00 0
144298 0.00 0.00 0.00 0
144299 0.00 0.00 0.00 0
144300 0.00 0.00 0.00 0
144301 0.00 0.00 0.00 0
144302 0.00 0.00 0.00 0
144303 0.00 0.00 0.00 0
144778 0.00 0.00 0.00 0
144793 0.00 0.00 0.00 0
144794 0.00 0.00 0.00 0
144808 0.00 0.00 0.00 0
144809 0.00 0.00 0.00 0
144817 0.00 0.00 0.00 0
144818 0.00 0.00 0.00 0
144820 0.00 0.00 0.00 0
144829 0.00 0.00 0.00 0
144830 0.00 0.00 0.00 0
144831 0.00 0.00 0.00 0
144832 0.00 0.00 0.00 0
144840 0.00 0.00 0.00 0
144841 0.00 0.00 0.00 0
144842 0.00 0.00 0.00 0
144843 0.00 0.00 0.00 0
144848 0.00 0.00 0.00 0
144849 0.00 0.00 0.00 0
144850 0.00 0.00 0.00 0
144851 0.00 0.00 0.00 0
144852 0.00 0.00 0.00 0
144858 0.00 0.00 0.00 0
144859 0.00 0.00 0.00 0
144860 0.00 0.00 0.00 0
144861 0.00 0.00 0.00 0
144862 0.00 0.00 0.00 0
144869 0.00 0.00 0.00 0
144870 0.00 0.00 0.00 0
144871 0.00 0.00 0.00 0
144872 0.00 0.00 0.00 0
144882 0.00 0.00 0.00 0
144883 0.00 0.00 0.00 0
144884 0.00 0.00 0.00 0
144885 0.00 0.00 0.00 0
144886 0.00 0.00 0.00 0
144898 0.00 0.00 0.00 0
144899 0.00 0.00 0.00 0
144900 0.00 0.00 0.00 0
144901 0.00 0.00 0.00 0
144902 0.00 0.00 0.00 0
144903 0.00 0.00 0.00 0
144904 0.00 0.00 0.00 0
145434 0.00 0.00 0.00 0
145435 0.00 0.00 0.00 0
145436 0.00 0.00 0.00 0
145437 0.00 0.00 0.00 0
145453 0.00 0.00 0.00 0
145454 0.00 0.00 0.00 0
145455 0.00 0.00 0.00 0
145456 0.00 0.00 0.00 0
145457 0.00 0.00 0.00 0
145458 0.00 0.00 0.00 0
145474 0.00 0.00 0.00 0
145475 0.00 0.00 0.00 0
145476 0.00 0.00 0.00 0
145477 0.00 0.00 0.00 0
145478 0.00 0.00 0.00 0
145481 0.00 0.00 0.00 0
145491 0.00 0.00 0.00 0
145492 0.00 0.00 0.00 0
145493 0.00 0.00 0.00 0
145494 0.00 0.00 0.00 0
145495 0.00 0.00 0.00 0
145496 0.00 0.00 0.00 0
145497 0.00 0.00 0.00 0
145498 0.00 0.00 0.00 0
145508 0.00 0.00 0.00 0
145509 0.00 0.00 0.00 0
145510 0.00 0.00 0.00 0
145511 0.00 0.00 0.00 0
145512 0.00 0.00 0.00 0
145513 0.00 0.00 0.00 0
145514 0.00 0.00 0.00 0
145520 0.00 0.00 0.00 0
145521 0.00 0.00 0.00 0
145522 0.00 0.00 0.00 0
145523 0.00 0.00 0.00 0
145524 0.00 0.00 0.00 0
145525 0.00 0.00 0.00 0
145526 0.00 0.00 0.00 0
145527 0.00 0.00 0.00 0
145533 0.00 0.00 0.00 0
145534 0.00 0.00 0.00 0
145535 0.00 0.00 0.00 0
145536 0.00 0.00 0.00 0
145537 0.00 0.00 0.00 0
145538 0.00 0.00 0.00 0
145539 0.00 0.00 0.00 0
145540 0.00 0.00 0.00 0
145547 0.00 0.00 0.00 0
145548 0.00 0.00 0.00 0
145549 0.00 0.00 0.00 0
145550 0.00 0.00 0.00 0
145551 0.00 0.00 0.00 0
145552 0.00 0.00 0.00 0
145553 0.00 0.00 0.00 0
145558 0.00 0.00 0.00 0
145559 0.00 0.00 0.00 0
145560 0.00 0.00 0.00 0
145561 0.00 0.00 0.00 0
145562 0.00 0.00 0.00 0
145563 0.00 0.00 0.00 0
145564 0.00 0.00 0.00 0
145573 0.00 0.00 0.00 0
145574 0.00 0.00 0.00 0
145575 0.00 0.00 0.00 0
145576 0.00 0.00 0.00 0
145577 0.00 0.00 0.00 0
145578 0.00 0.00 0.00 0
145589 0.00 0.00 0.00 0
145590 0.00 0.00 0.00 0
145591 0.00 0.00 0.00 0
145592 0.00 0.00 0.00 0
145593 0.00 0.00 0.00 0
145594 0.00 0.00 0.00 0
145595 0.00 0.00 0.00 0
145596 0.00 0.00 0.00 0
146069 0.00 0.00 0.00 0
146085 0.00 0.00 0.00 0
146086 0.00 0.00 0.00 0
146087 0.00 0.00 0.00 0
146088 0.00 0.00 0.00 0
146089 0.00 0.00 0.00 0
146108 0.00 0.00 0.00 0
146109 0.00 0.00 0.00 0
146110 0.00 0.00 0.00 0
146111 0.00 0.00 0.00 0
146112 0.00 0.00 0.00 0
146113 0.00 0.00 0.00 0
146114 0.00 0.00 0.00 0
146115 0.00 0.00 0.00 0
146133 0.00 0.00 0.00 0
146134 0.00 0.00 0.00 0
146135 0.00 0.00 0.00 0
146136 0.00 0.00 0.00 0
146137 0.00 0.00 0.00 0
146138 0.00 0.00 0.00 0
146139 0.00 0.00 0.00 0
146140 0.00 0.00 0.00 0
146150 0.00 0.00 0.00 0
146151 0.00 0.00 0.00 0
146152 0.00 0.00 0.00 0
146153 0.00 0.00 0.00 0
146154 0.00 0.00 0.00 0
146155 0.00 0.00 0.00 0
146156 0.00 0.00 0.00 0
146166 0.00 0.00 0.00 0
146167 0.00 0.00 0.00 0
146168 0.00 0.00 0.00 0
146169 0.00 0.00 0.00 0
146170 0.00 0.00 0.00 0
146171 0.00 0.00 0.00 0
146172 0.00 0.00 0.00 0
146173 0.00 0.00 0.00 0
146181 0.00 0.00 0.00 0
146182 0.00 0.00 0.00 0
146183 0.00 0.00 0.00 0
146184 0.00 0.00 0.00 0
146185 0.00 0.00 0.00 0
146186 0.00 0.00 0.00 0
146187 0.00 0.00 0.00 0
146188 0.00 0.00 0.00 0
146193 0.00 0.00 0.00 0
146194 0.00 0.00 0.00 0
146195 0.00 0.00 0.00 0
146196 0.00 0.00 0.00 0
146197 0.00 0.00 0.00 0
146198 0.00 0.00 0.00 0
146199 0.00 0.00 0.00 0
146207 0.00 0.00 0.00 0
146208 0.00 0.00 0.00 0
146209 0.00 0.00 0.00 0
146210 0.00 0.00 0.00 0
146211 0.00 0.00 0.00 0
146212 0.00 0.00 0.00 0
146213 0.00 0.00 0.00 0
146214 0.00 0.00 0.00 0
146220 0.00 0.00 0.00 0
146221 0.00 0.00 0.00 0
146222 0.00 0.00 0.00 0
146223 0.00 0.00 0.00 0
146224 0.00 0.00 0.00 0
146225 0.00 0.00 0.00 0
146226 0.00 0.00 0.00 0
146232 0.00 0.00 0.00 0
146233 0.00 0.00 0.00 0
146234 0.00 0.00 0.00 0
146235 0.00 0.00 0.00 0
146236 0.00 0.00 0.00 0
146237 0.00 0.00 0.00 0
146238 0.00 0.00 0.00 0
146239 0.00 0.00 0.00 0
146240 0.00 0.00 0.00 0
146250 0.00 0.00 0.00 0
146251 0.00 0.00 0.00 0
146252 0.00 0.00 0.00 0
146253 0.00 0.00 0.00 0
146254 0.00 0.00 0.00 0
146255 0.00 0.00 0.00 0
146266 0.00 0.00 0.00 0
146267 0.00 0.00 0.00 0
146268 0.00 0.00 0.00 0
146269 0.00 0.00 0.00 0
146270 0.00 0.00 0.00 0
146271 0.00 0.00 0.00 0
146272 0.00 0.00 0.00 0
146759 0.00 0.00 0.00 0
146777 0.00 0.00 0.00 0
146778 0.00 0.00 0.00 0
146779 0.00 0.00 0.00 0
146780 0.00 0.00 0.00 0
146781 0.00 0.00 0.00 0
146799 0.00 0.00 0.00 0
146800 0.00 0.00 0.00 0
146801 0.00 0.00 0.00 0
146802 0.00 0.00 0.00 0
146803 0.00 0.00 0.00 0
146804 0.00 0.00 0.00 0
146805 0.00 0.00 0.00 0
146814 0.00 0.00 0.00 0
146815 0.00 0.00 0.00 0
146816 0.00 0.00 0.00 0
146817 0.00 0.00 0.00 0
146818 0.00 0.00 0.00 0
146819 0.00 0.00 0.00 0
146820 0.00 0.00 0.00 0
146825 0.00 0.00 0.00 0
146826 0.00 0.00 0.00 0
146827 0.00 0.00 0.00 0
146828 0.00 0.00 0.00 0
146829 0.00 0.00 0.00 0
146830 0.00 0.00 0.00 0
146831 0.00 0.00 0.00 0
146840 0.00 0.00 0.00 0
146841 0.00 0.00 0.00 0
146842 0.00 0.00 0.00 0
146843 0.00 0.00 0.00 0
146844 0.00 0.00 0.00 0
146845 0.00 0.00 0.00 0
146853 0.00 0.00 0.00 0
146854 0.00 0.00 0.00 0
146855 0.00 0.00 0.00 0
146856 0.00 0.00 0.00 0
146857 0.00 0.00 0.00 0
146858 0.00 0.00 0.00 0
146859 0.00 0.00 0.00 0
146868 0.00 0.00 0.00 0
146869 0.00 0.00 0.00 0
146870 0.00 0.00 0.00 0
146871 0.00 0.00 0.00 0
146872 0.00 0.00 0.00 0
146873 0.00 0.00 0.00 0
146874 0.00 0.00 0.00 0
146883 0.00 0.00 0.00 0
146884 0.00 0.00 0.00 0
146885 0.00 0.00 0.00 0
146886 0.00 0.00 0.00 0
146887 0.00 0.00 0.00 0
146888 0.00 0.00 0.00 0
146892 0.00 0.00 0.00 0
146893 0.00 0.00 0.00 0
146894 0.00 0.00 0.00 0
146902 0.00 0.00 0.00 0
146903 0.00 0.00 0.00 0
146904 0.00 0.00 0.00 0
146905 0.00 0.00 0.00 0
146914 0.00 0.00 0.00 0
146915 0.00 0.00 0.00 0
146916 0.00 0.00 0.00 0
146924 0.00 0.00 0.00 0
146925 0.00 0.00 0.00 0
146926 0.00 0.00 0.00 0
147374 0.00 0.00 0.00 0
147375 0.00 0.00 0.00 0
147376 0.00 0.00 0.00 0
147386 0.00 0.00 0.00 0
147387 0.00 0.00 0.00 0
147388 0.00 0.00 0.00 0
147389 0.00 0.00 0.00 0
147390 0.00 0.00 0.00 0
147391 0.00 0.00 0.00 0
147392 0.00 0.00 0.00 0
147397 0.00 0.00 0.00 0
147398 0.00 0.00 0.00 0
147399 0.00 0.00 0.00 0
147400 0.00 0.00 0.00 0
147401 0.00 0.00 0.00 0
147402 0.00 0.00 0.00 0
147403 0.00 0.00 0.00 0
147409 0.00 0.00 0.00 0
147410 0.00 0.00 0.00 0
147411 0.00 0.00 0.00 0
147412 0.00 0.00 0.00 0
147413 0.00 0.00 0.00 0
147414 0.00 0.00 0.00 0
147424 0.00 0.00 0.00 0
147425 0.00 0.00 0.00 0
147426 0.00 0.00 0.00 0
147427 0.00 0.00 0.00 0
147428 0.00 0.00 0.00 0
147439 0.00 0.00 0.00 0
147440 0.00 0.00 0.00 0
147441 0.00 0.00 0.00 0
147442 0.00 0.00 0.00 0
147443 0.00 0.00 0.00 0
147452 0.00 0.00 0.00 0
147453 0.00 0.00 0.00 0
147454 0.00 0.00 0.00 0
147455 0.00 0.00 0.00 0
147456 0.00 0.00 0.00 0
147457 0.00 0.00 0.00 0
147462 0.00 0.00 0.00 0
147463 0.00 0.00 0.00 0
147464 0.00 0.00 0.00 0
147465 0.00 0.00 0.00 0
147466 0.00 0.00 0.00 0
147467 0.00 0.00 0.00 0
147475 0.00 0.00 0.00 0
147476 0.00 0.00 0.00 0
147485 0.00 0.00 0.00 0
147486 0.00 0.00 0.00 0
147919 0.00 0.00 0.00 0
147936 0.00 0.00 0.00 0
147937 0.00 0.00 0.00 0
147938 0.00 0.00 0.00 0
147939 0.00 0.00 0.00 0
147950 0.00 0.00 0.00 0
147951 0.00 0.00 0.00 0
147952 0.00 0.00 0.00 0
147953 0.00 0.00 0.00 0
147954 0.00 0.00 0.00 0
147955 0.00 0.00 0.00 0
147963 0.00 0.00 0.00 0
147964 0.00 0.00 0.00 0
147965 0.00 0.00 0.00 0
147966 0.00 0.00 0.00 0
147973 0.00 0.00 0.00 0
147974 0.00 0.00 0.00 0
147975 0.00 0.00 0.00 0
147976 0.00 0.00 0.00 0
147987 0.00 0.00 0.00 0
147988 0.00 0.00 0.00 0
147989 0.00 0.00 0.00 0
147990 0.00 0.00 0.00 0
148005 0.00 0.00 0.00 0
148006 0.00 0.00 0.00 0
148007 0.00 0.00 0.00 0
148008 0.00 0.00 0.00 0
148016 0.00 0.00 0.00 0
148017 0.00 0.00 0.00 0
148018 0.00 0.00 0.00 0
148022 0.00 0.00 0.00 0
148023 0.00 0.00 0.00 0
148024 0.00 0.00 0.00 0
148475 0.00 0.00 0.00 0
148476 0.00 0.00 0.00 0
148487 0.00 0.00 0.00 0
148488 0.00 0.00 0.00 0
148489 0.00 0.00 0.00 0
148490 0.00 0.00 0.00 0
148496 0.00 0.00 0.00 0
148497 0.00 0.00 0.00 0
148498 0.00 0.00 0.00 0
148499 0.00 0.00 0.00 0
148500 0.00 0.00 0.00 0
148501 0.00 0.00 0.00 0
148509 0.00 0.00 0.00 0
148510 0.00 0.00 0.00 0
148511 0.00 0.00 0.00 0
148512 0.00 0.00 0.00 0
148513 0.00 0.00 0.00 0
148520 0.00 0.00 0.00 0
148521 0.00 0.00 0.00 0
148522 0.00 0.00 0.00 0
148523 0.00 0.00 0.00 0
148537 0.00 0.00 0.00 0
148538 0.00 0.00 0.00 0
148539 0.00 0.00 0.00 0
148552 0.00 0.00 0.00 0
148553 0.00 0.00 0.00 0
148554 0.00 0.00 0.00 0
148555 0.00 0.00 0.00 0
148559 0.00 0.00 0.00 0
148560 0.00 0.00 0.00 0
148561 0.00 0.00 0.00 0
148562 0.00 0.00 0.00 0
148568 0.00 0.00 0.00 0
148569 0.00 0.00 0.00 0
148570 0.00 0.00 0.00 0
148998 0.00 0.00 0.00 0
149012 0.00 0.00 0.00 0
149013 0.00 0.00 0.00 0
149014 0.00 0.00 0.00 0
149025 0.00 0.00 0.00 0
149026 0.00 0.00 0.00 0
149027 0.00 0.00 0.00 0
149028 0.00 0.00 0.00 0
149029 0.00 0.00 0.00 0
149030 0.00 0.00 0.00 0
149031 0.00 0.00 0.00 0
149038 0.00 0.00 0.00 0
149039 0.00 0.00 0.00 0
149040 0.00 0.00 0.00 0
149041 0.00 0.00 0.00 0
149042 0.00 0.00 0.00 0
149043 0.00 0.00 0.00 0
149044 0.00 0.00 0.00 0
149045 0.00 0.00 0.00 0
149054 0.00 0.00 0.00 0
149055 0.00 0.00 0.00 0
149056 0.00 0.00 0.00 0
149057 0.00 0.00 0.00 0
149058 0.00 0.00 0.00 0
149069 0.00 0.00 0.00 0
149070 0.00 0.00 0.00 0
149071 0.00 0.00 0.00 0
149072 0.00 0.00 0.00 0
149084 0.00 0.00 0.00 0
149085 0.00 0.00 0.00 0
149086 0.00 0.00 0.00 0
149087 0.00 0.00 0.00 0
149096 0.00 0.00 0.00 0
149097 0.00 0.00 0.00 0
149098 0.00 0.00 0.00 0
149099 0.00 0.00 0.00 0
149104 0.00 0.00 0.00 0
149105 0.00 0.00 0.00 0
149106 0.00 0.00 0.00 0
149556 0.00 0.00 0.00 0
149557 0.00 0.00 0.00 0
149569 0.00 0.00 0.00 0
149570 0.00 0.00 0.00 0
149571 0.00 0.00 0.00 0
149582 0.00 0.00 0.00 0
149583 0.00 0.00 0.00 0
149584 0.00 0.00 0.00 0
149585 0.00 0.00 0.00 0
149586 0.00 0.00 0.00 0
149587 0.00 0.00 0.00 0
149588 0.00 0.00 0.00 0
149594 0.00 0.00 0.00 0
149595 0.00 0.00 0.00 0
149596 0.00 0.00 0.00 0
149597 0.00 0.00 0.00 0
149598 0.00 0.00 0.00 0
149599 0.00 0.00 0.00 0
149600 0.00 0.00 0.00 0
149601 0.00 0.00 0.00 0
149611 0.00 0.00 0.00 0
149612 0.00 0.00 0.00 0
149613 0.00 0.00 0.00 0
149614 0.00 0.00 0.00 0
149615 0.00 0.00 0.00 0
149616 0.00 0.00 0.00 0
149626 0.00 0.00 0.00 0
149627 0.00 0.00 0.00 0
149628 0.00 0.00 0.00 0
149638 0.00 0.00 0.00 0
149639 0.00 0.00 0.00 0
150074 0.00 0.00 0.00 0
150075 0.00 0.00 0.00 0
150076 0.00 0.00 0.00 0
150091 0.00 0.00 0.00 0
150092 0.00 0.00 0.00 0
150093 0.00 0.00 0.00 0
150105 0.00 0.00 0.00 0
150106 0.00 0.00 0.00 0
150107 0.00 0.00 0.00 0
150108 0.00 0.00 0.00 0
150109 0.00 0.00 0.00 0
150110 0.00 0.00 0.00 0
150111 0.00 0.00 0.00 0
150120 0.00 0.00 0.00 0
150121 0.00 0.00 0.00 0
150122 0.00 0.00 0.00 0
150123 0.00 0.00 0.00 0
150124 0.00 0.00 0.00 0
150125 0.00 0.00 0.00 0
150126 0.00 0.00 0.00 0
150127 0.00 0.00 0.00 0
150139 0.00 0.00 0.00 0
150140 0.00 0.00 0.00 0
150141 0.00 0.00 0.00 0
150142 0.00 0.00 0.00 0
150143 0.00 0.00 0.00 0
150561 0.00 0.00 0.00 0
150562 0.00 0.00 0.00 0
150579 0.00 0.00 0.00 0
150580 0.00 0.00 0.00 0
150581 0.00 0.00 0.00 0
150582 0.00 0.00 0.00 0
150596 0.00 0.00 0.00 0
150597 0.00 0.00 0.00 0
150598 0.00 0.00 0.00 0
150599 0.00 0.00 0.00 0
150600 0.00 0.00 0.00 0
150601 0.00 0.00 0.00 0
150613 0.00 0.00 0.00 0
150614 0.00 0.00 0.00 0
150615 0.00 0.00 0.00 0
150616 0.00 0.00 0.00 0
150617 0.00 0.00 0.00 0
150618 0.00 0.00 0.00 0
150619 0.00 0.00 0.00 0
150620 0.00 0.00 0.00 0
150621 0.00 0.00 0.00 0
150632 0.00 0.00 0.00 0
150633 0.00 0.00 0.00 0
150634 0.00 0.00 0.00 0
150635 0.00 0.00 0.00 0
151004 0.00 0.00 0.00 0
151005 0.00 0.00 0.00 0
151022 0.00 0.00 0.00 0
151023 0.00 0.00 0.00 0
151024 0.00 0.00 0.00 0
151025 0.00 0.00 0.00 0
151041 0.00 0.00 0.00 0
151043 0.00 0.00 0.00 0
151044 0.00 0.00 0.00 0
151045 0.00 0.00 0.00 0
151055 0.00 0.00 0.00 0
151056 0.00 0.00 0.00 0
151057 0.00 0.00 0.00 0
151058 0.00 0.00 0.00 0
151059 0.00 0.00 0.00 0
151060 0.00 0.00 0.00 0
151061 0.00 0.00 0.00 0
151062 0.00 0.00 0.00 0
151067 0.00 0.00 0.00 0
151068 0.00 0.00 0.00 0
151069 0.00 0.00 0.00 0
151070 0.00 0.00 0.00 0
151435 0.00 0.00 0.00 0
151436 0.00 0.00 0.00 0
151437 0.00 0.00 0.00 0
151455 0.00 0.00 0.00 0
151456 0.00 0.00 0.00 0
151457 0.00 0.00 0.00 0
151458 0.00 0.00 0.00 0
151468 0.00 0.00 0.00 0
151469 0.00 0.00 0.00 0
151470 0.00 0.00 0.00 0
151873 0.00 0.00 0.00 0
151874 0.00 0.00 0.00 0
151883 0.00 0.00 0.00 0
151884 0.00 0.00 0.00 0
