# parstriangularis
1818
123884 0.00 0.00 0.00 0
124851 0.00 0.00 0.00 0
124852 0.00 0.00 0.00 0
124857 0.00 0.00 0.00 0
124858 0.00 0.00 0.00 0
125773 0.00 0.00 0.00 0
125774 0.00 0.00 0.00 0
125775 0.00 0.00 0.00 0
125776 0.00 0.00 0.00 0
125782 0.00 0.00 0.00 0
125783 0.00 0.00 0.00 0
125784 0.00 0.00 0.00 0
126707 0.00 0.00 0.00 0
126708 0.00 0.00 0.00 0
126709 0.00 0.00 0.00 0
126715 0.00 0.00 0.00 0
127610 0.00 0.00 0.00 0
127611 0.00 0.00 0.00 0
127612 0.00 0.00 0.00 0
127622 0.00 0.00 0.00 0
127623 0.00 0.00 0.00 0
128488 0.00 0.00 0.00 0
128489 0.00 0.00 0.00 0
128490 0.00 0.00 0.00 0
128491 0.00 0.00 0.00 0
128501 0.00 0.00 0.00 0
128502 0.00 0.00 0.00 0
128503 0.00 0.00 0.00 0
128504 0.00 0.00 0.00 0
128505 0.00 0.00 0.00 0
128518 0.00 0.00 0.00 0
128519 0.00 0.00 0.00 0
129457 0.00 0.00 0.00 0
129458 0.00 0.00 0.00 0
129459 0.00 0.00 0.00 0
129460 0.00 0.00 0.00 0
129461 0.00 0.00 0.00 0
129462 0.00 0.00 0.00 0
129465 0.00 0.00 0.00 0
129466 0.00 0.00 0.00 0
129467 0.00 0.00 0.00 0
129468 0.00 0.00 0.00 0
129475 0.00 0.00 0.00 0
130331 0.00 0.00 0.00 0
130332 0.00 0.00 0.00 0
130333 0.00 0.00 0.00 0
130334 0.00 0.00 0.00 0
130335 0.00 0.00 0.00 0
130336 0.00 0.00 0.00 0
130340 0.00 0.00 0.00 0
130341 0.00 0.00 0.00 0
130342 0.00 0.00 0.00 0
130350 0.00 0.00 0.00 0
130356 0.00 0.00 0.00 0
130360 0.00 0.00 0.00 0
130367 0.00 0.00 0.00 0
130368 0.00 0.00 0.00 0
130369 0.00 0.00 0.00 0
131173 0.00 0.00 0.00 0
131176 0.00 0.00 0.00 0
131177 0.00 0.00 0.00 0
131178 0.00 0.00 0.00 0
131179 0.00 0.00 0.00 0
131180 0.00 0.00 0.00 0
131181 0.00 0.00 0.00 0
131182 0.00 0.00 0.00 0
131184 0.00 0.00 0.00 0
131185 0.00 0.00 0.00 0
131186 0.00 0.00 0.00 0
131187 0.00 0.00 0.00 0
131188 0.00 0.00 0.00 0
131189 0.00 0.00 0.00 0
131190 0.00 0.00 0.00 0
131193 0.00 0.00 0.00 0
131196 0.00 0.00 0.00 0
131200 0.00 0.00 0.00 0
131201 0.00 0.00 0.00 0
131202 0.00 0.00 0.00 0
131206 0.00 0.00 0.00 0
131207 0.00 0.00 0.00 0
131208 0.00 0.00 0.00 0
131209 0.00 0.00 0.00 0
131210 0.00 0.00 0.00 0
131211 0.00 0.00 0.00 0
131212 0.00 0.00 0.00 0
131213 0.00 0.00 0.00 0
131214 0.00 0.00 0.00 0
131215 0.00 0.00 0.00 0
131216 0.00 0.00 0.00 0
131217 0.00 0.00 0.00 0
131218 0.00 0.00 0.00 0
131229 0.00 0.00 0.00 0
131230 0.00 0.00 0.00 0
131231 0.00 0.00 0.00 0
131956 0.00 0.00 0.00 0
131969 0.00 0.00 0.00 0
131970 0.00 0.00 0.00 0
131972 0.00 0.00 0.00 0
131973 0.00 0.00 0.00 0
131974 0.00 0.00 0.00 0
131975 0.00 0.00 0.00 0
131980 0.00 0.00 0.00 0
131981 0.00 0.00 0.00 0
131983 0.00 0.00 0.00 0
131984 0.00 0.00 0.00 0
131985 0.00 0.00 0.00 0
131986 0.00 0.00 0.00 0
131987 0.00 0.00 0.00 0
131988 0.00 0.00 0.00 0
131989 0.00 0.00 0.00 0
131990 0.00 0.00 0.00 0
131991 0.00 0.00 0.00 0
131992 0.00 0.00 0.00 0
131993 0.00 0.00 0.00 0
131994 0.00 0.00 0.00 0
131995 0.00 0.00 0.00 0
131997 0.00 0.00 0.00 0
131998 0.00 0.00 0.00 0
131999 0.00 0.00 0.00 0
132000 0.00 0.00 0.00 0
132001 0.00 0.00 0.00 0
132002 0.00 0.00 0.00 0
132003 0.00 0.00 0.00 0
132004 0.00 0.00 0.00 0
132005 0.00 0.00 0.00 0
132006 0.00 0.00 0.00 0
132007 0.00 0.00 0.00 0
132008 0.00 0.00 0.00 0
132010 0.00 0.00 0.00 0
132011 0.00 0.00 0.00 0
132012 0.00 0.00 0.00 0
132013 0.00 0.00 0.00 0
132014 0.00 0.00 0.00 0
132015 0.00 0.00 0.00 0
132016 0.00 0.00 0.00 0
132017 0.00 0.00 0.00 0
132018 0.00 0.00 0.00 0
132019 0.00 0.00 0.00 0
132020 0.00 0.00 0.00 0
132021 0.00 0.00 0.00 0
132022 0.00 0.00 0.00 0
132023 0.00 0.00 0.00 0
132026 0.00 0.00 0.00 0
132027 0.00 0.00 0.00 0
132028 0.00 0.00 0.00 0
132756 0.00 0.00 0.00 0
132770 0.00 0.00 0.00 0
132771 0.00 0.00 0.00 0
132781 0.00 0.00 0.00 0
132782 0.00 0.00 0.00 0
132784 0.00 0.00 0.00 0
132785 0.00 0.00 0.00 0
132786 0.00 0.00 0.00 0
132787 0.00 0.00 0.00 0
132788 0.00 0.00 0.00 0
132789 0.00 0.00 0.00 0
132790 0.00 0.00 0.00 0
132791 0.00 0.00 0.00 0
132792 0.00 0.00 0.00 0
132793 0.00 0.00 0.00 0
132795 0.00 0.00 0.00 0
132796 0.00 0.00 0.00 0
132797 0.00 0.00 0.00 0
132798 0.00 0.00 0.00 0
132799 0.00 0.00 0.00 0
132800 0.00 0.00 0.00 0
132801 0.00 0.00 0.00 0
132802 0.00 0.00 0.00 0
132803 0.00 0.00 0.00 0
132804 0.00 0.00 0.00 0
132805 0.00 0.00 0.00 0
132806 0.00 0.00 0.00 0
132807 0.00 0.00 0.00 0
132808 0.00 0.00 0.00 0
132810 0.00 0.00 0.00 0
132811 0.00 0.00 0.00 0
132812 0.00 0.00 0.00 0
132813 0.00 0.00 0.00 0
132814 0.00 0.00 0.00 0
132815 0.00 0.00 0.00 0
132816 0.00 0.00 0.00 0
132817 0.00 0.00 0.00 0
132818 0.00 0.00 0.00 0
132819 0.00 0.00 0.00 0
132820 0.00 0.00 0.00 0
132821 0.00 0.00 0.00 0
132822 0.00 0.00 0.00 0
132823 0.00 0.00 0.00 0
132824 0.00 0.00 0.00 0
132825 0.00 0.00 0.00 0
132826 0.00 0.00 0.00 0
132827 0.00 0.00 0.00 0
132828 0.00 0.00 0.00 0
132829 0.00 0.00 0.00 0
132830 0.00 0.00 0.00 0
132832 0.00 0.00 0.00 0
132833 0.00 0.00 0.00 0
132834 0.00 0.00 0.00 0
132835 0.00 0.00 0.00 0
132836 0.00 0.00 0.00 0
132838 0.00 0.00 0.00 0
132888 0.00 0.00 0.00 0
133594 0.00 0.00 0.00 0
133595 0.00 0.00 0.00 0
133596 0.00 0.00 0.00 0
133597 0.00 0.00 0.00 0
133608 0.00 0.00 0.00 0
133609 0.00 0.00 0.00 0
133610 0.00 0.00 0.00 0
133611 0.00 0.00 0.00 0
133613 0.00 0.00 0.00 0
133614 0.00 0.00 0.00 0
133615 0.00 0.00 0.00 0
133616 0.00 0.00 0.00 0
133617 0.00 0.00 0.00 0
133618 0.00 0.00 0.00 0
133619 0.00 0.00 0.00 0
133621 0.00 0.00 0.00 0
133622 0.00 0.00 0.00 0
133623 0.00 0.00 0.00 0
133624 0.00 0.00 0.00 0
133625 0.00 0.00 0.00 0
133626 0.00 0.00 0.00 0
133627 0.00 0.00 0.00 0
133628 0.00 0.00 0.00 0
133629 0.00 0.00 0.00 0
133630 0.00 0.00 0.00 0
133631 0.00 0.00 0.00 0
133633 0.00 0.00 0.00 0
133634 0.00 0.00 0.00 0
133635 0.00 0.00 0.00 0
133636 0.00 0.00 0.00 0
133637 0.00 0.00 0.00 0
133638 0.00 0.00 0.00 0
133639 0.00 0.00 0.00 0
133640 0.00 0.00 0.00 0
133641 0.00 0.00 0.00 0
133642 0.00 0.00 0.00 0
133643 0.00 0.00 0.00 0
133644 0.00 0.00 0.00 0
133645 0.00 0.00 0.00 0
133646 0.00 0.00 0.00 0
133647 0.00 0.00 0.00 0
133648 0.00 0.00 0.00 0
133649 0.00 0.00 0.00 0
133650 0.00 0.00 0.00 0
133651 0.00 0.00 0.00 0
133652 0.00 0.00 0.00 0
133653 0.00 0.00 0.00 0
133654 0.00 0.00 0.00 0
133656 0.00 0.00 0.00 0
133657 0.00 0.00 0.00 0
133658 0.00 0.00 0.00 0
133659 0.00 0.00 0.00 0
133660 0.00 0.00 0.00 0
133661 0.00 0.00 0.00 0
133662 0.00 0.00 0.00 0
133663 0.00 0.00 0.00 0
133664 0.00 0.00 0.00 0
133665 0.00 0.00 0.00 0
133666 0.00 0.00 0.00 0
133667 0.00 0.00 0.00 0
133668 0.00 0.00 0.00 0
133669 0.00 0.00 0.00 0
133670 0.00 0.00 0.00 0
133671 0.00 0.00 0.00 0
133672 0.00 0.00 0.00 0
133673 0.00 0.00 0.00 0
133674 0.00 0.00 0.00 0
133676 0.00 0.00 0.00 0
133677 0.00 0.00 0.00 0
133678 0.00 0.00 0.00 0
133679 0.00 0.00 0.00 0
133680 0.00 0.00 0.00 0
133681 0.00 0.00 0.00 0
133712 0.00 0.00 0.00 0
133713 0.00 0.00 0.00 0
133714 0.00 0.00 0.00 0
133715 0.00 0.00 0.00 0
133716 0.00 0.00 0.00 0
133724 0.00 0.00 0.00 0
133725 0.00 0.00 0.00 0
133726 0.00 0.00 0.00 0
133727 0.00 0.00 0.00 0
133728 0.00 0.00 0.00 0
133729 0.00 0.00 0.00 0
133730 0.00 0.00 0.00 0
133741 0.00 0.00 0.00 0
133742 0.00 0.00 0.00 0
133743 0.00 0.00 0.00 0
133744 0.00 0.00 0.00 0
133745 0.00 0.00 0.00 0
133746 0.00 0.00 0.00 0
133765 0.00 0.00 0.00 0
133766 0.00 0.00 0.00 0
133767 0.00 0.00 0.00 0
133768 0.00 0.00 0.00 0
134465 0.00 0.00 0.00 0
134466 0.00 0.00 0.00 0
134467 0.00 0.00 0.00 0
134468 0.00 0.00 0.00 0
134477 0.00 0.00 0.00 0
134478 0.00 0.00 0.00 0
134479 0.00 0.00 0.00 0
134480 0.00 0.00 0.00 0
134481 0.00 0.00 0.00 0
134482 0.00 0.00 0.00 0
134483 0.00 0.00 0.00 0
134484 0.00 0.00 0.00 0
134490 0.00 0.00 0.00 0
134491 0.00 0.00 0.00 0
134494 0.00 0.00 0.00 0
134495 0.00 0.00 0.00 0
134496 0.00 0.00 0.00 0
134497 0.00 0.00 0.00 0
134498 0.00 0.00 0.00 0
134499 0.00 0.00 0.00 0
134500 0.00 0.00 0.00 0
134501 0.00 0.00 0.00 0
134502 0.00 0.00 0.00 0
134504 0.00 0.00 0.00 0
134505 0.00 0.00 0.00 0
134506 0.00 0.00 0.00 0
134507 0.00 0.00 0.00 0
134508 0.00 0.00 0.00 0
134509 0.00 0.00 0.00 0
134510 0.00 0.00 0.00 0
134511 0.00 0.00 0.00 0
134512 0.00 0.00 0.00 0
134513 0.00 0.00 0.00 0
134515 0.00 0.00 0.00 0
134516 0.00 0.00 0.00 0
134517 0.00 0.00 0.00 0
134518 0.00 0.00 0.00 0
134519 0.00 0.00 0.00 0
134520 0.00 0.00 0.00 0
134521 0.00 0.00 0.00 0
134522 0.00 0.00 0.00 0
134523 0.00 0.00 0.00 0
134524 0.00 0.00 0.00 0
134525 0.00 0.00 0.00 0
134526 0.00 0.00 0.00 0
134527 0.00 0.00 0.00 0
134528 0.00 0.00 0.00 0
134529 0.00 0.00 0.00 0
134530 0.00 0.00 0.00 0
134531 0.00 0.00 0.00 0
134533 0.00 0.00 0.00 0
134534 0.00 0.00 0.00 0
134535 0.00 0.00 0.00 0
134536 0.00 0.00 0.00 0
134537 0.00 0.00 0.00 0
134538 0.00 0.00 0.00 0
134539 0.00 0.00 0.00 0
134540 0.00 0.00 0.00 0
134541 0.00 0.00 0.00 0
134542 0.00 0.00 0.00 0
134543 0.00 0.00 0.00 0
134544 0.00 0.00 0.00 0
134545 0.00 0.00 0.00 0
134546 0.00 0.00 0.00 0
134548 0.00 0.00 0.00 0
134549 0.00 0.00 0.00 0
134550 0.00 0.00 0.00 0
134551 0.00 0.00 0.00 0
134552 0.00 0.00 0.00 0
134553 0.00 0.00 0.00 0
134554 0.00 0.00 0.00 0
134555 0.00 0.00 0.00 0
134556 0.00 0.00 0.00 0
134557 0.00 0.00 0.00 0
134558 0.00 0.00 0.00 0
134561 0.00 0.00 0.00 0
134562 0.00 0.00 0.00 0
134563 0.00 0.00 0.00 0
134564 0.00 0.00 0.00 0
134565 0.00 0.00 0.00 0
134566 0.00 0.00 0.00 0
134573 0.00 0.00 0.00 0
134574 0.00 0.00 0.00 0
134575 0.00 0.00 0.00 0
134576 0.00 0.00 0.00 0
134577 0.00 0.00 0.00 0
134584 0.00 0.00 0.00 0
134585 0.00 0.00 0.00 0
134586 0.00 0.00 0.00 0
134587 0.00 0.00 0.00 0
134588 0.00 0.00 0.00 0
134596 0.00 0.00 0.00 0
134597 0.00 0.00 0.00 0
134598 0.00 0.00 0.00 0
134599 0.00 0.00 0.00 0
134600 0.00 0.00 0.00 0
134606 0.00 0.00 0.00 0
134607 0.00 0.00 0.00 0
134608 0.00 0.00 0.00 0
134609 0.00 0.00 0.00 0
134610 0.00 0.00 0.00 0
134611 0.00 0.00 0.00 0
134617 0.00 0.00 0.00 0
134618 0.00 0.00 0.00 0
134619 0.00 0.00 0.00 0
134620 0.00 0.00 0.00 0
134621 0.00 0.00 0.00 0
134622 0.00 0.00 0.00 0
134623 0.00 0.00 0.00 0
134624 0.00 0.00 0.00 0
134625 0.00 0.00 0.00 0
134626 0.00 0.00 0.00 0
134633 0.00 0.00 0.00 0
134634 0.00 0.00 0.00 0
134635 0.00 0.00 0.00 0
134636 0.00 0.00 0.00 0
134637 0.00 0.00 0.00 0
134638 0.00 0.00 0.00 0
134639 0.00 0.00 0.00 0
134640 0.00 0.00 0.00 0
134641 0.00 0.00 0.00 0
134642 0.00 0.00 0.00 0
134643 0.00 0.00 0.00 0
134644 0.00 0.00 0.00 0
134653 0.00 0.00 0.00 0
134654 0.00 0.00 0.00 0
134655 0.00 0.00 0.00 0
134656 0.00 0.00 0.00 0
134657 0.00 0.00 0.00 0
134658 0.00 0.00 0.00 0
134659 0.00 0.00 0.00 0
134660 0.00 0.00 0.00 0
134661 0.00 0.00 0.00 0
134662 0.00 0.00 0.00 0
134674 0.00 0.00 0.00 0
134675 0.00 0.00 0.00 0
134676 0.00 0.00 0.00 0
134677 0.00 0.00 0.00 0
134678 0.00 0.00 0.00 0
134679 0.00 0.00 0.00 0
134680 0.00 0.00 0.00 0
134691 0.00 0.00 0.00 0
134692 0.00 0.00 0.00 0
135342 0.00 0.00 0.00 0
135343 0.00 0.00 0.00 0
135346 0.00 0.00 0.00 0
135347 0.00 0.00 0.00 0
135348 0.00 0.00 0.00 0
135349 0.00 0.00 0.00 0
135350 0.00 0.00 0.00 0
135351 0.00 0.00 0.00 0
135352 0.00 0.00 0.00 0
135353 0.00 0.00 0.00 0
135354 0.00 0.00 0.00 0
135355 0.00 0.00 0.00 0
135360 0.00 0.00 0.00 0
135361 0.00 0.00 0.00 0
135367 0.00 0.00 0.00 0
135368 0.00 0.00 0.00 0
135369 0.00 0.00 0.00 0
135370 0.00 0.00 0.00 0
135371 0.00 0.00 0.00 0
135376 0.00 0.00 0.00 0
135377 0.00 0.00 0.00 0
135378 0.00 0.00 0.00 0
135379 0.00 0.00 0.00 0
135380 0.00 0.00 0.00 0
135381 0.00 0.00 0.00 0
135382 0.00 0.00 0.00 0
135383 0.00 0.00 0.00 0
135384 0.00 0.00 0.00 0
135387 0.00 0.00 0.00 0
135388 0.00 0.00 0.00 0
135389 0.00 0.00 0.00 0
135390 0.00 0.00 0.00 0
135391 0.00 0.00 0.00 0
135392 0.00 0.00 0.00 0
135393 0.00 0.00 0.00 0
135394 0.00 0.00 0.00 0
135395 0.00 0.00 0.00 0
135396 0.00 0.00 0.00 0
135397 0.00 0.00 0.00 0
135399 0.00 0.00 0.00 0
135400 0.00 0.00 0.00 0
135401 0.00 0.00 0.00 0
135402 0.00 0.00 0.00 0
135403 0.00 0.00 0.00 0
135404 0.00 0.00 0.00 0
135405 0.00 0.00 0.00 0
135406 0.00 0.00 0.00 0
135409 0.00 0.00 0.00 0
135410 0.00 0.00 0.00 0
135411 0.00 0.00 0.00 0
135412 0.00 0.00 0.00 0
135413 0.00 0.00 0.00 0
135414 0.00 0.00 0.00 0
135415 0.00 0.00 0.00 0
135416 0.00 0.00 0.00 0
135417 0.00 0.00 0.00 0
135418 0.00 0.00 0.00 0
135419 0.00 0.00 0.00 0
135425 0.00 0.00 0.00 0
135426 0.00 0.00 0.00 0
135427 0.00 0.00 0.00 0
135428 0.00 0.00 0.00 0
135429 0.00 0.00 0.00 0
135430 0.00 0.00 0.00 0
135431 0.00 0.00 0.00 0
135432 0.00 0.00 0.00 0
135433 0.00 0.00 0.00 0
135443 0.00 0.00 0.00 0
135444 0.00 0.00 0.00 0
135445 0.00 0.00 0.00 0
135446 0.00 0.00 0.00 0
135447 0.00 0.00 0.00 0
135448 0.00 0.00 0.00 0
135449 0.00 0.00 0.00 0
135450 0.00 0.00 0.00 0
135451 0.00 0.00 0.00 0
135459 0.00 0.00 0.00 0
135460 0.00 0.00 0.00 0
135461 0.00 0.00 0.00 0
135462 0.00 0.00 0.00 0
135463 0.00 0.00 0.00 0
135464 0.00 0.00 0.00 0
135465 0.00 0.00 0.00 0
135466 0.00 0.00 0.00 0
135467 0.00 0.00 0.00 0
135468 0.00 0.00 0.00 0
135476 0.00 0.00 0.00 0
135477 0.00 0.00 0.00 0
135478 0.00 0.00 0.00 0
135479 0.00 0.00 0.00 0
135480 0.00 0.00 0.00 0
135481 0.00 0.00 0.00 0
135482 0.00 0.00 0.00 0
135483 0.00 0.00 0.00 0
135484 0.00 0.00 0.00 0
135485 0.00 0.00 0.00 0
135486 0.00 0.00 0.00 0
135487 0.00 0.00 0.00 0
135493 0.00 0.00 0.00 0
135494 0.00 0.00 0.00 0
135495 0.00 0.00 0.00 0
135496 0.00 0.00 0.00 0
135497 0.00 0.00 0.00 0
135498 0.00 0.00 0.00 0
135499 0.00 0.00 0.00 0
135500 0.00 0.00 0.00 0
135501 0.00 0.00 0.00 0
135502 0.00 0.00 0.00 0
135503 0.00 0.00 0.00 0
135504 0.00 0.00 0.00 0
135505 0.00 0.00 0.00 0
135512 0.00 0.00 0.00 0
135513 0.00 0.00 0.00 0
135514 0.00 0.00 0.00 0
135515 0.00 0.00 0.00 0
135516 0.00 0.00 0.00 0
135517 0.00 0.00 0.00 0
135518 0.00 0.00 0.00 0
135519 0.00 0.00 0.00 0
135520 0.00 0.00 0.00 0
135521 0.00 0.00 0.00 0
135522 0.00 0.00 0.00 0
135530 0.00 0.00 0.00 0
135531 0.00 0.00 0.00 0
135532 0.00 0.00 0.00 0
135533 0.00 0.00 0.00 0
135534 0.00 0.00 0.00 0
135535 0.00 0.00 0.00 0
135536 0.00 0.00 0.00 0
135537 0.00 0.00 0.00 0
135538 0.00 0.00 0.00 0
135544 0.00 0.00 0.00 0
135545 0.00 0.00 0.00 0
135546 0.00 0.00 0.00 0
135547 0.00 0.00 0.00 0
135548 0.00 0.00 0.00 0
135549 0.00 0.00 0.00 0
135557 0.00 0.00 0.00 0
135558 0.00 0.00 0.00 0
135559 0.00 0.00 0.00 0
135560 0.00 0.00 0.00 0
135561 0.00 0.00 0.00 0
135567 0.00 0.00 0.00 0
135568 0.00 0.00 0.00 0
135571 0.00 0.00 0.00 0
135572 0.00 0.00 0.00 0
136141 0.00 0.00 0.00 0
136142 0.00 0.00 0.00 0
136143 0.00 0.00 0.00 0
136144 0.00 0.00 0.00 0
136145 0.00 0.00 0.00 0
136146 0.00 0.00 0.00 0
136147 0.00 0.00 0.00 0
136148 0.00 0.00 0.00 0
136149 0.00 0.00 0.00 0
136150 0.00 0.00 0.00 0
136151 0.00 0.00 0.00 0
136153 0.00 0.00 0.00 0
136154 0.00 0.00 0.00 0
136155 0.00 0.00 0.00 0
136156 0.00 0.00 0.00 0
136157 0.00 0.00 0.00 0
136158 0.00 0.00 0.00 0
136159 0.00 0.00 0.00 0
136160 0.00 0.00 0.00 0
136161 0.00 0.00 0.00 0
136164 0.00 0.00 0.00 0
136165 0.00 0.00 0.00 0
136170 0.00 0.00 0.00 0
136171 0.00 0.00 0.00 0
136172 0.00 0.00 0.00 0
136173 0.00 0.00 0.00 0
136174 0.00 0.00 0.00 0
136175 0.00 0.00 0.00 0
136176 0.00 0.00 0.00 0
136182 0.00 0.00 0.00 0
136183 0.00 0.00 0.00 0
136184 0.00 0.00 0.00 0
136185 0.00 0.00 0.00 0
136186 0.00 0.00 0.00 0
136187 0.00 0.00 0.00 0
136188 0.00 0.00 0.00 0
136189 0.00 0.00 0.00 0
136190 0.00 0.00 0.00 0
136191 0.00 0.00 0.00 0
136192 0.00 0.00 0.00 0
136193 0.00 0.00 0.00 0
136194 0.00 0.00 0.00 0
136200 0.00 0.00 0.00 0
136201 0.00 0.00 0.00 0
136202 0.00 0.00 0.00 0
136203 0.00 0.00 0.00 0
136204 0.00 0.00 0.00 0
136205 0.00 0.00 0.00 0
136206 0.00 0.00 0.00 0
136207 0.00 0.00 0.00 0
136213 0.00 0.00 0.00 0
136214 0.00 0.00 0.00 0
136215 0.00 0.00 0.00 0
136216 0.00 0.00 0.00 0
136217 0.00 0.00 0.00 0
136218 0.00 0.00 0.00 0
136219 0.00 0.00 0.00 0
136225 0.00 0.00 0.00 0
136226 0.00 0.00 0.00 0
136227 0.00 0.00 0.00 0
136228 0.00 0.00 0.00 0
136229 0.00 0.00 0.00 0
136230 0.00 0.00 0.00 0
136231 0.00 0.00 0.00 0
136232 0.00 0.00 0.00 0
136233 0.00 0.00 0.00 0
136241 0.00 0.00 0.00 0
136242 0.00 0.00 0.00 0
136243 0.00 0.00 0.00 0
136244 0.00 0.00 0.00 0
136245 0.00 0.00 0.00 0
136246 0.00 0.00 0.00 0
136247 0.00 0.00 0.00 0
136248 0.00 0.00 0.00 0
136249 0.00 0.00 0.00 0
136250 0.00 0.00 0.00 0
136256 0.00 0.00 0.00 0
136257 0.00 0.00 0.00 0
136258 0.00 0.00 0.00 0
136259 0.00 0.00 0.00 0
136260 0.00 0.00 0.00 0
136261 0.00 0.00 0.00 0
136262 0.00 0.00 0.00 0
136263 0.00 0.00 0.00 0
136264 0.00 0.00 0.00 0
136265 0.00 0.00 0.00 0
136266 0.00 0.00 0.00 0
136267 0.00 0.00 0.00 0
136268 0.00 0.00 0.00 0
136273 0.00 0.00 0.00 0
136274 0.00 0.00 0.00 0
136275 0.00 0.00 0.00 0
136276 0.00 0.00 0.00 0
136277 0.00 0.00 0.00 0
136278 0.00 0.00 0.00 0
136279 0.00 0.00 0.00 0
136280 0.00 0.00 0.00 0
136281 0.00 0.00 0.00 0
136282 0.00 0.00 0.00 0
136283 0.00 0.00 0.00 0
136284 0.00 0.00 0.00 0
136285 0.00 0.00 0.00 0
136287 0.00 0.00 0.00 0
136288 0.00 0.00 0.00 0
136289 0.00 0.00 0.00 0
136290 0.00 0.00 0.00 0
136291 0.00 0.00 0.00 0
136292 0.00 0.00 0.00 0
136293 0.00 0.00 0.00 0
136294 0.00 0.00 0.00 0
136295 0.00 0.00 0.00 0
136296 0.00 0.00 0.00 0
136297 0.00 0.00 0.00 0
136300 0.00 0.00 0.00 0
136301 0.00 0.00 0.00 0
136302 0.00 0.00 0.00 0
136303 0.00 0.00 0.00 0
136304 0.00 0.00 0.00 0
136305 0.00 0.00 0.00 0
136310 0.00 0.00 0.00 0
136311 0.00 0.00 0.00 0
136312 0.00 0.00 0.00 0
136313 0.00 0.00 0.00 0
136314 0.00 0.00 0.00 0
136315 0.00 0.00 0.00 0
136316 0.00 0.00 0.00 0
136323 0.00 0.00 0.00 0
136324 0.00 0.00 0.00 0
136325 0.00 0.00 0.00 0
136326 0.00 0.00 0.00 0
136327 0.00 0.00 0.00 0
136328 0.00 0.00 0.00 0
136336 0.00 0.00 0.00 0
136337 0.00 0.00 0.00 0
136338 0.00 0.00 0.00 0
136339 0.00 0.00 0.00 0
136340 0.00 0.00 0.00 0
136342 0.00 0.00 0.00 0
136343 0.00 0.00 0.00 0
136344 0.00 0.00 0.00 0
136345 0.00 0.00 0.00 0
136346 0.00 0.00 0.00 0
136351 0.00 0.00 0.00 0
136352 0.00 0.00 0.00 0
136364 0.00 0.00 0.00 0
136842 0.00 0.00 0.00 0
136843 0.00 0.00 0.00 0
136844 0.00 0.00 0.00 0
136845 0.00 0.00 0.00 0
136846 0.00 0.00 0.00 0
136847 0.00 0.00 0.00 0
136848 0.00 0.00 0.00 0
136851 0.00 0.00 0.00 0
136852 0.00 0.00 0.00 0
136853 0.00 0.00 0.00 0
136854 0.00 0.00 0.00 0
136855 0.00 0.00 0.00 0
136856 0.00 0.00 0.00 0
136857 0.00 0.00 0.00 0
136858 0.00 0.00 0.00 0
136859 0.00 0.00 0.00 0
136860 0.00 0.00 0.00 0
136861 0.00 0.00 0.00 0
136862 0.00 0.00 0.00 0
136864 0.00 0.00 0.00 0
136865 0.00 0.00 0.00 0
136866 0.00 0.00 0.00 0
136867 0.00 0.00 0.00 0
136868 0.00 0.00 0.00 0
136869 0.00 0.00 0.00 0
136870 0.00 0.00 0.00 0
136871 0.00 0.00 0.00 0
136872 0.00 0.00 0.00 0
136873 0.00 0.00 0.00 0
136875 0.00 0.00 0.00 0
136876 0.00 0.00 0.00 0
136877 0.00 0.00 0.00 0
136878 0.00 0.00 0.00 0
136879 0.00 0.00 0.00 0
136880 0.00 0.00 0.00 0
136882 0.00 0.00 0.00 0
136883 0.00 0.00 0.00 0
136884 0.00 0.00 0.00 0
136885 0.00 0.00 0.00 0
136886 0.00 0.00 0.00 0
136887 0.00 0.00 0.00 0
136888 0.00 0.00 0.00 0
136889 0.00 0.00 0.00 0
136890 0.00 0.00 0.00 0
136894 0.00 0.00 0.00 0
136895 0.00 0.00 0.00 0
136896 0.00 0.00 0.00 0
136897 0.00 0.00 0.00 0
136898 0.00 0.00 0.00 0
136899 0.00 0.00 0.00 0
136900 0.00 0.00 0.00 0
136901 0.00 0.00 0.00 0
136902 0.00 0.00 0.00 0
136903 0.00 0.00 0.00 0
136904 0.00 0.00 0.00 0
136908 0.00 0.00 0.00 0
136909 0.00 0.00 0.00 0
136910 0.00 0.00 0.00 0
136911 0.00 0.00 0.00 0
136912 0.00 0.00 0.00 0
136913 0.00 0.00 0.00 0
136914 0.00 0.00 0.00 0
136915 0.00 0.00 0.00 0
136916 0.00 0.00 0.00 0
136920 0.00 0.00 0.00 0
136921 0.00 0.00 0.00 0
136922 0.00 0.00 0.00 0
136923 0.00 0.00 0.00 0
136924 0.00 0.00 0.00 0
136925 0.00 0.00 0.00 0
136926 0.00 0.00 0.00 0
136927 0.00 0.00 0.00 0
136928 0.00 0.00 0.00 0
136929 0.00 0.00 0.00 0
136930 0.00 0.00 0.00 0
136934 0.00 0.00 0.00 0
136935 0.00 0.00 0.00 0
136936 0.00 0.00 0.00 0
136937 0.00 0.00 0.00 0
136938 0.00 0.00 0.00 0
136939 0.00 0.00 0.00 0
136940 0.00 0.00 0.00 0
136941 0.00 0.00 0.00 0
136942 0.00 0.00 0.00 0
136943 0.00 0.00 0.00 0
136946 0.00 0.00 0.00 0
136947 0.00 0.00 0.00 0
136948 0.00 0.00 0.00 0
136949 0.00 0.00 0.00 0
136950 0.00 0.00 0.00 0
136951 0.00 0.00 0.00 0
136952 0.00 0.00 0.00 0
136953 0.00 0.00 0.00 0
136954 0.00 0.00 0.00 0
136956 0.00 0.00 0.00 0
136957 0.00 0.00 0.00 0
136958 0.00 0.00 0.00 0
136959 0.00 0.00 0.00 0
136960 0.00 0.00 0.00 0
136961 0.00 0.00 0.00 0
136962 0.00 0.00 0.00 0
136963 0.00 0.00 0.00 0
136964 0.00 0.00 0.00 0
136965 0.00 0.00 0.00 0
136968 0.00 0.00 0.00 0
136969 0.00 0.00 0.00 0
136970 0.00 0.00 0.00 0
136971 0.00 0.00 0.00 0
136972 0.00 0.00 0.00 0
136973 0.00 0.00 0.00 0
136974 0.00 0.00 0.00 0
136975 0.00 0.00 0.00 0
136979 0.00 0.00 0.00 0
136980 0.00 0.00 0.00 0
136981 0.00 0.00 0.00 0
136982 0.00 0.00 0.00 0
136983 0.00 0.00 0.00 0
136984 0.00 0.00 0.00 0
136985 0.00 0.00 0.00 0
136992 0.00 0.00 0.00 0
136993 0.00 0.00 0.00 0
136994 0.00 0.00 0.00 0
136995 0.00 0.00 0.00 0
136996 0.00 0.00 0.00 0
136997 0.00 0.00 0.00 0
136998 0.00 0.00 0.00 0
136999 0.00 0.00 0.00 0
137007 0.00 0.00 0.00 0
137008 0.00 0.00 0.00 0
137009 0.00 0.00 0.00 0
137010 0.00 0.00 0.00 0
137011 0.00 0.00 0.00 0
137012 0.00 0.00 0.00 0
137013 0.00 0.00 0.00 0
137014 0.00 0.00 0.00 0
137023 0.00 0.00 0.00 0
137024 0.00 0.00 0.00 0
137025 0.00 0.00 0.00 0
137026 0.00 0.00 0.00 0
137027 0.00 0.00 0.00 0
137032 0.00 0.00 0.00 0
137033 0.00 0.00 0.00 0
137034 0.00 0.00 0.00 0
137035 0.00 0.00 0.00 0
137036 0.00 0.00 0.00 0
137045 0.00 0.00 0.00 0
137046 0.00 0.00 0.00 0
137047 0.00 0.00 0.00 0
137065 0.00 0.00 0.00 0
137066 0.00 0.00 0.00 0
137499 0.00 0.00 0.00 0
137500 0.00 0.00 0.00 0
137501 0.00 0.00 0.00 0
137502 0.00 0.00 0.00 0
137503 0.00 0.00 0.00 0
137504 0.00 0.00 0.00 0
137507 0.00 0.00 0.00 0
137508 0.00 0.00 0.00 0
137509 0.00 0.00 0.00 0
137510 0.00 0.00 0.00 0
137511 0.00 0.00 0.00 0
137512 0.00 0.00 0.00 0
137513 0.00 0.00 0.00 0
137514 0.00 0.00 0.00 0
137515 0.00 0.00 0.00 0
137516 0.00 0.00 0.00 0
137517 0.00 0.00 0.00 0
137520 0.00 0.00 0.00 0
137521 0.00 0.00 0.00 0
137522 0.00 0.00 0.00 0
137523 0.00 0.00 0.00 0
137524 0.00 0.00 0.00 0
137525 0.00 0.00 0.00 0
137526 0.00 0.00 0.00 0
137527 0.00 0.00 0.00 0
137528 0.00 0.00 0.00 0
137529 0.00 0.00 0.00 0
137530 0.00 0.00 0.00 0
137531 0.00 0.00 0.00 0
137535 0.00 0.00 0.00 0
137536 0.00 0.00 0.00 0
137537 0.00 0.00 0.00 0
137538 0.00 0.00 0.00 0
137539 0.00 0.00 0.00 0
137540 0.00 0.00 0.00 0
137541 0.00 0.00 0.00 0
137542 0.00 0.00 0.00 0
137543 0.00 0.00 0.00 0
137547 0.00 0.00 0.00 0
137548 0.00 0.00 0.00 0
137549 0.00 0.00 0.00 0
137550 0.00 0.00 0.00 0
137551 0.00 0.00 0.00 0
137552 0.00 0.00 0.00 0
137553 0.00 0.00 0.00 0
137554 0.00 0.00 0.00 0
137555 0.00 0.00 0.00 0
137556 0.00 0.00 0.00 0
137557 0.00 0.00 0.00 0
137558 0.00 0.00 0.00 0
137562 0.00 0.00 0.00 0
137563 0.00 0.00 0.00 0
137564 0.00 0.00 0.00 0
137565 0.00 0.00 0.00 0
137566 0.00 0.00 0.00 0
137567 0.00 0.00 0.00 0
137568 0.00 0.00 0.00 0
137569 0.00 0.00 0.00 0
137570 0.00 0.00 0.00 0
137571 0.00 0.00 0.00 0
137572 0.00 0.00 0.00 0
137576 0.00 0.00 0.00 0
137577 0.00 0.00 0.00 0
137578 0.00 0.00 0.00 0
137579 0.00 0.00 0.00 0
137580 0.00 0.00 0.00 0
137581 0.00 0.00 0.00 0
137582 0.00 0.00 0.00 0
137583 0.00 0.00 0.00 0
137584 0.00 0.00 0.00 0
137585 0.00 0.00 0.00 0
137588 0.00 0.00 0.00 0
137589 0.00 0.00 0.00 0
137590 0.00 0.00 0.00 0
137591 0.00 0.00 0.00 0
137592 0.00 0.00 0.00 0
137593 0.00 0.00 0.00 0
137594 0.00 0.00 0.00 0
137595 0.00 0.00 0.00 0
137597 0.00 0.00 0.00 0
137598 0.00 0.00 0.00 0
137599 0.00 0.00 0.00 0
137600 0.00 0.00 0.00 0
137601 0.00 0.00 0.00 0
137602 0.00 0.00 0.00 0
137603 0.00 0.00 0.00 0
137604 0.00 0.00 0.00 0
137605 0.00 0.00 0.00 0
137607 0.00 0.00 0.00 0
137608 0.00 0.00 0.00 0
137609 0.00 0.00 0.00 0
137610 0.00 0.00 0.00 0
137611 0.00 0.00 0.00 0
137612 0.00 0.00 0.00 0
137613 0.00 0.00 0.00 0
137614 0.00 0.00 0.00 0
137615 0.00 0.00 0.00 0
137616 0.00 0.00 0.00 0
137617 0.00 0.00 0.00 0
137621 0.00 0.00 0.00 0
137622 0.00 0.00 0.00 0
137623 0.00 0.00 0.00 0
137624 0.00 0.00 0.00 0
137625 0.00 0.00 0.00 0
137626 0.00 0.00 0.00 0
137627 0.00 0.00 0.00 0
137628 0.00 0.00 0.00 0
137629 0.00 0.00 0.00 0
137633 0.00 0.00 0.00 0
137634 0.00 0.00 0.00 0
137635 0.00 0.00 0.00 0
137636 0.00 0.00 0.00 0
137637 0.00 0.00 0.00 0
137638 0.00 0.00 0.00 0
137639 0.00 0.00 0.00 0
137640 0.00 0.00 0.00 0
137641 0.00 0.00 0.00 0
137653 0.00 0.00 0.00 0
137654 0.00 0.00 0.00 0
137655 0.00 0.00 0.00 0
137656 0.00 0.00 0.00 0
137657 0.00 0.00 0.00 0
137658 0.00 0.00 0.00 0
137659 0.00 0.00 0.00 0
137660 0.00 0.00 0.00 0
137661 0.00 0.00 0.00 0
137674 0.00 0.00 0.00 0
137675 0.00 0.00 0.00 0
137676 0.00 0.00 0.00 0
137677 0.00 0.00 0.00 0
137678 0.00 0.00 0.00 0
137679 0.00 0.00 0.00 0
137680 0.00 0.00 0.00 0
137681 0.00 0.00 0.00 0
137682 0.00 0.00 0.00 0
137683 0.00 0.00 0.00 0
137693 0.00 0.00 0.00 0
137694 0.00 0.00 0.00 0
137695 0.00 0.00 0.00 0
137696 0.00 0.00 0.00 0
137697 0.00 0.00 0.00 0
137698 0.00 0.00 0.00 0
137699 0.00 0.00 0.00 0
137700 0.00 0.00 0.00 0
137701 0.00 0.00 0.00 0
137707 0.00 0.00 0.00 0
137708 0.00 0.00 0.00 0
137709 0.00 0.00 0.00 0
137710 0.00 0.00 0.00 0
137711 0.00 0.00 0.00 0
137712 0.00 0.00 0.00 0
137713 0.00 0.00 0.00 0
137714 0.00 0.00 0.00 0
137729 0.00 0.00 0.00 0
137730 0.00 0.00 0.00 0
137731 0.00 0.00 0.00 0
137732 0.00 0.00 0.00 0
137753 0.00 0.00 0.00 0
137754 0.00 0.00 0.00 0
137755 0.00 0.00 0.00 0
137756 0.00 0.00 0.00 0
138173 0.00 0.00 0.00 0
138176 0.00 0.00 0.00 0
138177 0.00 0.00 0.00 0
138178 0.00 0.00 0.00 0
138179 0.00 0.00 0.00 0
138180 0.00 0.00 0.00 0
138184 0.00 0.00 0.00 0
138185 0.00 0.00 0.00 0
138186 0.00 0.00 0.00 0
138187 0.00 0.00 0.00 0
138188 0.00 0.00 0.00 0
138189 0.00 0.00 0.00 0
138190 0.00 0.00 0.00 0
138191 0.00 0.00 0.00 0
138195 0.00 0.00 0.00 0
138196 0.00 0.00 0.00 0
138197 0.00 0.00 0.00 0
138198 0.00 0.00 0.00 0
138199 0.00 0.00 0.00 0
138200 0.00 0.00 0.00 0
138201 0.00 0.00 0.00 0
138202 0.00 0.00 0.00 0
138203 0.00 0.00 0.00 0
138204 0.00 0.00 0.00 0
138207 0.00 0.00 0.00 0
138208 0.00 0.00 0.00 0
138209 0.00 0.00 0.00 0
138210 0.00 0.00 0.00 0
138211 0.00 0.00 0.00 0
138212 0.00 0.00 0.00 0
138213 0.00 0.00 0.00 0
138214 0.00 0.00 0.00 0
138215 0.00 0.00 0.00 0
138216 0.00 0.00 0.00 0
138219 0.00 0.00 0.00 0
138220 0.00 0.00 0.00 0
138221 0.00 0.00 0.00 0
138222 0.00 0.00 0.00 0
138223 0.00 0.00 0.00 0
138224 0.00 0.00 0.00 0
138225 0.00 0.00 0.00 0
138226 0.00 0.00 0.00 0
138227 0.00 0.00 0.00 0
138229 0.00 0.00 0.00 0
138230 0.00 0.00 0.00 0
138231 0.00 0.00 0.00 0
138232 0.00 0.00 0.00 0
138233 0.00 0.00 0.00 0
138234 0.00 0.00 0.00 0
138235 0.00 0.00 0.00 0
138236 0.00 0.00 0.00 0
138237 0.00 0.00 0.00 0
138238 0.00 0.00 0.00 0
138240 0.00 0.00 0.00 0
138241 0.00 0.00 0.00 0
138242 0.00 0.00 0.00 0
138243 0.00 0.00 0.00 0
138244 0.00 0.00 0.00 0
138245 0.00 0.00 0.00 0
138246 0.00 0.00 0.00 0
138247 0.00 0.00 0.00 0
138248 0.00 0.00 0.00 0
138251 0.00 0.00 0.00 0
138252 0.00 0.00 0.00 0
138253 0.00 0.00 0.00 0
138254 0.00 0.00 0.00 0
138255 0.00 0.00 0.00 0
138256 0.00 0.00 0.00 0
138257 0.00 0.00 0.00 0
138258 0.00 0.00 0.00 0
138261 0.00 0.00 0.00 0
138262 0.00 0.00 0.00 0
138263 0.00 0.00 0.00 0
138264 0.00 0.00 0.00 0
138265 0.00 0.00 0.00 0
138266 0.00 0.00 0.00 0
138271 0.00 0.00 0.00 0
138272 0.00 0.00 0.00 0
138273 0.00 0.00 0.00 0
138284 0.00 0.00 0.00 0
138285 0.00 0.00 0.00 0
138286 0.00 0.00 0.00 0
138287 0.00 0.00 0.00 0
138307 0.00 0.00 0.00 0
138308 0.00 0.00 0.00 0
138309 0.00 0.00 0.00 0
138310 0.00 0.00 0.00 0
138326 0.00 0.00 0.00 0
138327 0.00 0.00 0.00 0
138328 0.00 0.00 0.00 0
138329 0.00 0.00 0.00 0
138341 0.00 0.00 0.00 0
138342 0.00 0.00 0.00 0
138343 0.00 0.00 0.00 0
138344 0.00 0.00 0.00 0
138345 0.00 0.00 0.00 0
138346 0.00 0.00 0.00 0
138359 0.00 0.00 0.00 0
138360 0.00 0.00 0.00 0
138361 0.00 0.00 0.00 0
138362 0.00 0.00 0.00 0
138363 0.00 0.00 0.00 0
138364 0.00 0.00 0.00 0
138365 0.00 0.00 0.00 0
138366 0.00 0.00 0.00 0
138387 0.00 0.00 0.00 0
138388 0.00 0.00 0.00 0
138389 0.00 0.00 0.00 0
138390 0.00 0.00 0.00 0
138391 0.00 0.00 0.00 0
138392 0.00 0.00 0.00 0
138393 0.00 0.00 0.00 0
138394 0.00 0.00 0.00 0
138413 0.00 0.00 0.00 0
138414 0.00 0.00 0.00 0
138415 0.00 0.00 0.00 0
138416 0.00 0.00 0.00 0
138417 0.00 0.00 0.00 0
138418 0.00 0.00 0.00 0
138429 0.00 0.00 0.00 0
138430 0.00 0.00 0.00 0
138864 0.00 0.00 0.00 0
138868 0.00 0.00 0.00 0
138869 0.00 0.00 0.00 0
138872 0.00 0.00 0.00 0
138873 0.00 0.00 0.00 0
138874 0.00 0.00 0.00 0
138877 0.00 0.00 0.00 0
138878 0.00 0.00 0.00 0
138881 0.00 0.00 0.00 0
138882 0.00 0.00 0.00 0
138883 0.00 0.00 0.00 0
138885 0.00 0.00 0.00 0
138886 0.00 0.00 0.00 0
138887 0.00 0.00 0.00 0
138888 0.00 0.00 0.00 0
138889 0.00 0.00 0.00 0
138890 0.00 0.00 0.00 0
138892 0.00 0.00 0.00 0
138893 0.00 0.00 0.00 0
138894 0.00 0.00 0.00 0
138895 0.00 0.00 0.00 0
138896 0.00 0.00 0.00 0
138897 0.00 0.00 0.00 0
138899 0.00 0.00 0.00 0
138900 0.00 0.00 0.00 0
138901 0.00 0.00 0.00 0
138902 0.00 0.00 0.00 0
138903 0.00 0.00 0.00 0
138904 0.00 0.00 0.00 0
138905 0.00 0.00 0.00 0
138908 0.00 0.00 0.00 0
138909 0.00 0.00 0.00 0
138910 0.00 0.00 0.00 0
138911 0.00 0.00 0.00 0
138912 0.00 0.00 0.00 0
138913 0.00 0.00 0.00 0
138914 0.00 0.00 0.00 0
138917 0.00 0.00 0.00 0
138918 0.00 0.00 0.00 0
138919 0.00 0.00 0.00 0
138920 0.00 0.00 0.00 0
138921 0.00 0.00 0.00 0
138925 0.00 0.00 0.00 0
138926 0.00 0.00 0.00 0
138927 0.00 0.00 0.00 0
138931 0.00 0.00 0.00 0
138932 0.00 0.00 0.00 0
138933 0.00 0.00 0.00 0
138934 0.00 0.00 0.00 0
138942 0.00 0.00 0.00 0
138943 0.00 0.00 0.00 0
138944 0.00 0.00 0.00 0
138945 0.00 0.00 0.00 0
138946 0.00 0.00 0.00 0
138966 0.00 0.00 0.00 0
138967 0.00 0.00 0.00 0
138986 0.00 0.00 0.00 0
138987 0.00 0.00 0.00 0
138996 0.00 0.00 0.00 0
138997 0.00 0.00 0.00 0
139007 0.00 0.00 0.00 0
139008 0.00 0.00 0.00 0
139027 0.00 0.00 0.00 0
139028 0.00 0.00 0.00 0
139029 0.00 0.00 0.00 0
139030 0.00 0.00 0.00 0
139052 0.00 0.00 0.00 0
139053 0.00 0.00 0.00 0
139054 0.00 0.00 0.00 0
139055 0.00 0.00 0.00 0
139056 0.00 0.00 0.00 0
139057 0.00 0.00 0.00 0
139058 0.00 0.00 0.00 0
139071 0.00 0.00 0.00 0
139072 0.00 0.00 0.00 0
139073 0.00 0.00 0.00 0
139074 0.00 0.00 0.00 0
139075 0.00 0.00 0.00 0
139076 0.00 0.00 0.00 0
139077 0.00 0.00 0.00 0
139090 0.00 0.00 0.00 0
139091 0.00 0.00 0.00 0
139106 0.00 0.00 0.00 0
139584 0.00 0.00 0.00 0
139598 0.00 0.00 0.00 0
139599 0.00 0.00 0.00 0
139600 0.00 0.00 0.00 0
139607 0.00 0.00 0.00 0
139608 0.00 0.00 0.00 0
139609 0.00 0.00 0.00 0
139612 0.00 0.00 0.00 0
139613 0.00 0.00 0.00 0
139614 0.00 0.00 0.00 0
139615 0.00 0.00 0.00 0
139618 0.00 0.00 0.00 0
139619 0.00 0.00 0.00 0
139620 0.00 0.00 0.00 0
139623 0.00 0.00 0.00 0
139624 0.00 0.00 0.00 0
139625 0.00 0.00 0.00 0
139628 0.00 0.00 0.00 0
139629 0.00 0.00 0.00 0
139630 0.00 0.00 0.00 0
139633 0.00 0.00 0.00 0
139634 0.00 0.00 0.00 0
139637 0.00 0.00 0.00 0
139638 0.00 0.00 0.00 0
139642 0.00 0.00 0.00 0
139643 0.00 0.00 0.00 0
139647 0.00 0.00 0.00 0
139648 0.00 0.00 0.00 0
139649 0.00 0.00 0.00 0
139654 0.00 0.00 0.00 0
139655 0.00 0.00 0.00 0
139656 0.00 0.00 0.00 0
139663 0.00 0.00 0.00 0
139664 0.00 0.00 0.00 0
139673 0.00 0.00 0.00 0
139674 0.00 0.00 0.00 0
139675 0.00 0.00 0.00 0
139676 0.00 0.00 0.00 0
139677 0.00 0.00 0.00 0
139698 0.00 0.00 0.00 0
139699 0.00 0.00 0.00 0
139700 0.00 0.00 0.00 0
139710 0.00 0.00 0.00 0
139711 0.00 0.00 0.00 0
139712 0.00 0.00 0.00 0
139713 0.00 0.00 0.00 0
139714 0.00 0.00 0.00 0
139721 0.00 0.00 0.00 0
139722 0.00 0.00 0.00 0
139723 0.00 0.00 0.00 0
139724 0.00 0.00 0.00 0
139725 0.00 0.00 0.00 0
139726 0.00 0.00 0.00 0
139727 0.00 0.00 0.00 0
139728 0.00 0.00 0.00 0
139739 0.00 0.00 0.00 0
139740 0.00 0.00 0.00 0
139741 0.00 0.00 0.00 0
139742 0.00 0.00 0.00 0
139743 0.00 0.00 0.00 0
139744 0.00 0.00 0.00 0
139745 0.00 0.00 0.00 0
139758 0.00 0.00 0.00 0
139759 0.00 0.00 0.00 0
139760 0.00 0.00 0.00 0
139761 0.00 0.00 0.00 0
139771 0.00 0.00 0.00 0
139772 0.00 0.00 0.00 0
139773 0.00 0.00 0.00 0
139774 0.00 0.00 0.00 0
139775 0.00 0.00 0.00 0
139776 0.00 0.00 0.00 0
139786 0.00 0.00 0.00 0
139787 0.00 0.00 0.00 0
139788 0.00 0.00 0.00 0
139789 0.00 0.00 0.00 0
139790 0.00 0.00 0.00 0
139791 0.00 0.00 0.00 0
139792 0.00 0.00 0.00 0
139804 0.00 0.00 0.00 0
139805 0.00 0.00 0.00 0
139806 0.00 0.00 0.00 0
139807 0.00 0.00 0.00 0
139808 0.00 0.00 0.00 0
139809 0.00 0.00 0.00 0
139822 0.00 0.00 0.00 0
140351 0.00 0.00 0.00 0
140352 0.00 0.00 0.00 0
140367 0.00 0.00 0.00 0
140368 0.00 0.00 0.00 0
140369 0.00 0.00 0.00 0
140381 0.00 0.00 0.00 0
140382 0.00 0.00 0.00 0
140383 0.00 0.00 0.00 0
140390 0.00 0.00 0.00 0
140391 0.00 0.00 0.00 0
140393 0.00 0.00 0.00 0
140394 0.00 0.00 0.00 0
140397 0.00 0.00 0.00 0
140398 0.00 0.00 0.00 0
140401 0.00 0.00 0.00 0
140402 0.00 0.00 0.00 0
140406 0.00 0.00 0.00 0
140407 0.00 0.00 0.00 0
140408 0.00 0.00 0.00 0
140413 0.00 0.00 0.00 0
140414 0.00 0.00 0.00 0
140415 0.00 0.00 0.00 0
140422 0.00 0.00 0.00 0
140423 0.00 0.00 0.00 0
140424 0.00 0.00 0.00 0
140433 0.00 0.00 0.00 0
140434 0.00 0.00 0.00 0
140443 0.00 0.00 0.00 0
140444 0.00 0.00 0.00 0
140445 0.00 0.00 0.00 0
140460 0.00 0.00 0.00 0
140461 0.00 0.00 0.00 0
140462 0.00 0.00 0.00 0
140463 0.00 0.00 0.00 0
140464 0.00 0.00 0.00 0
140465 0.00 0.00 0.00 0
140466 0.00 0.00 0.00 0
140488 0.00 0.00 0.00 0
140489 0.00 0.00 0.00 0
140490 0.00 0.00 0.00 0
140491 0.00 0.00 0.00 0
140492 0.00 0.00 0.00 0
140493 0.00 0.00 0.00 0
140494 0.00 0.00 0.00 0
140495 0.00 0.00 0.00 0
140496 0.00 0.00 0.00 0
140505 0.00 0.00 0.00 0
140506 0.00 0.00 0.00 0
140507 0.00 0.00 0.00 0
140508 0.00 0.00 0.00 0
140509 0.00 0.00 0.00 0
140510 0.00 0.00 0.00 0
140511 0.00 0.00 0.00 0
140512 0.00 0.00 0.00 0
140513 0.00 0.00 0.00 0
140514 0.00 0.00 0.00 0
140523 0.00 0.00 0.00 0
140524 0.00 0.00 0.00 0
140525 0.00 0.00 0.00 0
140526 0.00 0.00 0.00 0
140527 0.00 0.00 0.00 0
140528 0.00 0.00 0.00 0
140529 0.00 0.00 0.00 0
140530 0.00 0.00 0.00 0
140531 0.00 0.00 0.00 0
140532 0.00 0.00 0.00 0
140543 0.00 0.00 0.00 0
140544 0.00 0.00 0.00 0
140545 0.00 0.00 0.00 0
140546 0.00 0.00 0.00 0
140547 0.00 0.00 0.00 0
140548 0.00 0.00 0.00 0
140549 0.00 0.00 0.00 0
140558 0.00 0.00 0.00 0
140559 0.00 0.00 0.00 0
140560 0.00 0.00 0.00 0
140561 0.00 0.00 0.00 0
140562 0.00 0.00 0.00 0
140563 0.00 0.00 0.00 0
140564 0.00 0.00 0.00 0
140571 0.00 0.00 0.00 0
140572 0.00 0.00 0.00 0
140573 0.00 0.00 0.00 0
140574 0.00 0.00 0.00 0
140575 0.00 0.00 0.00 0
140576 0.00 0.00 0.00 0
140577 0.00 0.00 0.00 0
140578 0.00 0.00 0.00 0
140587 0.00 0.00 0.00 0
140588 0.00 0.00 0.00 0
140589 0.00 0.00 0.00 0
140598 0.00 0.00 0.00 0
140599 0.00 0.00 0.00 0
140600 0.00 0.00 0.00 0
140601 0.00 0.00 0.00 0
140602 0.00 0.00 0.00 0
140618 0.00 0.00 0.00 0
140619 0.00 0.00 0.00 0
141189 0.00 0.00 0.00 0
141190 0.00 0.00 0.00 0
141205 0.00 0.00 0.00 0
141206 0.00 0.00 0.00 0
141207 0.00 0.00 0.00 0
141219 0.00 0.00 0.00 0
141220 0.00 0.00 0.00 0
141221 0.00 0.00 0.00 0
141230 0.00 0.00 0.00 0
141231 0.00 0.00 0.00 0
141240 0.00 0.00 0.00 0
141241 0.00 0.00 0.00 0
141248 0.00 0.00 0.00 0
141249 0.00 0.00 0.00 0
141250 0.00 0.00 0.00 0
141261 0.00 0.00 0.00 0
141262 0.00 0.00 0.00 0
141263 0.00 0.00 0.00 0
141264 0.00 0.00 0.00 0
141274 0.00 0.00 0.00 0
141275 0.00 0.00 0.00 0
141276 0.00 0.00 0.00 0
141277 0.00 0.00 0.00 0
141287 0.00 0.00 0.00 0
141288 0.00 0.00 0.00 0
141289 0.00 0.00 0.00 0
141290 0.00 0.00 0.00 0
141291 0.00 0.00 0.00 0
141292 0.00 0.00 0.00 0
141301 0.00 0.00 0.00 0
141302 0.00 0.00 0.00 0
141303 0.00 0.00 0.00 0
141304 0.00 0.00 0.00 0
141305 0.00 0.00 0.00 0
141306 0.00 0.00 0.00 0
141307 0.00 0.00 0.00 0
141313 0.00 0.00 0.00 0
141314 0.00 0.00 0.00 0
141315 0.00 0.00 0.00 0
141316 0.00 0.00 0.00 0
141317 0.00 0.00 0.00 0
141318 0.00 0.00 0.00 0
141319 0.00 0.00 0.00 0
141320 0.00 0.00 0.00 0
141333 0.00 0.00 0.00 0
141334 0.00 0.00 0.00 0
141335 0.00 0.00 0.00 0
141336 0.00 0.00 0.00 0
141337 0.00 0.00 0.00 0
141338 0.00 0.00 0.00 0
141339 0.00 0.00 0.00 0
141340 0.00 0.00 0.00 0
141341 0.00 0.00 0.00 0
141342 0.00 0.00 0.00 0
141362 0.00 0.00 0.00 0
141363 0.00 0.00 0.00 0
141364 0.00 0.00 0.00 0
141365 0.00 0.00 0.00 0
141366 0.00 0.00 0.00 0
141367 0.00 0.00 0.00 0
141368 0.00 0.00 0.00 0
141369 0.00 0.00 0.00 0
141370 0.00 0.00 0.00 0
141371 0.00 0.00 0.00 0
141381 0.00 0.00 0.00 0
141382 0.00 0.00 0.00 0
141383 0.00 0.00 0.00 0
141384 0.00 0.00 0.00 0
141385 0.00 0.00 0.00 0
141386 0.00 0.00 0.00 0
141387 0.00 0.00 0.00 0
141388 0.00 0.00 0.00 0
141396 0.00 0.00 0.00 0
141397 0.00 0.00 0.00 0
141398 0.00 0.00 0.00 0
141399 0.00 0.00 0.00 0
141400 0.00 0.00 0.00 0
141401 0.00 0.00 0.00 0
141409 0.00 0.00 0.00 0
141410 0.00 0.00 0.00 0
141419 0.00 0.00 0.00 0
141420 0.00 0.00 0.00 0
141427 0.00 0.00 0.00 0
141428 0.00 0.00 0.00 0
141429 0.00 0.00 0.00 0
141430 0.00 0.00 0.00 0
141431 0.00 0.00 0.00 0
141432 0.00 0.00 0.00 0
141433 0.00 0.00 0.00 0
141434 0.00 0.00 0.00 0
141435 0.00 0.00 0.00 0
141440 0.00 0.00 0.00 0
141441 0.00 0.00 0.00 0
141442 0.00 0.00 0.00 0
141443 0.00 0.00 0.00 0
141444 0.00 0.00 0.00 0
141445 0.00 0.00 0.00 0
141446 0.00 0.00 0.00 0
141447 0.00 0.00 0.00 0
141452 0.00 0.00 0.00 0
141453 0.00 0.00 0.00 0
141454 0.00 0.00 0.00 0
141455 0.00 0.00 0.00 0
141467 0.00 0.00 0.00 0
141468 0.00 0.00 0.00 0
141469 0.00 0.00 0.00 0
141960 0.00 0.00 0.00 0
141975 0.00 0.00 0.00 0
141976 0.00 0.00 0.00 0
141982 0.00 0.00 0.00 0
141983 0.00 0.00 0.00 0
141984 0.00 0.00 0.00 0
141985 0.00 0.00 0.00 0
141993 0.00 0.00 0.00 0
141994 0.00 0.00 0.00 0
141995 0.00 0.00 0.00 0
141996 0.00 0.00 0.00 0
142009 0.00 0.00 0.00 0
142010 0.00 0.00 0.00 0
142011 0.00 0.00 0.00 0
142012 0.00 0.00 0.00 0
142013 0.00 0.00 0.00 0
142014 0.00 0.00 0.00 0
142028 0.00 0.00 0.00 0
142029 0.00 0.00 0.00 0
142030 0.00 0.00 0.00 0
142031 0.00 0.00 0.00 0
142032 0.00 0.00 0.00 0
142033 0.00 0.00 0.00 0
142034 0.00 0.00 0.00 0
142045 0.00 0.00 0.00 0
142046 0.00 0.00 0.00 0
142047 0.00 0.00 0.00 0
142048 0.00 0.00 0.00 0
142049 0.00 0.00 0.00 0
142050 0.00 0.00 0.00 0
142051 0.00 0.00 0.00 0
142062 0.00 0.00 0.00 0
142063 0.00 0.00 0.00 0
142064 0.00 0.00 0.00 0
142065 0.00 0.00 0.00 0
142066 0.00 0.00 0.00 0
142067 0.00 0.00 0.00 0
142068 0.00 0.00 0.00 0
142077 0.00 0.00 0.00 0
142078 0.00 0.00 0.00 0
142079 0.00 0.00 0.00 0
142080 0.00 0.00 0.00 0
142081 0.00 0.00 0.00 0
142082 0.00 0.00 0.00 0
142083 0.00 0.00 0.00 0
142089 0.00 0.00 0.00 0
142090 0.00 0.00 0.00 0
142091 0.00 0.00 0.00 0
142092 0.00 0.00 0.00 0
142093 0.00 0.00 0.00 0
142094 0.00 0.00 0.00 0
142095 0.00 0.00 0.00 0
142096 0.00 0.00 0.00 0
142107 0.00 0.00 0.00 0
142108 0.00 0.00 0.00 0
142109 0.00 0.00 0.00 0
142110 0.00 0.00 0.00 0
142111 0.00 0.00 0.00 0
142112 0.00 0.00 0.00 0
142113 0.00 0.00 0.00 0
142114 0.00 0.00 0.00 0
142115 0.00 0.00 0.00 0
142116 0.00 0.00 0.00 0
142131 0.00 0.00 0.00 0
142132 0.00 0.00 0.00 0
142133 0.00 0.00 0.00 0
142134 0.00 0.00 0.00 0
142135 0.00 0.00 0.00 0
142136 0.00 0.00 0.00 0
142137 0.00 0.00 0.00 0
142149 0.00 0.00 0.00 0
142150 0.00 0.00 0.00 0
142151 0.00 0.00 0.00 0
142152 0.00 0.00 0.00 0
142153 0.00 0.00 0.00 0
142154 0.00 0.00 0.00 0
142167 0.00 0.00 0.00 0
142168 0.00 0.00 0.00 0
142169 0.00 0.00 0.00 0
142170 0.00 0.00 0.00 0
142171 0.00 0.00 0.00 0
142179 0.00 0.00 0.00 0
142188 0.00 0.00 0.00 0
142196 0.00 0.00 0.00 0
142197 0.00 0.00 0.00 0
142204 0.00 0.00 0.00 0
142205 0.00 0.00 0.00 0
142206 0.00 0.00 0.00 0
142207 0.00 0.00 0.00 0
142208 0.00 0.00 0.00 0
142209 0.00 0.00 0.00 0
142210 0.00 0.00 0.00 0
142217 0.00 0.00 0.00 0
142218 0.00 0.00 0.00 0
142219 0.00 0.00 0.00 0
142220 0.00 0.00 0.00 0
142221 0.00 0.00 0.00 0
142232 0.00 0.00 0.00 0
142233 0.00 0.00 0.00 0
142234 0.00 0.00 0.00 0
142725 0.00 0.00 0.00 0
142726 0.00 0.00 0.00 0
142727 0.00 0.00 0.00 0
142728 0.00 0.00 0.00 0
142737 0.00 0.00 0.00 0
142738 0.00 0.00 0.00 0
142739 0.00 0.00 0.00 0
142740 0.00 0.00 0.00 0
142741 0.00 0.00 0.00 0
142753 0.00 0.00 0.00 0
142754 0.00 0.00 0.00 0
142755 0.00 0.00 0.00 0
142756 0.00 0.00 0.00 0
142757 0.00 0.00 0.00 0
142771 0.00 0.00 0.00 0
142772 0.00 0.00 0.00 0
142773 0.00 0.00 0.00 0
142774 0.00 0.00 0.00 0
142775 0.00 0.00 0.00 0
142776 0.00 0.00 0.00 0
142786 0.00 0.00 0.00 0
142787 0.00 0.00 0.00 0
142788 0.00 0.00 0.00 0
142789 0.00 0.00 0.00 0
142790 0.00 0.00 0.00 0
142801 0.00 0.00 0.00 0
142802 0.00 0.00 0.00 0
142803 0.00 0.00 0.00 0
142804 0.00 0.00 0.00 0
142805 0.00 0.00 0.00 0
142806 0.00 0.00 0.00 0
142816 0.00 0.00 0.00 0
142817 0.00 0.00 0.00 0
142818 0.00 0.00 0.00 0
142819 0.00 0.00 0.00 0
142820 0.00 0.00 0.00 0
142827 0.00 0.00 0.00 0
142828 0.00 0.00 0.00 0
142829 0.00 0.00 0.00 0
142830 0.00 0.00 0.00 0
142835 0.00 0.00 0.00 0
142836 0.00 0.00 0.00 0
142837 0.00 0.00 0.00 0
142838 0.00 0.00 0.00 0
142839 0.00 0.00 0.00 0
142840 0.00 0.00 0.00 0
142852 0.00 0.00 0.00 0
142853 0.00 0.00 0.00 0
142854 0.00 0.00 0.00 0
142855 0.00 0.00 0.00 0
142856 0.00 0.00 0.00 0
142857 0.00 0.00 0.00 0
142858 0.00 0.00 0.00 0
142871 0.00 0.00 0.00 0
142872 0.00 0.00 0.00 0
142873 0.00 0.00 0.00 0
142874 0.00 0.00 0.00 0
142875 0.00 0.00 0.00 0
142876 0.00 0.00 0.00 0
142877 0.00 0.00 0.00 0
142878 0.00 0.00 0.00 0
142890 0.00 0.00 0.00 0
142891 0.00 0.00 0.00 0
142892 0.00 0.00 0.00 0
142893 0.00 0.00 0.00 0
142894 0.00 0.00 0.00 0
142895 0.00 0.00 0.00 0
142896 0.00 0.00 0.00 0
142907 0.00 0.00 0.00 0
142908 0.00 0.00 0.00 0
142918 0.00 0.00 0.00 0
142932 0.00 0.00 0.00 0
142942 0.00 0.00 0.00 0
142943 0.00 0.00 0.00 0
142951 0.00 0.00 0.00 0
142952 0.00 0.00 0.00 0
142953 0.00 0.00 0.00 0
142954 0.00 0.00 0.00 0
142955 0.00 0.00 0.00 0
142956 0.00 0.00 0.00 0
142964 0.00 0.00 0.00 0
142965 0.00 0.00 0.00 0
142966 0.00 0.00 0.00 0
142967 0.00 0.00 0.00 0
142968 0.00 0.00 0.00 0
142969 0.00 0.00 0.00 0
142979 0.00 0.00 0.00 0
142980 0.00 0.00 0.00 0
142981 0.00 0.00 0.00 0
143459 0.00 0.00 0.00 0
143460 0.00 0.00 0.00 0
143461 0.00 0.00 0.00 0
143477 0.00 0.00 0.00 0
143478 0.00 0.00 0.00 0
143479 0.00 0.00 0.00 0
143492 0.00 0.00 0.00 0
143493 0.00 0.00 0.00 0
143494 0.00 0.00 0.00 0
143503 0.00 0.00 0.00 0
143504 0.00 0.00 0.00 0
143505 0.00 0.00 0.00 0
143514 0.00 0.00 0.00 0
143515 0.00 0.00 0.00 0
143516 0.00 0.00 0.00 0
143517 0.00 0.00 0.00 0
143525 0.00 0.00 0.00 0
143526 0.00 0.00 0.00 0
143527 0.00 0.00 0.00 0
143532 0.00 0.00 0.00 0
143533 0.00 0.00 0.00 0
143534 0.00 0.00 0.00 0
143540 0.00 0.00 0.00 0
143541 0.00 0.00 0.00 0
143542 0.00 0.00 0.00 0
143543 0.00 0.00 0.00 0
143544 0.00 0.00 0.00 0
143557 0.00 0.00 0.00 0
143558 0.00 0.00 0.00 0
143559 0.00 0.00 0.00 0
143560 0.00 0.00 0.00 0
143561 0.00 0.00 0.00 0
143562 0.00 0.00 0.00 0
143577 0.00 0.00 0.00 0
143578 0.00 0.00 0.00 0
143579 0.00 0.00 0.00 0
143580 0.00 0.00 0.00 0
143581 0.00 0.00 0.00 0
143582 0.00 0.00 0.00 0
143592 0.00 0.00 0.00 0
143593 0.00 0.00 0.00 0
143594 0.00 0.00 0.00 0
143595 0.00 0.00 0.00 0
143596 0.00 0.00 0.00 0
143608 0.00 0.00 0.00 0
143618 0.00 0.00 0.00 0
143630 0.00 0.00 0.00 0
143639 0.00 0.00 0.00 0
143646 0.00 0.00 0.00 0
143647 0.00 0.00 0.00 0
143654 0.00 0.00 0.00 0
143655 0.00 0.00 0.00 0
143656 0.00 0.00 0.00 0
143657 0.00 0.00 0.00 0
144159 0.00 0.00 0.00 0
144160 0.00 0.00 0.00 0
144175 0.00 0.00 0.00 0
144176 0.00 0.00 0.00 0
144177 0.00 0.00 0.00 0
144192 0.00 0.00 0.00 0
144193 0.00 0.00 0.00 0
144194 0.00 0.00 0.00 0
144205 0.00 0.00 0.00 0
144206 0.00 0.00 0.00 0
144207 0.00 0.00 0.00 0
144217 0.00 0.00 0.00 0
144218 0.00 0.00 0.00 0
144230 0.00 0.00 0.00 0
144231 0.00 0.00 0.00 0
144243 0.00 0.00 0.00 0
144760 0.00 0.00 0.00 0
144761 0.00 0.00 0.00 0
144762 0.00 0.00 0.00 0
144779 0.00 0.00 0.00 0
144780 0.00 0.00 0.00 0
144781 0.00 0.00 0.00 0
144795 0.00 0.00 0.00 0
144796 0.00 0.00 0.00 0
144797 0.00 0.00 0.00 0
144810 0.00 0.00 0.00 0
144811 0.00 0.00 0.00 0
144812 0.00 0.00 0.00 0
144819 0.00 0.00 0.00 0
145438 0.00 0.00 0.00 0
145439 0.00 0.00 0.00 0
145440 0.00 0.00 0.00 0
145441 0.00 0.00 0.00 0
145459 0.00 0.00 0.00 0
145460 0.00 0.00 0.00 0
145461 0.00 0.00 0.00 0
145462 0.00 0.00 0.00 0
145479 0.00 0.00 0.00 0
145480 0.00 0.00 0.00 0
