# pericalcarine
2359
1172 0.00 0.00 0.00 0
1178 0.00 0.00 0.00 0
1179 0.00 0.00 0.00 0
1180 0.00 0.00 0.00 0
1185 0.00 0.00 0.00 0
1186 0.00 0.00 0.00 0
1637 0.00 0.00 0.00 0
1643 0.00 0.00 0.00 0
1655 0.00 0.00 0.00 0
1656 0.00 0.00 0.00 0
1657 0.00 0.00 0.00 0
1658 0.00 0.00 0.00 0
1659 0.00 0.00 0.00 0
1664 0.00 0.00 0.00 0
1665 0.00 0.00 0.00 0
1666 0.00 0.00 0.00 0
1667 0.00 0.00 0.00 0
1668 0.00 0.00 0.00 0
1673 0.00 0.00 0.00 0
1674 0.00 0.00 0.00 0
1675 0.00 0.00 0.00 0
1676 0.00 0.00 0.00 0
1677 0.00 0.00 0.00 0
1682 0.00 0.00 0.00 0
1683 0.00 0.00 0.00 0
1684 0.00 0.00 0.00 0
1685 0.00 0.00 0.00 0
1686 0.00 0.00 0.00 0
1699 0.00 0.00 0.00 0
1700 0.00 0.00 0.00 0
1701 0.00 0.00 0.00 0
1702 0.00 0.00 0.00 0
1715 0.00 0.00 0.00 0
1716 0.00 0.00 0.00 0
1717 0.00 0.00 0.00 0
1734 0.00 0.00 0.00 0
1735 0.00 0.00 0.00 0
1736 0.00 0.00 0.00 0
1752 0.00 0.00 0.00 0
1753 0.00 0.00 0.00 0
2254 0.00 0.00 0.00 0
2264 0.00 0.00 0.00 0
2265 0.00 0.00 0.00 0
2269 0.00 0.00 0.00 0
2270 0.00 0.00 0.00 0
2271 0.00 0.00 0.00 0
2279 0.00 0.00 0.00 0
2280 0.00 0.00 0.00 0
2281 0.00 0.00 0.00 0
2282 0.00 0.00 0.00 0
2283 0.00 0.00 0.00 0
2284 0.00 0.00 0.00 0
2286 0.00 0.00 0.00 0
2287 0.00 0.00 0.00 0
2288 0.00 0.00 0.00 0
2290 0.00 0.00 0.00 0
2291 0.00 0.00 0.00 0
2292 0.00 0.00 0.00 0
2293 0.00 0.00 0.00 0
2298 0.00 0.00 0.00 0
2299 0.00 0.00 0.00 0
2300 0.00 0.00 0.00 0
2308 0.00 0.00 0.00 0
2309 0.00 0.00 0.00 0
2315 0.00 0.00 0.00 0
2316 0.00 0.00 0.00 0
2322 0.00 0.00 0.00 0
2323 0.00 0.00 0.00 0
2336 0.00 0.00 0.00 0
2337 0.00 0.00 0.00 0
2354 0.00 0.00 0.00 0
2355 0.00 0.00 0.00 0
2926 0.00 0.00 0.00 0
2927 0.00 0.00 0.00 0
2928 0.00 0.00 0.00 0
2942 0.00 0.00 0.00 0
2943 0.00 0.00 0.00 0
2944 0.00 0.00 0.00 0
2945 0.00 0.00 0.00 0
2958 0.00 0.00 0.00 0
2959 0.00 0.00 0.00 0
2967 0.00 0.00 0.00 0
2968 0.00 0.00 0.00 0
2979 0.00 0.00 0.00 0
2980 0.00 0.00 0.00 0
2981 0.00 0.00 0.00 0
2982 0.00 0.00 0.00 0
2983 0.00 0.00 0.00 0
2984 0.00 0.00 0.00 0
2991 0.00 0.00 0.00 0
2992 0.00 0.00 0.00 0
2993 0.00 0.00 0.00 0
2996 0.00 0.00 0.00 0
2997 0.00 0.00 0.00 0
2998 0.00 0.00 0.00 0
3004 0.00 0.00 0.00 0
3005 0.00 0.00 0.00 0
3013 0.00 0.00 0.00 0
3014 0.00 0.00 0.00 0
3022 0.00 0.00 0.00 0
3023 0.00 0.00 0.00 0
3031 0.00 0.00 0.00 0
3032 0.00 0.00 0.00 0
3039 0.00 0.00 0.00 0
3040 0.00 0.00 0.00 0
3051 0.00 0.00 0.00 0
3699 0.00 0.00 0.00 0
3700 0.00 0.00 0.00 0
3701 0.00 0.00 0.00 0
3702 0.00 0.00 0.00 0
3716 0.00 0.00 0.00 0
3717 0.00 0.00 0.00 0
3718 0.00 0.00 0.00 0
3719 0.00 0.00 0.00 0
3720 0.00 0.00 0.00 0
3731 0.00 0.00 0.00 0
3732 0.00 0.00 0.00 0
3733 0.00 0.00 0.00 0
3734 0.00 0.00 0.00 0
3735 0.00 0.00 0.00 0
3745 0.00 0.00 0.00 0
3746 0.00 0.00 0.00 0
3747 0.00 0.00 0.00 0
3748 0.00 0.00 0.00 0
3749 0.00 0.00 0.00 0
3750 0.00 0.00 0.00 0
3751 0.00 0.00 0.00 0
3752 0.00 0.00 0.00 0
3760 0.00 0.00 0.00 0
3761 0.00 0.00 0.00 0
3762 0.00 0.00 0.00 0
3763 0.00 0.00 0.00 0
3764 0.00 0.00 0.00 0
3765 0.00 0.00 0.00 0
3766 0.00 0.00 0.00 0
3767 0.00 0.00 0.00 0
3768 0.00 0.00 0.00 0
3769 0.00 0.00 0.00 0
3775 0.00 0.00 0.00 0
3776 0.00 0.00 0.00 0
3777 0.00 0.00 0.00 0
3778 0.00 0.00 0.00 0
3779 0.00 0.00 0.00 0
3780 0.00 0.00 0.00 0
3781 0.00 0.00 0.00 0
3782 0.00 0.00 0.00 0
3783 0.00 0.00 0.00 0
3788 0.00 0.00 0.00 0
3789 0.00 0.00 0.00 0
3790 0.00 0.00 0.00 0
3791 0.00 0.00 0.00 0
3792 0.00 0.00 0.00 0
3793 0.00 0.00 0.00 0
3794 0.00 0.00 0.00 0
3795 0.00 0.00 0.00 0
3801 0.00 0.00 0.00 0
3802 0.00 0.00 0.00 0
3803 0.00 0.00 0.00 0
3804 0.00 0.00 0.00 0
3805 0.00 0.00 0.00 0
3806 0.00 0.00 0.00 0
3807 0.00 0.00 0.00 0
3814 0.00 0.00 0.00 0
3825 0.00 0.00 0.00 0
3833 0.00 0.00 0.00 0
3834 0.00 0.00 0.00 0
3846 0.00 0.00 0.00 0
3847 0.00 0.00 0.00 0
3859 0.00 0.00 0.00 0
4510 0.00 0.00 0.00 0
4511 0.00 0.00 0.00 0
4512 0.00 0.00 0.00 0
4513 0.00 0.00 0.00 0
4514 0.00 0.00 0.00 0
4524 0.00 0.00 0.00 0
4525 0.00 0.00 0.00 0
4526 0.00 0.00 0.00 0
4527 0.00 0.00 0.00 0
4528 0.00 0.00 0.00 0
4529 0.00 0.00 0.00 0
4530 0.00 0.00 0.00 0
4531 0.00 0.00 0.00 0
4532 0.00 0.00 0.00 0
4533 0.00 0.00 0.00 0
4540 0.00 0.00 0.00 0
4541 0.00 0.00 0.00 0
4542 0.00 0.00 0.00 0
4543 0.00 0.00 0.00 0
4544 0.00 0.00 0.00 0
4545 0.00 0.00 0.00 0
4546 0.00 0.00 0.00 0
4547 0.00 0.00 0.00 0
4548 0.00 0.00 0.00 0
4549 0.00 0.00 0.00 0
4560 0.00 0.00 0.00 0
4561 0.00 0.00 0.00 0
4562 0.00 0.00 0.00 0
4563 0.00 0.00 0.00 0
4564 0.00 0.00 0.00 0
4565 0.00 0.00 0.00 0
4566 0.00 0.00 0.00 0
4567 0.00 0.00 0.00 0
4577 0.00 0.00 0.00 0
4578 0.00 0.00 0.00 0
4579 0.00 0.00 0.00 0
4580 0.00 0.00 0.00 0
4581 0.00 0.00 0.00 0
4582 0.00 0.00 0.00 0
4583 0.00 0.00 0.00 0
4589 0.00 0.00 0.00 0
4590 0.00 0.00 0.00 0
4591 0.00 0.00 0.00 0
4592 0.00 0.00 0.00 0
4593 0.00 0.00 0.00 0
4594 0.00 0.00 0.00 0
4595 0.00 0.00 0.00 0
4600 0.00 0.00 0.00 0
4601 0.00 0.00 0.00 0
4602 0.00 0.00 0.00 0
4603 0.00 0.00 0.00 0
4615 0.00 0.00 0.00 0
4616 0.00 0.00 0.00 0
4625 0.00 0.00 0.00 0
4626 0.00 0.00 0.00 0
4634 0.00 0.00 0.00 0
4635 0.00 0.00 0.00 0
4643 0.00 0.00 0.00 0
5325 0.00 0.00 0.00 0
5326 0.00 0.00 0.00 0
5327 0.00 0.00 0.00 0
5335 0.00 0.00 0.00 0
5336 0.00 0.00 0.00 0
5337 0.00 0.00 0.00 0
5338 0.00 0.00 0.00 0
5339 0.00 0.00 0.00 0
5340 0.00 0.00 0.00 0
5352 0.00 0.00 0.00 0
5353 0.00 0.00 0.00 0
5354 0.00 0.00 0.00 0
5355 0.00 0.00 0.00 0
5356 0.00 0.00 0.00 0
5357 0.00 0.00 0.00 0
5358 0.00 0.00 0.00 0
5359 0.00 0.00 0.00 0
5360 0.00 0.00 0.00 0
5361 0.00 0.00 0.00 0
5362 0.00 0.00 0.00 0
5363 0.00 0.00 0.00 0
5373 0.00 0.00 0.00 0
5374 0.00 0.00 0.00 0
5375 0.00 0.00 0.00 0
5376 0.00 0.00 0.00 0
5377 0.00 0.00 0.00 0
5378 0.00 0.00 0.00 0
5379 0.00 0.00 0.00 0
5380 0.00 0.00 0.00 0
5381 0.00 0.00 0.00 0
5382 0.00 0.00 0.00 0
5383 0.00 0.00 0.00 0
5392 0.00 0.00 0.00 0
5393 0.00 0.00 0.00 0
5394 0.00 0.00 0.00 0
5395 0.00 0.00 0.00 0
5396 0.00 0.00 0.00 0
5397 0.00 0.00 0.00 0
5402 0.00 0.00 0.00 0
5403 0.00 0.00 0.00 0
5417 0.00 0.00 0.00 0
5425 0.00 0.00 0.00 0
5434 0.00 0.00 0.00 0
5435 0.00 0.00 0.00 0
5448 0.00 0.00 0.00 0
6177 0.00 0.00 0.00 0
6178 0.00 0.00 0.00 0
6179 0.00 0.00 0.00 0
6180 0.00 0.00 0.00 0
6181 0.00 0.00 0.00 0
6194 0.00 0.00 0.00 0
6195 0.00 0.00 0.00 0
6196 0.00 0.00 0.00 0
6197 0.00 0.00 0.00 0
6198 0.00 0.00 0.00 0
6199 0.00 0.00 0.00 0
6212 0.00 0.00 0.00 0
6213 0.00 0.00 0.00 0
6214 0.00 0.00 0.00 0
6215 0.00 0.00 0.00 0
6216 0.00 0.00 0.00 0
6217 0.00 0.00 0.00 0
6218 0.00 0.00 0.00 0
6227 0.00 0.00 0.00 0
6228 0.00 0.00 0.00 0
6229 0.00 0.00 0.00 0
6230 0.00 0.00 0.00 0
6231 0.00 0.00 0.00 0
6232 0.00 0.00 0.00 0
6233 0.00 0.00 0.00 0
6234 0.00 0.00 0.00 0
6235 0.00 0.00 0.00 0
6236 0.00 0.00 0.00 0
6237 0.00 0.00 0.00 0
6238 0.00 0.00 0.00 0
6249 0.00 0.00 0.00 0
6250 0.00 0.00 0.00 0
6251 0.00 0.00 0.00 0
6252 0.00 0.00 0.00 0
6253 0.00 0.00 0.00 0
6254 0.00 0.00 0.00 0
6255 0.00 0.00 0.00 0
6256 0.00 0.00 0.00 0
6257 0.00 0.00 0.00 0
6258 0.00 0.00 0.00 0
6259 0.00 0.00 0.00 0
6260 0.00 0.00 0.00 0
6261 0.00 0.00 0.00 0
6274 0.00 0.00 0.00 0
6275 0.00 0.00 0.00 0
6276 0.00 0.00 0.00 0
6277 0.00 0.00 0.00 0
6278 0.00 0.00 0.00 0
6279 0.00 0.00 0.00 0
6280 0.00 0.00 0.00 0
6281 0.00 0.00 0.00 0
6282 0.00 0.00 0.00 0
6283 0.00 0.00 0.00 0
6284 0.00 0.00 0.00 0
6296 0.00 0.00 0.00 0
6297 0.00 0.00 0.00 0
6298 0.00 0.00 0.00 0
6299 0.00 0.00 0.00 0
6300 0.00 0.00 0.00 0
6301 0.00 0.00 0.00 0
6302 0.00 0.00 0.00 0
6303 0.00 0.00 0.00 0
6314 0.00 0.00 0.00 0
6320 0.00 0.00 0.00 0
6333 0.00 0.00 0.00 0
6334 0.00 0.00 0.00 0
6335 0.00 0.00 0.00 0
6336 0.00 0.00 0.00 0
6337 0.00 0.00 0.00 0
6341 0.00 0.00 0.00 0
6342 0.00 0.00 0.00 0
6343 0.00 0.00 0.00 0
6344 0.00 0.00 0.00 0
6345 0.00 0.00 0.00 0
6346 0.00 0.00 0.00 0
6347 0.00 0.00 0.00 0
6348 0.00 0.00 0.00 0
6358 0.00 0.00 0.00 0
6359 0.00 0.00 0.00 0
6360 0.00 0.00 0.00 0
6361 0.00 0.00 0.00 0
6362 0.00 0.00 0.00 0
6363 0.00 0.00 0.00 0
6364 0.00 0.00 0.00 0
6370 0.00 0.00 0.00 0
6371 0.00 0.00 0.00 0
7070 0.00 0.00 0.00 0
7071 0.00 0.00 0.00 0
7072 0.00 0.00 0.00 0
7073 0.00 0.00 0.00 0
7074 0.00 0.00 0.00 0
7088 0.00 0.00 0.00 0
7089 0.00 0.00 0.00 0
7090 0.00 0.00 0.00 0
7091 0.00 0.00 0.00 0
7092 0.00 0.00 0.00 0
7093 0.00 0.00 0.00 0
7105 0.00 0.00 0.00 0
7106 0.00 0.00 0.00 0
7107 0.00 0.00 0.00 0
7108 0.00 0.00 0.00 0
7123 0.00 0.00 0.00 0
7124 0.00 0.00 0.00 0
7125 0.00 0.00 0.00 0
7135 0.00 0.00 0.00 0
7136 0.00 0.00 0.00 0
7137 0.00 0.00 0.00 0
7138 0.00 0.00 0.00 0
7153 0.00 0.00 0.00 0
7154 0.00 0.00 0.00 0
7155 0.00 0.00 0.00 0
7156 0.00 0.00 0.00 0
7157 0.00 0.00 0.00 0
7158 0.00 0.00 0.00 0
7159 0.00 0.00 0.00 0
7160 0.00 0.00 0.00 0
7161 0.00 0.00 0.00 0
7178 0.00 0.00 0.00 0
7179 0.00 0.00 0.00 0
7180 0.00 0.00 0.00 0
7181 0.00 0.00 0.00 0
7182 0.00 0.00 0.00 0
7183 0.00 0.00 0.00 0
7196 0.00 0.00 0.00 0
7197 0.00 0.00 0.00 0
7207 0.00 0.00 0.00 0
7208 0.00 0.00 0.00 0
7209 0.00 0.00 0.00 0
7210 0.00 0.00 0.00 0
7211 0.00 0.00 0.00 0
7216 0.00 0.00 0.00 0
7217 0.00 0.00 0.00 0
7218 0.00 0.00 0.00 0
7219 0.00 0.00 0.00 0
7220 0.00 0.00 0.00 0
7221 0.00 0.00 0.00 0
7222 0.00 0.00 0.00 0
7234 0.00 0.00 0.00 0
7235 0.00 0.00 0.00 0
7236 0.00 0.00 0.00 0
7237 0.00 0.00 0.00 0
7238 0.00 0.00 0.00 0
7239 0.00 0.00 0.00 0
7240 0.00 0.00 0.00 0
7241 0.00 0.00 0.00 0
7242 0.00 0.00 0.00 0
7250 0.00 0.00 0.00 0
7251 0.00 0.00 0.00 0
7252 0.00 0.00 0.00 0
7253 0.00 0.00 0.00 0
7254 0.00 0.00 0.00 0
7255 0.00 0.00 0.00 0
7256 0.00 0.00 0.00 0
7257 0.00 0.00 0.00 0
7258 0.00 0.00 0.00 0
7269 0.00 0.00 0.00 0
7270 0.00 0.00 0.00 0
7271 0.00 0.00 0.00 0
7272 0.00 0.00 0.00 0
7273 0.00 0.00 0.00 0
7274 0.00 0.00 0.00 0
7275 0.00 0.00 0.00 0
7287 0.00 0.00 0.00 0
7288 0.00 0.00 0.00 0
7289 0.00 0.00 0.00 0
7299 0.00 0.00 0.00 0
7976 0.00 0.00 0.00 0
7977 0.00 0.00 0.00 0
7978 0.00 0.00 0.00 0
7990 0.00 0.00 0.00 0
7991 0.00 0.00 0.00 0
7992 0.00 0.00 0.00 0
7993 0.00 0.00 0.00 0
7994 0.00 0.00 0.00 0
7995 0.00 0.00 0.00 0
8014 0.00 0.00 0.00 0
8015 0.00 0.00 0.00 0
8016 0.00 0.00 0.00 0
8017 0.00 0.00 0.00 0
8018 0.00 0.00 0.00 0
8034 0.00 0.00 0.00 0
8035 0.00 0.00 0.00 0
8036 0.00 0.00 0.00 0
8037 0.00 0.00 0.00 0
8053 0.00 0.00 0.00 0
8054 0.00 0.00 0.00 0
8072 0.00 0.00 0.00 0
8073 0.00 0.00 0.00 0
8074 0.00 0.00 0.00 0
8093 0.00 0.00 0.00 0
8094 0.00 0.00 0.00 0
8095 0.00 0.00 0.00 0
8096 0.00 0.00 0.00 0
8097 0.00 0.00 0.00 0
8098 0.00 0.00 0.00 0
8099 0.00 0.00 0.00 0
8115 0.00 0.00 0.00 0
8116 0.00 0.00 0.00 0
8117 0.00 0.00 0.00 0
8118 0.00 0.00 0.00 0
8119 0.00 0.00 0.00 0
8120 0.00 0.00 0.00 0
8121 0.00 0.00 0.00 0
8131 0.00 0.00 0.00 0
8132 0.00 0.00 0.00 0
8133 0.00 0.00 0.00 0
8134 0.00 0.00 0.00 0
8135 0.00 0.00 0.00 0
8136 0.00 0.00 0.00 0
8143 0.00 0.00 0.00 0
8144 0.00 0.00 0.00 0
8145 0.00 0.00 0.00 0
8146 0.00 0.00 0.00 0
8147 0.00 0.00 0.00 0
8148 0.00 0.00 0.00 0
8149 0.00 0.00 0.00 0
8154 0.00 0.00 0.00 0
8155 0.00 0.00 0.00 0
8156 0.00 0.00 0.00 0
8157 0.00 0.00 0.00 0
8158 0.00 0.00 0.00 0
8159 0.00 0.00 0.00 0
8160 0.00 0.00 0.00 0
8161 0.00 0.00 0.00 0
8162 0.00 0.00 0.00 0
8172 0.00 0.00 0.00 0
8173 0.00 0.00 0.00 0
8174 0.00 0.00 0.00 0
8175 0.00 0.00 0.00 0
8176 0.00 0.00 0.00 0
8177 0.00 0.00 0.00 0
8178 0.00 0.00 0.00 0
8179 0.00 0.00 0.00 0
8180 0.00 0.00 0.00 0
8187 0.00 0.00 0.00 0
8188 0.00 0.00 0.00 0
8189 0.00 0.00 0.00 0
8190 0.00 0.00 0.00 0
8191 0.00 0.00 0.00 0
8192 0.00 0.00 0.00 0
8193 0.00 0.00 0.00 0
8203 0.00 0.00 0.00 0
8204 0.00 0.00 0.00 0
8205 0.00 0.00 0.00 0
8206 0.00 0.00 0.00 0
8207 0.00 0.00 0.00 0
8225 0.00 0.00 0.00 0
8226 0.00 0.00 0.00 0
8227 0.00 0.00 0.00 0
8243 0.00 0.00 0.00 0
8244 0.00 0.00 0.00 0
8245 0.00 0.00 0.00 0
8256 0.00 0.00 0.00 0
8257 0.00 0.00 0.00 0
8263 0.00 0.00 0.00 0
8958 0.00 0.00 0.00 0
8959 0.00 0.00 0.00 0
8960 0.00 0.00 0.00 0
8961 0.00 0.00 0.00 0
8962 0.00 0.00 0.00 0
8963 0.00 0.00 0.00 0
8973 0.00 0.00 0.00 0
8974 0.00 0.00 0.00 0
8975 0.00 0.00 0.00 0
8976 0.00 0.00 0.00 0
8977 0.00 0.00 0.00 0
8978 0.00 0.00 0.00 0
8979 0.00 0.00 0.00 0
8998 0.00 0.00 0.00 0
8999 0.00 0.00 0.00 0
9000 0.00 0.00 0.00 0
9001 0.00 0.00 0.00 0
9002 0.00 0.00 0.00 0
9003 0.00 0.00 0.00 0
9018 0.00 0.00 0.00 0
9019 0.00 0.00 0.00 0
9020 0.00 0.00 0.00 0
9021 0.00 0.00 0.00 0
9022 0.00 0.00 0.00 0
9023 0.00 0.00 0.00 0
9024 0.00 0.00 0.00 0
9035 0.00 0.00 0.00 0
9036 0.00 0.00 0.00 0
9037 0.00 0.00 0.00 0
9038 0.00 0.00 0.00 0
9055 0.00 0.00 0.00 0
9056 0.00 0.00 0.00 0
9057 0.00 0.00 0.00 0
9076 0.00 0.00 0.00 0
9077 0.00 0.00 0.00 0
9078 0.00 0.00 0.00 0
9089 0.00 0.00 0.00 0
9090 0.00 0.00 0.00 0
9091 0.00 0.00 0.00 0
9092 0.00 0.00 0.00 0
9093 0.00 0.00 0.00 0
9108 0.00 0.00 0.00 0
9109 0.00 0.00 0.00 0
9110 0.00 0.00 0.00 0
9111 0.00 0.00 0.00 0
9112 0.00 0.00 0.00 0
9113 0.00 0.00 0.00 0
9122 0.00 0.00 0.00 0
9123 0.00 0.00 0.00 0
9124 0.00 0.00 0.00 0
9125 0.00 0.00 0.00 0
9126 0.00 0.00 0.00 0
9127 0.00 0.00 0.00 0
9128 0.00 0.00 0.00 0
9129 0.00 0.00 0.00 0
9130 0.00 0.00 0.00 0
9131 0.00 0.00 0.00 0
9137 0.00 0.00 0.00 0
9138 0.00 0.00 0.00 0
9139 0.00 0.00 0.00 0
9140 0.00 0.00 0.00 0
9141 0.00 0.00 0.00 0
9142 0.00 0.00 0.00 0
9143 0.00 0.00 0.00 0
9144 0.00 0.00 0.00 0
9145 0.00 0.00 0.00 0
9146 0.00 0.00 0.00 0
9147 0.00 0.00 0.00 0
9156 0.00 0.00 0.00 0
9157 0.00 0.00 0.00 0
9158 0.00 0.00 0.00 0
9159 0.00 0.00 0.00 0
9160 0.00 0.00 0.00 0
9161 0.00 0.00 0.00 0
9171 0.00 0.00 0.00 0
9172 0.00 0.00 0.00 0
9173 0.00 0.00 0.00 0
9174 0.00 0.00 0.00 0
9186 0.00 0.00 0.00 0
9187 0.00 0.00 0.00 0
9198 0.00 0.00 0.00 0
9207 0.00 0.00 0.00 0
9220 0.00 0.00 0.00 0
9221 0.00 0.00 0.00 0
9233 0.00 0.00 0.00 0
9234 0.00 0.00 0.00 0
9944 0.00 0.00 0.00 0
9945 0.00 0.00 0.00 0
9957 0.00 0.00 0.00 0
9958 0.00 0.00 0.00 0
9959 0.00 0.00 0.00 0
9960 0.00 0.00 0.00 0
9961 0.00 0.00 0.00 0
9962 0.00 0.00 0.00 0
9963 0.00 0.00 0.00 0
9974 0.00 0.00 0.00 0
9975 0.00 0.00 0.00 0
9976 0.00 0.00 0.00 0
9977 0.00 0.00 0.00 0
9978 0.00 0.00 0.00 0
9979 0.00 0.00 0.00 0
9980 0.00 0.00 0.00 0
9996 0.00 0.00 0.00 0
9997 0.00 0.00 0.00 0
9998 0.00 0.00 0.00 0
9999 0.00 0.00 0.00 0
10000 0.00 0.00 0.00 0
10001 0.00 0.00 0.00 0
10002 0.00 0.00 0.00 0
10014 0.00 0.00 0.00 0
10015 0.00 0.00 0.00 0
10016 0.00 0.00 0.00 0
10017 0.00 0.00 0.00 0
10018 0.00 0.00 0.00 0
10019 0.00 0.00 0.00 0
10020 0.00 0.00 0.00 0
10021 0.00 0.00 0.00 0
10022 0.00 0.00 0.00 0
10023 0.00 0.00 0.00 0
10035 0.00 0.00 0.00 0
10036 0.00 0.00 0.00 0
10037 0.00 0.00 0.00 0
10038 0.00 0.00 0.00 0
10039 0.00 0.00 0.00 0
10040 0.00 0.00 0.00 0
10041 0.00 0.00 0.00 0
10056 0.00 0.00 0.00 0
10057 0.00 0.00 0.00 0
10058 0.00 0.00 0.00 0
10059 0.00 0.00 0.00 0
10071 0.00 0.00 0.00 0
10072 0.00 0.00 0.00 0
10073 0.00 0.00 0.00 0
10074 0.00 0.00 0.00 0
10085 0.00 0.00 0.00 0
10086 0.00 0.00 0.00 0
10087 0.00 0.00 0.00 0
10088 0.00 0.00 0.00 0
10089 0.00 0.00 0.00 0
10090 0.00 0.00 0.00 0
10091 0.00 0.00 0.00 0
10109 0.00 0.00 0.00 0
10110 0.00 0.00 0.00 0
10111 0.00 0.00 0.00 0
10112 0.00 0.00 0.00 0
10113 0.00 0.00 0.00 0
10114 0.00 0.00 0.00 0
10115 0.00 0.00 0.00 0
10116 0.00 0.00 0.00 0
10122 0.00 0.00 0.00 0
10123 0.00 0.00 0.00 0
10124 0.00 0.00 0.00 0
10125 0.00 0.00 0.00 0
10126 0.00 0.00 0.00 0
10127 0.00 0.00 0.00 0
10128 0.00 0.00 0.00 0
10129 0.00 0.00 0.00 0
10130 0.00 0.00 0.00 0
10131 0.00 0.00 0.00 0
10136 0.00 0.00 0.00 0
10137 0.00 0.00 0.00 0
10138 0.00 0.00 0.00 0
10139 0.00 0.00 0.00 0
10140 0.00 0.00 0.00 0
10141 0.00 0.00 0.00 0
10142 0.00 0.00 0.00 0
10150 0.00 0.00 0.00 0
10151 0.00 0.00 0.00 0
10152 0.00 0.00 0.00 0
10153 0.00 0.00 0.00 0
10154 0.00 0.00 0.00 0
10155 0.00 0.00 0.00 0
10156 0.00 0.00 0.00 0
10170 0.00 0.00 0.00 0
10171 0.00 0.00 0.00 0
10172 0.00 0.00 0.00 0
10173 0.00 0.00 0.00 0
10174 0.00 0.00 0.00 0
10175 0.00 0.00 0.00 0
10176 0.00 0.00 0.00 0
10177 0.00 0.00 0.00 0
10178 0.00 0.00 0.00 0
10190 0.00 0.00 0.00 0
10191 0.00 0.00 0.00 0
10192 0.00 0.00 0.00 0
10193 0.00 0.00 0.00 0
10194 0.00 0.00 0.00 0
10195 0.00 0.00 0.00 0
10206 0.00 0.00 0.00 0
10207 0.00 0.00 0.00 0
10208 0.00 0.00 0.00 0
10209 0.00 0.00 0.00 0
10210 0.00 0.00 0.00 0
10222 0.00 0.00 0.00 0
10223 0.00 0.00 0.00 0
10224 0.00 0.00 0.00 0
10236 0.00 0.00 0.00 0
10237 0.00 0.00 0.00 0
10238 0.00 0.00 0.00 0
10239 0.00 0.00 0.00 0
10254 0.00 0.00 0.00 0
10255 0.00 0.00 0.00 0
10270 0.00 0.00 0.00 0
11039 0.00 0.00 0.00 0
11040 0.00 0.00 0.00 0
11052 0.00 0.00 0.00 0
11053 0.00 0.00 0.00 0
11054 0.00 0.00 0.00 0
11055 0.00 0.00 0.00 0
11056 0.00 0.00 0.00 0
11057 0.00 0.00 0.00 0
11058 0.00 0.00 0.00 0
11069 0.00 0.00 0.00 0
11070 0.00 0.00 0.00 0
11071 0.00 0.00 0.00 0
11072 0.00 0.00 0.00 0
11073 0.00 0.00 0.00 0
11078 0.00 0.00 0.00 0
11079 0.00 0.00 0.00 0
11080 0.00 0.00 0.00 0
11081 0.00 0.00 0.00 0
11082 0.00 0.00 0.00 0
11089 0.00 0.00 0.00 0
11090 0.00 0.00 0.00 0
11091 0.00 0.00 0.00 0
11092 0.00 0.00 0.00 0
11093 0.00 0.00 0.00 0
11094 0.00 0.00 0.00 0
11104 0.00 0.00 0.00 0
11105 0.00 0.00 0.00 0
11106 0.00 0.00 0.00 0
11107 0.00 0.00 0.00 0
11108 0.00 0.00 0.00 0
11120 0.00 0.00 0.00 0
11121 0.00 0.00 0.00 0
11122 0.00 0.00 0.00 0
11133 0.00 0.00 0.00 0
11134 0.00 0.00 0.00 0
11135 0.00 0.00 0.00 0
11136 0.00 0.00 0.00 0
11137 0.00 0.00 0.00 0
11138 0.00 0.00 0.00 0
11153 0.00 0.00 0.00 0
11154 0.00 0.00 0.00 0
11155 0.00 0.00 0.00 0
11156 0.00 0.00 0.00 0
11157 0.00 0.00 0.00 0
11158 0.00 0.00 0.00 0
11159 0.00 0.00 0.00 0
11174 0.00 0.00 0.00 0
11175 0.00 0.00 0.00 0
11176 0.00 0.00 0.00 0
11177 0.00 0.00 0.00 0
11178 0.00 0.00 0.00 0
11179 0.00 0.00 0.00 0
11180 0.00 0.00 0.00 0
11181 0.00 0.00 0.00 0
11182 0.00 0.00 0.00 0
11183 0.00 0.00 0.00 0
11190 0.00 0.00 0.00 0
11191 0.00 0.00 0.00 0
11192 0.00 0.00 0.00 0
11193 0.00 0.00 0.00 0
11194 0.00 0.00 0.00 0
11195 0.00 0.00 0.00 0
11196 0.00 0.00 0.00 0
11197 0.00 0.00 0.00 0
11198 0.00 0.00 0.00 0
11199 0.00 0.00 0.00 0
11200 0.00 0.00 0.00 0
11208 0.00 0.00 0.00 0
11209 0.00 0.00 0.00 0
11210 0.00 0.00 0.00 0
11211 0.00 0.00 0.00 0
11212 0.00 0.00 0.00 0
11213 0.00 0.00 0.00 0
11214 0.00 0.00 0.00 0
11215 0.00 0.00 0.00 0
11225 0.00 0.00 0.00 0
11226 0.00 0.00 0.00 0
11227 0.00 0.00 0.00 0
11228 0.00 0.00 0.00 0
11229 0.00 0.00 0.00 0
11230 0.00 0.00 0.00 0
11231 0.00 0.00 0.00 0
11232 0.00 0.00 0.00 0
11248 0.00 0.00 0.00 0
11249 0.00 0.00 0.00 0
11250 0.00 0.00 0.00 0
11251 0.00 0.00 0.00 0
11252 0.00 0.00 0.00 0
11253 0.00 0.00 0.00 0
11254 0.00 0.00 0.00 0
11279 0.00 0.00 0.00 0
11280 0.00 0.00 0.00 0
11281 0.00 0.00 0.00 0
11291 0.00 0.00 0.00 0
11292 0.00 0.00 0.00 0
11293 0.00 0.00 0.00 0
11305 0.00 0.00 0.00 0
11306 0.00 0.00 0.00 0
11307 0.00 0.00 0.00 0
11308 0.00 0.00 0.00 0
11319 0.00 0.00 0.00 0
11320 0.00 0.00 0.00 0
11321 0.00 0.00 0.00 0
11322 0.00 0.00 0.00 0
11337 0.00 0.00 0.00 0
11338 0.00 0.00 0.00 0
11339 0.00 0.00 0.00 0
11340 0.00 0.00 0.00 0
12067 0.00 0.00 0.00 0
12068 0.00 0.00 0.00 0
12082 0.00 0.00 0.00 0
12083 0.00 0.00 0.00 0
12150 0.00 0.00 0.00 0
12151 0.00 0.00 0.00 0
12152 0.00 0.00 0.00 0
12153 0.00 0.00 0.00 0
12154 0.00 0.00 0.00 0
12155 0.00 0.00 0.00 0
12156 0.00 0.00 0.00 0
12167 0.00 0.00 0.00 0
12168 0.00 0.00 0.00 0
12169 0.00 0.00 0.00 0
12170 0.00 0.00 0.00 0
12171 0.00 0.00 0.00 0
12172 0.00 0.00 0.00 0
12177 0.00 0.00 0.00 0
12178 0.00 0.00 0.00 0
12179 0.00 0.00 0.00 0
12180 0.00 0.00 0.00 0
12181 0.00 0.00 0.00 0
12186 0.00 0.00 0.00 0
12187 0.00 0.00 0.00 0
12188 0.00 0.00 0.00 0
12189 0.00 0.00 0.00 0
12190 0.00 0.00 0.00 0
12191 0.00 0.00 0.00 0
12192 0.00 0.00 0.00 0
12196 0.00 0.00 0.00 0
12197 0.00 0.00 0.00 0
12204 0.00 0.00 0.00 0
12205 0.00 0.00 0.00 0
12206 0.00 0.00 0.00 0
12207 0.00 0.00 0.00 0
12208 0.00 0.00 0.00 0
12209 0.00 0.00 0.00 0
12222 0.00 0.00 0.00 0
12223 0.00 0.00 0.00 0
12224 0.00 0.00 0.00 0
12225 0.00 0.00 0.00 0
12226 0.00 0.00 0.00 0
12227 0.00 0.00 0.00 0
12228 0.00 0.00 0.00 0
12229 0.00 0.00 0.00 0
12230 0.00 0.00 0.00 0
12231 0.00 0.00 0.00 0
12243 0.00 0.00 0.00 0
12244 0.00 0.00 0.00 0
12245 0.00 0.00 0.00 0
12246 0.00 0.00 0.00 0
12247 0.00 0.00 0.00 0
12248 0.00 0.00 0.00 0
12256 0.00 0.00 0.00 0
12257 0.00 0.00 0.00 0
12258 0.00 0.00 0.00 0
12259 0.00 0.00 0.00 0
12267 0.00 0.00 0.00 0
12268 0.00 0.00 0.00 0
12276 0.00 0.00 0.00 0
12277 0.00 0.00 0.00 0
12382 0.00 0.00 0.00 0
12383 0.00 0.00 0.00 0
12400 0.00 0.00 0.00 0
12401 0.00 0.00 0.00 0
12402 0.00 0.00 0.00 0
12418 0.00 0.00 0.00 0
12419 0.00 0.00 0.00 0
13159 0.00 0.00 0.00 0
13160 0.00 0.00 0.00 0
13161 0.00 0.00 0.00 0
13179 0.00 0.00 0.00 0
13180 0.00 0.00 0.00 0
13181 0.00 0.00 0.00 0
13182 0.00 0.00 0.00 0
13199 0.00 0.00 0.00 0
13200 0.00 0.00 0.00 0
13201 0.00 0.00 0.00 0
13202 0.00 0.00 0.00 0
13213 0.00 0.00 0.00 0
13214 0.00 0.00 0.00 0
13215 0.00 0.00 0.00 0
13216 0.00 0.00 0.00 0
13228 0.00 0.00 0.00 0
13229 0.00 0.00 0.00 0
13230 0.00 0.00 0.00 0
13231 0.00 0.00 0.00 0
13250 0.00 0.00 0.00 0
13251 0.00 0.00 0.00 0
13252 0.00 0.00 0.00 0
13253 0.00 0.00 0.00 0
13254 0.00 0.00 0.00 0
13274 0.00 0.00 0.00 0
13275 0.00 0.00 0.00 0
13276 0.00 0.00 0.00 0
13277 0.00 0.00 0.00 0
13297 0.00 0.00 0.00 0
13298 0.00 0.00 0.00 0
13299 0.00 0.00 0.00 0
13300 0.00 0.00 0.00 0
13301 0.00 0.00 0.00 0
13312 0.00 0.00 0.00 0
13313 0.00 0.00 0.00 0
13314 0.00 0.00 0.00 0
13315 0.00 0.00 0.00 0
13316 0.00 0.00 0.00 0
13317 0.00 0.00 0.00 0
13318 0.00 0.00 0.00 0
13319 0.00 0.00 0.00 0
13328 0.00 0.00 0.00 0
13329 0.00 0.00 0.00 0
13330 0.00 0.00 0.00 0
13331 0.00 0.00 0.00 0
13332 0.00 0.00 0.00 0
13333 0.00 0.00 0.00 0
13341 0.00 0.00 0.00 0
13342 0.00 0.00 0.00 0
13343 0.00 0.00 0.00 0
13344 0.00 0.00 0.00 0
13345 0.00 0.00 0.00 0
13350 0.00 0.00 0.00 0
13351 0.00 0.00 0.00 0
13352 0.00 0.00 0.00 0
13353 0.00 0.00 0.00 0
13354 0.00 0.00 0.00 0
13355 0.00 0.00 0.00 0
13364 0.00 0.00 0.00 0
13365 0.00 0.00 0.00 0
13366 0.00 0.00 0.00 0
13367 0.00 0.00 0.00 0
13368 0.00 0.00 0.00 0
13369 0.00 0.00 0.00 0
13370 0.00 0.00 0.00 0
13371 0.00 0.00 0.00 0
13372 0.00 0.00 0.00 0
13382 0.00 0.00 0.00 0
13383 0.00 0.00 0.00 0
13384 0.00 0.00 0.00 0
13385 0.00 0.00 0.00 0
13386 0.00 0.00 0.00 0
13387 0.00 0.00 0.00 0
13388 0.00 0.00 0.00 0
13389 0.00 0.00 0.00 0
13390 0.00 0.00 0.00 0
13391 0.00 0.00 0.00 0
13392 0.00 0.00 0.00 0
13404 0.00 0.00 0.00 0
13405 0.00 0.00 0.00 0
13406 0.00 0.00 0.00 0
13407 0.00 0.00 0.00 0
13408 0.00 0.00 0.00 0
13409 0.00 0.00 0.00 0
13410 0.00 0.00 0.00 0
13411 0.00 0.00 0.00 0
14337 0.00 0.00 0.00 0
14338 0.00 0.00 0.00 0
14339 0.00 0.00 0.00 0
14340 0.00 0.00 0.00 0
14359 0.00 0.00 0.00 0
14360 0.00 0.00 0.00 0
14361 0.00 0.00 0.00 0
14362 0.00 0.00 0.00 0
14383 0.00 0.00 0.00 0
14384 0.00 0.00 0.00 0
14385 0.00 0.00 0.00 0
14386 0.00 0.00 0.00 0
14408 0.00 0.00 0.00 0
14409 0.00 0.00 0.00 0
14410 0.00 0.00 0.00 0
14429 0.00 0.00 0.00 0
14430 0.00 0.00 0.00 0
14431 0.00 0.00 0.00 0
14450 0.00 0.00 0.00 0
14451 0.00 0.00 0.00 0
14452 0.00 0.00 0.00 0
14472 0.00 0.00 0.00 0
14473 0.00 0.00 0.00 0
14474 0.00 0.00 0.00 0
14475 0.00 0.00 0.00 0
14476 0.00 0.00 0.00 0
14491 0.00 0.00 0.00 0
14492 0.00 0.00 0.00 0
14493 0.00 0.00 0.00 0
14494 0.00 0.00 0.00 0
14495 0.00 0.00 0.00 0
14508 0.00 0.00 0.00 0
14509 0.00 0.00 0.00 0
14510 0.00 0.00 0.00 0
14511 0.00 0.00 0.00 0
14512 0.00 0.00 0.00 0
14527 0.00 0.00 0.00 0
14528 0.00 0.00 0.00 0
14529 0.00 0.00 0.00 0
14530 0.00 0.00 0.00 0
14531 0.00 0.00 0.00 0
14532 0.00 0.00 0.00 0
14541 0.00 0.00 0.00 0
14542 0.00 0.00 0.00 0
14543 0.00 0.00 0.00 0
14544 0.00 0.00 0.00 0
14545 0.00 0.00 0.00 0
14546 0.00 0.00 0.00 0
14547 0.00 0.00 0.00 0
14553 0.00 0.00 0.00 0
14554 0.00 0.00 0.00 0
14555 0.00 0.00 0.00 0
14556 0.00 0.00 0.00 0
14557 0.00 0.00 0.00 0
14558 0.00 0.00 0.00 0
14559 0.00 0.00 0.00 0
14566 0.00 0.00 0.00 0
14567 0.00 0.00 0.00 0
14568 0.00 0.00 0.00 0
14569 0.00 0.00 0.00 0
14570 0.00 0.00 0.00 0
14571 0.00 0.00 0.00 0
14572 0.00 0.00 0.00 0
14573 0.00 0.00 0.00 0
14574 0.00 0.00 0.00 0
14575 0.00 0.00 0.00 0
14576 0.00 0.00 0.00 0
14577 0.00 0.00 0.00 0
14585 0.00 0.00 0.00 0
14586 0.00 0.00 0.00 0
14587 0.00 0.00 0.00 0
14588 0.00 0.00 0.00 0
14589 0.00 0.00 0.00 0
14590 0.00 0.00 0.00 0
14591 0.00 0.00 0.00 0
14592 0.00 0.00 0.00 0
14593 0.00 0.00 0.00 0
14594 0.00 0.00 0.00 0
14602 0.00 0.00 0.00 0
14603 0.00 0.00 0.00 0
14604 0.00 0.00 0.00 0
14605 0.00 0.00 0.00 0
14606 0.00 0.00 0.00 0
15625 0.00 0.00 0.00 0
15626 0.00 0.00 0.00 0
15627 0.00 0.00 0.00 0
15628 0.00 0.00 0.00 0
15644 0.00 0.00 0.00 0
15645 0.00 0.00 0.00 0
15646 0.00 0.00 0.00 0
15647 0.00 0.00 0.00 0
15648 0.00 0.00 0.00 0
15649 0.00 0.00 0.00 0
15664 0.00 0.00 0.00 0
15665 0.00 0.00 0.00 0
15666 0.00 0.00 0.00 0
15667 0.00 0.00 0.00 0
15668 0.00 0.00 0.00 0
15683 0.00 0.00 0.00 0
15684 0.00 0.00 0.00 0
15685 0.00 0.00 0.00 0
15686 0.00 0.00 0.00 0
15687 0.00 0.00 0.00 0
15688 0.00 0.00 0.00 0
15701 0.00 0.00 0.00 0
15702 0.00 0.00 0.00 0
15703 0.00 0.00 0.00 0
15704 0.00 0.00 0.00 0
15705 0.00 0.00 0.00 0
15717 0.00 0.00 0.00 0
15718 0.00 0.00 0.00 0
15719 0.00 0.00 0.00 0
15731 0.00 0.00 0.00 0
15732 0.00 0.00 0.00 0
15743 0.00 0.00 0.00 0
15744 0.00 0.00 0.00 0
15745 0.00 0.00 0.00 0
15746 0.00 0.00 0.00 0
15761 0.00 0.00 0.00 0
15762 0.00 0.00 0.00 0
15763 0.00 0.00 0.00 0
15764 0.00 0.00 0.00 0
15781 0.00 0.00 0.00 0
15782 0.00 0.00 0.00 0
15783 0.00 0.00 0.00 0
15784 0.00 0.00 0.00 0
15785 0.00 0.00 0.00 0
15800 0.00 0.00 0.00 0
15801 0.00 0.00 0.00 0
15802 0.00 0.00 0.00 0
15803 0.00 0.00 0.00 0
15804 0.00 0.00 0.00 0
15805 0.00 0.00 0.00 0
15809 0.00 0.00 0.00 0
15810 0.00 0.00 0.00 0
15811 0.00 0.00 0.00 0
15812 0.00 0.00 0.00 0
15813 0.00 0.00 0.00 0
15814 0.00 0.00 0.00 0
15815 0.00 0.00 0.00 0
15816 0.00 0.00 0.00 0
15817 0.00 0.00 0.00 0
15824 0.00 0.00 0.00 0
15825 0.00 0.00 0.00 0
15826 0.00 0.00 0.00 0
15827 0.00 0.00 0.00 0
15828 0.00 0.00 0.00 0
15829 0.00 0.00 0.00 0
15830 0.00 0.00 0.00 0
15831 0.00 0.00 0.00 0
15832 0.00 0.00 0.00 0
15833 0.00 0.00 0.00 0
15834 0.00 0.00 0.00 0
15835 0.00 0.00 0.00 0
15836 0.00 0.00 0.00 0
15841 0.00 0.00 0.00 0
15842 0.00 0.00 0.00 0
15843 0.00 0.00 0.00 0
15844 0.00 0.00 0.00 0
15845 0.00 0.00 0.00 0
15846 0.00 0.00 0.00 0
15847 0.00 0.00 0.00 0
15848 0.00 0.00 0.00 0
15849 0.00 0.00 0.00 0
15850 0.00 0.00 0.00 0
15857 0.00 0.00 0.00 0
15858 0.00 0.00 0.00 0
15859 0.00 0.00 0.00 0
15860 0.00 0.00 0.00 0
15861 0.00 0.00 0.00 0
15862 0.00 0.00 0.00 0
15873 0.00 0.00 0.00 0
15874 0.00 0.00 0.00 0
15875 0.00 0.00 0.00 0
16984 0.00 0.00 0.00 0
16985 0.00 0.00 0.00 0
16986 0.00 0.00 0.00 0
17004 0.00 0.00 0.00 0
17005 0.00 0.00 0.00 0
17006 0.00 0.00 0.00 0
17007 0.00 0.00 0.00 0
17008 0.00 0.00 0.00 0
17009 0.00 0.00 0.00 0
17029 0.00 0.00 0.00 0
17030 0.00 0.00 0.00 0
17031 0.00 0.00 0.00 0
17032 0.00 0.00 0.00 0
17033 0.00 0.00 0.00 0
17034 0.00 0.00 0.00 0
17051 0.00 0.00 0.00 0
17052 0.00 0.00 0.00 0
17053 0.00 0.00 0.00 0
17054 0.00 0.00 0.00 0
17074 0.00 0.00 0.00 0
17075 0.00 0.00 0.00 0
17076 0.00 0.00 0.00 0
17077 0.00 0.00 0.00 0
17093 0.00 0.00 0.00 0
17094 0.00 0.00 0.00 0
17095 0.00 0.00 0.00 0
17096 0.00 0.00 0.00 0
17097 0.00 0.00 0.00 0
17098 0.00 0.00 0.00 0
17112 0.00 0.00 0.00 0
17113 0.00 0.00 0.00 0
17114 0.00 0.00 0.00 0
17115 0.00 0.00 0.00 0
17116 0.00 0.00 0.00 0
17117 0.00 0.00 0.00 0
17118 0.00 0.00 0.00 0
17134 0.00 0.00 0.00 0
17135 0.00 0.00 0.00 0
17136 0.00 0.00 0.00 0
17137 0.00 0.00 0.00 0
17138 0.00 0.00 0.00 0
17139 0.00 0.00 0.00 0
17158 0.00 0.00 0.00 0
17159 0.00 0.00 0.00 0
17160 0.00 0.00 0.00 0
17161 0.00 0.00 0.00 0
17179 0.00 0.00 0.00 0
17180 0.00 0.00 0.00 0
17181 0.00 0.00 0.00 0
17182 0.00 0.00 0.00 0
17183 0.00 0.00 0.00 0
17198 0.00 0.00 0.00 0
17199 0.00 0.00 0.00 0
17200 0.00 0.00 0.00 0
17201 0.00 0.00 0.00 0
17202 0.00 0.00 0.00 0
17203 0.00 0.00 0.00 0
17204 0.00 0.00 0.00 0
17214 0.00 0.00 0.00 0
17215 0.00 0.00 0.00 0
17216 0.00 0.00 0.00 0
17217 0.00 0.00 0.00 0
17218 0.00 0.00 0.00 0
17219 0.00 0.00 0.00 0
17220 0.00 0.00 0.00 0
17221 0.00 0.00 0.00 0
17222 0.00 0.00 0.00 0
17228 0.00 0.00 0.00 0
17229 0.00 0.00 0.00 0
17230 0.00 0.00 0.00 0
17231 0.00 0.00 0.00 0
17232 0.00 0.00 0.00 0
17233 0.00 0.00 0.00 0
17234 0.00 0.00 0.00 0
17235 0.00 0.00 0.00 0
17242 0.00 0.00 0.00 0
17243 0.00 0.00 0.00 0
17244 0.00 0.00 0.00 0
17245 0.00 0.00 0.00 0
17246 0.00 0.00 0.00 0
17247 0.00 0.00 0.00 0
17248 0.00 0.00 0.00 0
17249 0.00 0.00 0.00 0
17250 0.00 0.00 0.00 0
17251 0.00 0.00 0.00 0
17254 0.00 0.00 0.00 0
17255 0.00 0.00 0.00 0
17256 0.00 0.00 0.00 0
17257 0.00 0.00 0.00 0
17258 0.00 0.00 0.00 0
17263 0.00 0.00 0.00 0
17264 0.00 0.00 0.00 0
17265 0.00 0.00 0.00 0
17266 0.00 0.00 0.00 0
17267 0.00 0.00 0.00 0
17283 0.00 0.00 0.00 0
17284 0.00 0.00 0.00 0
17285 0.00 0.00 0.00 0
18437 0.00 0.00 0.00 0
18438 0.00 0.00 0.00 0
18439 0.00 0.00 0.00 0
18440 0.00 0.00 0.00 0
18441 0.00 0.00 0.00 0
18456 0.00 0.00 0.00 0
18457 0.00 0.00 0.00 0
18458 0.00 0.00 0.00 0
18459 0.00 0.00 0.00 0
18460 0.00 0.00 0.00 0
18461 0.00 0.00 0.00 0
18480 0.00 0.00 0.00 0
18481 0.00 0.00 0.00 0
18482 0.00 0.00 0.00 0
18483 0.00 0.00 0.00 0
18484 0.00 0.00 0.00 0
18485 0.00 0.00 0.00 0
18503 0.00 0.00 0.00 0
18504 0.00 0.00 0.00 0
18505 0.00 0.00 0.00 0
18506 0.00 0.00 0.00 0
18507 0.00 0.00 0.00 0
18523 0.00 0.00 0.00 0
18524 0.00 0.00 0.00 0
18525 0.00 0.00 0.00 0
18538 0.00 0.00 0.00 0
18539 0.00 0.00 0.00 0
18540 0.00 0.00 0.00 0
18553 0.00 0.00 0.00 0
18554 0.00 0.00 0.00 0
18555 0.00 0.00 0.00 0
18556 0.00 0.00 0.00 0
18557 0.00 0.00 0.00 0
18558 0.00 0.00 0.00 0
18574 0.00 0.00 0.00 0
18575 0.00 0.00 0.00 0
18576 0.00 0.00 0.00 0
18577 0.00 0.00 0.00 0
18578 0.00 0.00 0.00 0
18579 0.00 0.00 0.00 0
18580 0.00 0.00 0.00 0
18581 0.00 0.00 0.00 0
18582 0.00 0.00 0.00 0
18596 0.00 0.00 0.00 0
18597 0.00 0.00 0.00 0
18598 0.00 0.00 0.00 0
18599 0.00 0.00 0.00 0
18600 0.00 0.00 0.00 0
18601 0.00 0.00 0.00 0
18602 0.00 0.00 0.00 0
18603 0.00 0.00 0.00 0
18612 0.00 0.00 0.00 0
18613 0.00 0.00 0.00 0
18614 0.00 0.00 0.00 0
18615 0.00 0.00 0.00 0
18616 0.00 0.00 0.00 0
18617 0.00 0.00 0.00 0
18618 0.00 0.00 0.00 0
18619 0.00 0.00 0.00 0
18620 0.00 0.00 0.00 0
18621 0.00 0.00 0.00 0
18622 0.00 0.00 0.00 0
18623 0.00 0.00 0.00 0
18624 0.00 0.00 0.00 0
18640 0.00 0.00 0.00 0
18641 0.00 0.00 0.00 0
18642 0.00 0.00 0.00 0
18643 0.00 0.00 0.00 0
18644 0.00 0.00 0.00 0
18645 0.00 0.00 0.00 0
18646 0.00 0.00 0.00 0
18647 0.00 0.00 0.00 0
18648 0.00 0.00 0.00 0
18658 0.00 0.00 0.00 0
18659 0.00 0.00 0.00 0
18660 0.00 0.00 0.00 0
18661 0.00 0.00 0.00 0
18662 0.00 0.00 0.00 0
18663 0.00 0.00 0.00 0
18664 0.00 0.00 0.00 0
18670 0.00 0.00 0.00 0
18671 0.00 0.00 0.00 0
18672 0.00 0.00 0.00 0
18673 0.00 0.00 0.00 0
18674 0.00 0.00 0.00 0
18675 0.00 0.00 0.00 0
18676 0.00 0.00 0.00 0
18677 0.00 0.00 0.00 0
18678 0.00 0.00 0.00 0
18685 0.00 0.00 0.00 0
18686 0.00 0.00 0.00 0
18687 0.00 0.00 0.00 0
18688 0.00 0.00 0.00 0
18689 0.00 0.00 0.00 0
18690 0.00 0.00 0.00 0
18691 0.00 0.00 0.00 0
18692 0.00 0.00 0.00 0
18693 0.00 0.00 0.00 0
18694 0.00 0.00 0.00 0
18706 0.00 0.00 0.00 0
18707 0.00 0.00 0.00 0
18708 0.00 0.00 0.00 0
18709 0.00 0.00 0.00 0
18710 0.00 0.00 0.00 0
18723 0.00 0.00 0.00 0
18724 0.00 0.00 0.00 0
18725 0.00 0.00 0.00 0
18726 0.00 0.00 0.00 0
19842 0.00 0.00 0.00 0
19843 0.00 0.00 0.00 0
19844 0.00 0.00 0.00 0
19845 0.00 0.00 0.00 0
19846 0.00 0.00 0.00 0
19847 0.00 0.00 0.00 0
19860 0.00 0.00 0.00 0
19861 0.00 0.00 0.00 0
19862 0.00 0.00 0.00 0
19863 0.00 0.00 0.00 0
19864 0.00 0.00 0.00 0
19865 0.00 0.00 0.00 0
19866 0.00 0.00 0.00 0
19876 0.00 0.00 0.00 0
19877 0.00 0.00 0.00 0
19878 0.00 0.00 0.00 0
19879 0.00 0.00 0.00 0
19880 0.00 0.00 0.00 0
19881 0.00 0.00 0.00 0
19882 0.00 0.00 0.00 0
19891 0.00 0.00 0.00 0
19892 0.00 0.00 0.00 0
19893 0.00 0.00 0.00 0
19894 0.00 0.00 0.00 0
19895 0.00 0.00 0.00 0
19896 0.00 0.00 0.00 0
19903 0.00 0.00 0.00 0
19904 0.00 0.00 0.00 0
19905 0.00 0.00 0.00 0
19906 0.00 0.00 0.00 0
19913 0.00 0.00 0.00 0
19914 0.00 0.00 0.00 0
19915 0.00 0.00 0.00 0
19916 0.00 0.00 0.00 0
19917 0.00 0.00 0.00 0
19918 0.00 0.00 0.00 0
19919 0.00 0.00 0.00 0
19927 0.00 0.00 0.00 0
19928 0.00 0.00 0.00 0
19929 0.00 0.00 0.00 0
19930 0.00 0.00 0.00 0
19931 0.00 0.00 0.00 0
19932 0.00 0.00 0.00 0
19933 0.00 0.00 0.00 0
19934 0.00 0.00 0.00 0
19935 0.00 0.00 0.00 0
19936 0.00 0.00 0.00 0
19937 0.00 0.00 0.00 0
19950 0.00 0.00 0.00 0
19951 0.00 0.00 0.00 0
19952 0.00 0.00 0.00 0
19953 0.00 0.00 0.00 0
19954 0.00 0.00 0.00 0
19955 0.00 0.00 0.00 0
19956 0.00 0.00 0.00 0
19957 0.00 0.00 0.00 0
19958 0.00 0.00 0.00 0
19959 0.00 0.00 0.00 0
19960 0.00 0.00 0.00 0
19961 0.00 0.00 0.00 0
19962 0.00 0.00 0.00 0
19963 0.00 0.00 0.00 0
19974 0.00 0.00 0.00 0
19975 0.00 0.00 0.00 0
19976 0.00 0.00 0.00 0
19977 0.00 0.00 0.00 0
19978 0.00 0.00 0.00 0
19979 0.00 0.00 0.00 0
19980 0.00 0.00 0.00 0
19981 0.00 0.00 0.00 0
19982 0.00 0.00 0.00 0
19983 0.00 0.00 0.00 0
19984 0.00 0.00 0.00 0
19985 0.00 0.00 0.00 0
19992 0.00 0.00 0.00 0
19993 0.00 0.00 0.00 0
19994 0.00 0.00 0.00 0
19995 0.00 0.00 0.00 0
19996 0.00 0.00 0.00 0
19997 0.00 0.00 0.00 0
19998 0.00 0.00 0.00 0
19999 0.00 0.00 0.00 0
20000 0.00 0.00 0.00 0
20001 0.00 0.00 0.00 0
20018 0.00 0.00 0.00 0
20019 0.00 0.00 0.00 0
20020 0.00 0.00 0.00 0
20021 0.00 0.00 0.00 0
20034 0.00 0.00 0.00 0
20035 0.00 0.00 0.00 0
20036 0.00 0.00 0.00 0
20037 0.00 0.00 0.00 0
20038 0.00 0.00 0.00 0
20039 0.00 0.00 0.00 0
20047 0.00 0.00 0.00 0
20048 0.00 0.00 0.00 0
20049 0.00 0.00 0.00 0
20050 0.00 0.00 0.00 0
20051 0.00 0.00 0.00 0
20052 0.00 0.00 0.00 0
20053 0.00 0.00 0.00 0
20054 0.00 0.00 0.00 0
20055 0.00 0.00 0.00 0
20056 0.00 0.00 0.00 0
20057 0.00 0.00 0.00 0
20058 0.00 0.00 0.00 0
20071 0.00 0.00 0.00 0
20072 0.00 0.00 0.00 0
20073 0.00 0.00 0.00 0
20074 0.00 0.00 0.00 0
20075 0.00 0.00 0.00 0
20088 0.00 0.00 0.00 0
20089 0.00 0.00 0.00 0
20090 0.00 0.00 0.00 0
20091 0.00 0.00 0.00 0
20092 0.00 0.00 0.00 0
21158 0.00 0.00 0.00 0
21159 0.00 0.00 0.00 0
21160 0.00 0.00 0.00 0
21161 0.00 0.00 0.00 0
21162 0.00 0.00 0.00 0
21163 0.00 0.00 0.00 0
21164 0.00 0.00 0.00 0
21172 0.00 0.00 0.00 0
21173 0.00 0.00 0.00 0
21174 0.00 0.00 0.00 0
21175 0.00 0.00 0.00 0
21176 0.00 0.00 0.00 0
21177 0.00 0.00 0.00 0
21178 0.00 0.00 0.00 0
21179 0.00 0.00 0.00 0
21184 0.00 0.00 0.00 0
21185 0.00 0.00 0.00 0
21186 0.00 0.00 0.00 0
21187 0.00 0.00 0.00 0
21188 0.00 0.00 0.00 0
21189 0.00 0.00 0.00 0
21190 0.00 0.00 0.00 0
21191 0.00 0.00 0.00 0
21196 0.00 0.00 0.00 0
21197 0.00 0.00 0.00 0
21198 0.00 0.00 0.00 0
21199 0.00 0.00 0.00 0
21200 0.00 0.00 0.00 0
21201 0.00 0.00 0.00 0
21202 0.00 0.00 0.00 0
21206 0.00 0.00 0.00 0
21207 0.00 0.00 0.00 0
21208 0.00 0.00 0.00 0
21209 0.00 0.00 0.00 0
21210 0.00 0.00 0.00 0
21211 0.00 0.00 0.00 0
21212 0.00 0.00 0.00 0
21213 0.00 0.00 0.00 0
21214 0.00 0.00 0.00 0
21219 0.00 0.00 0.00 0
21220 0.00 0.00 0.00 0
21221 0.00 0.00 0.00 0
21222 0.00 0.00 0.00 0
21223 0.00 0.00 0.00 0
21224 0.00 0.00 0.00 0
21225 0.00 0.00 0.00 0
21226 0.00 0.00 0.00 0
21227 0.00 0.00 0.00 0
21228 0.00 0.00 0.00 0
21229 0.00 0.00 0.00 0
21230 0.00 0.00 0.00 0
21236 0.00 0.00 0.00 0
21237 0.00 0.00 0.00 0
21238 0.00 0.00 0.00 0
21239 0.00 0.00 0.00 0
21240 0.00 0.00 0.00 0
21241 0.00 0.00 0.00 0
21242 0.00 0.00 0.00 0
21243 0.00 0.00 0.00 0
21244 0.00 0.00 0.00 0
21245 0.00 0.00 0.00 0
21256 0.00 0.00 0.00 0
21257 0.00 0.00 0.00 0
21258 0.00 0.00 0.00 0
21259 0.00 0.00 0.00 0
21260 0.00 0.00 0.00 0
21261 0.00 0.00 0.00 0
21262 0.00 0.00 0.00 0
21263 0.00 0.00 0.00 0
21268 0.00 0.00 0.00 0
21269 0.00 0.00 0.00 0
21270 0.00 0.00 0.00 0
21271 0.00 0.00 0.00 0
21272 0.00 0.00 0.00 0
21273 0.00 0.00 0.00 0
21276 0.00 0.00 0.00 0
21277 0.00 0.00 0.00 0
21278 0.00 0.00 0.00 0
21279 0.00 0.00 0.00 0
21280 0.00 0.00 0.00 0
21281 0.00 0.00 0.00 0
21282 0.00 0.00 0.00 0
21289 0.00 0.00 0.00 0
21290 0.00 0.00 0.00 0
21291 0.00 0.00 0.00 0
21292 0.00 0.00 0.00 0
21293 0.00 0.00 0.00 0
21294 0.00 0.00 0.00 0
21295 0.00 0.00 0.00 0
21296 0.00 0.00 0.00 0
21297 0.00 0.00 0.00 0
21298 0.00 0.00 0.00 0
21299 0.00 0.00 0.00 0
21300 0.00 0.00 0.00 0
21301 0.00 0.00 0.00 0
21316 0.00 0.00 0.00 0
21317 0.00 0.00 0.00 0
21318 0.00 0.00 0.00 0
21319 0.00 0.00 0.00 0
21320 0.00 0.00 0.00 0
21321 0.00 0.00 0.00 0
21322 0.00 0.00 0.00 0
21323 0.00 0.00 0.00 0
21324 0.00 0.00 0.00 0
21325 0.00 0.00 0.00 0
21326 0.00 0.00 0.00 0
21340 0.00 0.00 0.00 0
21341 0.00 0.00 0.00 0
21342 0.00 0.00 0.00 0
21343 0.00 0.00 0.00 0
21344 0.00 0.00 0.00 0
21345 0.00 0.00 0.00 0
21346 0.00 0.00 0.00 0
21347 0.00 0.00 0.00 0
21348 0.00 0.00 0.00 0
21349 0.00 0.00 0.00 0
21361 0.00 0.00 0.00 0
21362 0.00 0.00 0.00 0
22377 0.00 0.00 0.00 0
22378 0.00 0.00 0.00 0
22379 0.00 0.00 0.00 0
22380 0.00 0.00 0.00 0
22381 0.00 0.00 0.00 0
22382 0.00 0.00 0.00 0
22390 0.00 0.00 0.00 0
22391 0.00 0.00 0.00 0
22392 0.00 0.00 0.00 0
22393 0.00 0.00 0.00 0
22394 0.00 0.00 0.00 0
22395 0.00 0.00 0.00 0
22396 0.00 0.00 0.00 0
22397 0.00 0.00 0.00 0
22403 0.00 0.00 0.00 0
22404 0.00 0.00 0.00 0
22405 0.00 0.00 0.00 0
22406 0.00 0.00 0.00 0
22407 0.00 0.00 0.00 0
22408 0.00 0.00 0.00 0
22409 0.00 0.00 0.00 0
22410 0.00 0.00 0.00 0
22411 0.00 0.00 0.00 0
22416 0.00 0.00 0.00 0
22417 0.00 0.00 0.00 0
22418 0.00 0.00 0.00 0
22419 0.00 0.00 0.00 0
22420 0.00 0.00 0.00 0
22421 0.00 0.00 0.00 0
22422 0.00 0.00 0.00 0
22423 0.00 0.00 0.00 0
22428 0.00 0.00 0.00 0
22429 0.00 0.00 0.00 0
22430 0.00 0.00 0.00 0
22431 0.00 0.00 0.00 0
22432 0.00 0.00 0.00 0
22433 0.00 0.00 0.00 0
22434 0.00 0.00 0.00 0
22439 0.00 0.00 0.00 0
22440 0.00 0.00 0.00 0
22441 0.00 0.00 0.00 0
22442 0.00 0.00 0.00 0
22443 0.00 0.00 0.00 0
22444 0.00 0.00 0.00 0
22451 0.00 0.00 0.00 0
22452 0.00 0.00 0.00 0
22453 0.00 0.00 0.00 0
22460 0.00 0.00 0.00 0
22461 0.00 0.00 0.00 0
22462 0.00 0.00 0.00 0
22463 0.00 0.00 0.00 0
22468 0.00 0.00 0.00 0
22469 0.00 0.00 0.00 0
22470 0.00 0.00 0.00 0
22471 0.00 0.00 0.00 0
22472 0.00 0.00 0.00 0
22473 0.00 0.00 0.00 0
22474 0.00 0.00 0.00 0
22475 0.00 0.00 0.00 0
22476 0.00 0.00 0.00 0
22477 0.00 0.00 0.00 0
22478 0.00 0.00 0.00 0
22479 0.00 0.00 0.00 0
22480 0.00 0.00 0.00 0
22481 0.00 0.00 0.00 0
22488 0.00 0.00 0.00 0
22489 0.00 0.00 0.00 0
22490 0.00 0.00 0.00 0
22491 0.00 0.00 0.00 0
22492 0.00 0.00 0.00 0
22493 0.00 0.00 0.00 0
22494 0.00 0.00 0.00 0
22495 0.00 0.00 0.00 0
22496 0.00 0.00 0.00 0
22497 0.00 0.00 0.00 0
22498 0.00 0.00 0.00 0
22499 0.00 0.00 0.00 0
22500 0.00 0.00 0.00 0
22501 0.00 0.00 0.00 0
22502 0.00 0.00 0.00 0
22503 0.00 0.00 0.00 0
22513 0.00 0.00 0.00 0
22514 0.00 0.00 0.00 0
22515 0.00 0.00 0.00 0
22516 0.00 0.00 0.00 0
22517 0.00 0.00 0.00 0
22518 0.00 0.00 0.00 0
22519 0.00 0.00 0.00 0
22520 0.00 0.00 0.00 0
22521 0.00 0.00 0.00 0
22522 0.00 0.00 0.00 0
22523 0.00 0.00 0.00 0
22524 0.00 0.00 0.00 0
22525 0.00 0.00 0.00 0
22526 0.00 0.00 0.00 0
22527 0.00 0.00 0.00 0
22528 0.00 0.00 0.00 0
22542 0.00 0.00 0.00 0
22543 0.00 0.00 0.00 0
22544 0.00 0.00 0.00 0
22545 0.00 0.00 0.00 0
23641 0.00 0.00 0.00 0
23642 0.00 0.00 0.00 0
23643 0.00 0.00 0.00 0
23644 0.00 0.00 0.00 0
23645 0.00 0.00 0.00 0
23657 0.00 0.00 0.00 0
23658 0.00 0.00 0.00 0
23659 0.00 0.00 0.00 0
23660 0.00 0.00 0.00 0
23661 0.00 0.00 0.00 0
23662 0.00 0.00 0.00 0
23663 0.00 0.00 0.00 0
23664 0.00 0.00 0.00 0
23665 0.00 0.00 0.00 0
23674 0.00 0.00 0.00 0
23675 0.00 0.00 0.00 0
23676 0.00 0.00 0.00 0
23677 0.00 0.00 0.00 0
23678 0.00 0.00 0.00 0
23679 0.00 0.00 0.00 0
23680 0.00 0.00 0.00 0
23681 0.00 0.00 0.00 0
23689 0.00 0.00 0.00 0
23690 0.00 0.00 0.00 0
23691 0.00 0.00 0.00 0
23692 0.00 0.00 0.00 0
23693 0.00 0.00 0.00 0
23694 0.00 0.00 0.00 0
23701 0.00 0.00 0.00 0
23702 0.00 0.00 0.00 0
23703 0.00 0.00 0.00 0
23704 0.00 0.00 0.00 0
23708 0.00 0.00 0.00 0
23709 0.00 0.00 0.00 0
23710 0.00 0.00 0.00 0
23711 0.00 0.00 0.00 0
23712 0.00 0.00 0.00 0
23720 0.00 0.00 0.00 0
23721 0.00 0.00 0.00 0
23722 0.00 0.00 0.00 0
23723 0.00 0.00 0.00 0
23724 0.00 0.00 0.00 0
23725 0.00 0.00 0.00 0
23726 0.00 0.00 0.00 0
23733 0.00 0.00 0.00 0
23734 0.00 0.00 0.00 0
23735 0.00 0.00 0.00 0
23736 0.00 0.00 0.00 0
23737 0.00 0.00 0.00 0
23738 0.00 0.00 0.00 0
23739 0.00 0.00 0.00 0
23740 0.00 0.00 0.00 0
23741 0.00 0.00 0.00 0
23742 0.00 0.00 0.00 0
23743 0.00 0.00 0.00 0
23744 0.00 0.00 0.00 0
23745 0.00 0.00 0.00 0
23753 0.00 0.00 0.00 0
23754 0.00 0.00 0.00 0
23755 0.00 0.00 0.00 0
23756 0.00 0.00 0.00 0
23757 0.00 0.00 0.00 0
23758 0.00 0.00 0.00 0
23759 0.00 0.00 0.00 0
23760 0.00 0.00 0.00 0
23761 0.00 0.00 0.00 0
23762 0.00 0.00 0.00 0
23763 0.00 0.00 0.00 0
23764 0.00 0.00 0.00 0
23765 0.00 0.00 0.00 0
23766 0.00 0.00 0.00 0
23775 0.00 0.00 0.00 0
23776 0.00 0.00 0.00 0
23777 0.00 0.00 0.00 0
23778 0.00 0.00 0.00 0
23779 0.00 0.00 0.00 0
23780 0.00 0.00 0.00 0
23781 0.00 0.00 0.00 0
23782 0.00 0.00 0.00 0
23783 0.00 0.00 0.00 0
23784 0.00 0.00 0.00 0
23790 0.00 0.00 0.00 0
23791 0.00 0.00 0.00 0
23792 0.00 0.00 0.00 0
23793 0.00 0.00 0.00 0
23794 0.00 0.00 0.00 0
23795 0.00 0.00 0.00 0
23796 0.00 0.00 0.00 0
23797 0.00 0.00 0.00 0
23798 0.00 0.00 0.00 0
23799 0.00 0.00 0.00 0
23806 0.00 0.00 0.00 0
23807 0.00 0.00 0.00 0
23808 0.00 0.00 0.00 0
25034 0.00 0.00 0.00 0
25035 0.00 0.00 0.00 0
25036 0.00 0.00 0.00 0
25037 0.00 0.00 0.00 0
25038 0.00 0.00 0.00 0
25039 0.00 0.00 0.00 0
25040 0.00 0.00 0.00 0
25048 0.00 0.00 0.00 0
25049 0.00 0.00 0.00 0
25050 0.00 0.00 0.00 0
25051 0.00 0.00 0.00 0
25052 0.00 0.00 0.00 0
25053 0.00 0.00 0.00 0
25054 0.00 0.00 0.00 0
25055 0.00 0.00 0.00 0
25056 0.00 0.00 0.00 0
25057 0.00 0.00 0.00 0
25058 0.00 0.00 0.00 0
25059 0.00 0.00 0.00 0
25060 0.00 0.00 0.00 0
25061 0.00 0.00 0.00 0
25072 0.00 0.00 0.00 0
25073 0.00 0.00 0.00 0
25074 0.00 0.00 0.00 0
25075 0.00 0.00 0.00 0
25076 0.00 0.00 0.00 0
25077 0.00 0.00 0.00 0
25078 0.00 0.00 0.00 0
25079 0.00 0.00 0.00 0
25080 0.00 0.00 0.00 0
25081 0.00 0.00 0.00 0
25092 0.00 0.00 0.00 0
25093 0.00 0.00 0.00 0
25094 0.00 0.00 0.00 0
25095 0.00 0.00 0.00 0
25096 0.00 0.00 0.00 0
25100 0.00 0.00 0.00 0
25101 0.00 0.00 0.00 0
25102 0.00 0.00 0.00 0
25103 0.00 0.00 0.00 0
25104 0.00 0.00 0.00 0
25105 0.00 0.00 0.00 0
25106 0.00 0.00 0.00 0
25107 0.00 0.00 0.00 0
25108 0.00 0.00 0.00 0
25115 0.00 0.00 0.00 0
25116 0.00 0.00 0.00 0
25117 0.00 0.00 0.00 0
25118 0.00 0.00 0.00 0
25119 0.00 0.00 0.00 0
25120 0.00 0.00 0.00 0
25121 0.00 0.00 0.00 0
25122 0.00 0.00 0.00 0
25123 0.00 0.00 0.00 0
25124 0.00 0.00 0.00 0
25125 0.00 0.00 0.00 0
25133 0.00 0.00 0.00 0
25134 0.00 0.00 0.00 0
25135 0.00 0.00 0.00 0
25136 0.00 0.00 0.00 0
25137 0.00 0.00 0.00 0
25138 0.00 0.00 0.00 0
25139 0.00 0.00 0.00 0
25140 0.00 0.00 0.00 0
25141 0.00 0.00 0.00 0
25142 0.00 0.00 0.00 0
25143 0.00 0.00 0.00 0
25150 0.00 0.00 0.00 0
25151 0.00 0.00 0.00 0
25152 0.00 0.00 0.00 0
25153 0.00 0.00 0.00 0
25154 0.00 0.00 0.00 0
25155 0.00 0.00 0.00 0
25162 0.00 0.00 0.00 0
25163 0.00 0.00 0.00 0
25164 0.00 0.00 0.00 0
25165 0.00 0.00 0.00 0
25172 0.00 0.00 0.00 0
25173 0.00 0.00 0.00 0
25174 0.00 0.00 0.00 0
25175 0.00 0.00 0.00 0
25176 0.00 0.00 0.00 0
25177 0.00 0.00 0.00 0
25178 0.00 0.00 0.00 0
25190 0.00 0.00 0.00 0
25191 0.00 0.00 0.00 0
25192 0.00 0.00 0.00 0
25193 0.00 0.00 0.00 0
26530 0.00 0.00 0.00 0
26531 0.00 0.00 0.00 0
26532 0.00 0.00 0.00 0
26533 0.00 0.00 0.00 0
26534 0.00 0.00 0.00 0
26535 0.00 0.00 0.00 0
26536 0.00 0.00 0.00 0
26537 0.00 0.00 0.00 0
26538 0.00 0.00 0.00 0
26539 0.00 0.00 0.00 0
26540 0.00 0.00 0.00 0
26550 0.00 0.00 0.00 0
26551 0.00 0.00 0.00 0
26552 0.00 0.00 0.00 0
26553 0.00 0.00 0.00 0
26554 0.00 0.00 0.00 0
26555 0.00 0.00 0.00 0
26556 0.00 0.00 0.00 0
26557 0.00 0.00 0.00 0
26558 0.00 0.00 0.00 0
26559 0.00 0.00 0.00 0
26560 0.00 0.00 0.00 0
26561 0.00 0.00 0.00 0
26562 0.00 0.00 0.00 0
26563 0.00 0.00 0.00 0
26564 0.00 0.00 0.00 0
26565 0.00 0.00 0.00 0
26576 0.00 0.00 0.00 0
26577 0.00 0.00 0.00 0
26578 0.00 0.00 0.00 0
26579 0.00 0.00 0.00 0
26580 0.00 0.00 0.00 0
26581 0.00 0.00 0.00 0
26582 0.00 0.00 0.00 0
26590 0.00 0.00 0.00 0
26591 0.00 0.00 0.00 0
26592 0.00 0.00 0.00 0
26593 0.00 0.00 0.00 0
26594 0.00 0.00 0.00 0
26595 0.00 0.00 0.00 0
26596 0.00 0.00 0.00 0
26597 0.00 0.00 0.00 0
26598 0.00 0.00 0.00 0
26599 0.00 0.00 0.00 0
26600 0.00 0.00 0.00 0
26608 0.00 0.00 0.00 0
26609 0.00 0.00 0.00 0
26610 0.00 0.00 0.00 0
26611 0.00 0.00 0.00 0
26612 0.00 0.00 0.00 0
26613 0.00 0.00 0.00 0
26614 0.00 0.00 0.00 0
26615 0.00 0.00 0.00 0
26616 0.00 0.00 0.00 0
26625 0.00 0.00 0.00 0
26626 0.00 0.00 0.00 0
26627 0.00 0.00 0.00 0
26628 0.00 0.00 0.00 0
26629 0.00 0.00 0.00 0
26637 0.00 0.00 0.00 0
26638 0.00 0.00 0.00 0
26639 0.00 0.00 0.00 0
26640 0.00 0.00 0.00 0
26641 0.00 0.00 0.00 0
26647 0.00 0.00 0.00 0
26648 0.00 0.00 0.00 0
26649 0.00 0.00 0.00 0
26650 0.00 0.00 0.00 0
26651 0.00 0.00 0.00 0
26661 0.00 0.00 0.00 0
26662 0.00 0.00 0.00 0
26663 0.00 0.00 0.00 0
26664 0.00 0.00 0.00 0
26665 0.00 0.00 0.00 0
26666 0.00 0.00 0.00 0
26678 0.00 0.00 0.00 0
26679 0.00 0.00 0.00 0
26680 0.00 0.00 0.00 0
26681 0.00 0.00 0.00 0
27835 0.00 0.00 0.00 0
27836 0.00 0.00 0.00 0
27837 0.00 0.00 0.00 0
27838 0.00 0.00 0.00 0
27839 0.00 0.00 0.00 0
27850 0.00 0.00 0.00 0
27851 0.00 0.00 0.00 0
27852 0.00 0.00 0.00 0
27853 0.00 0.00 0.00 0
27854 0.00 0.00 0.00 0
27855 0.00 0.00 0.00 0
27856 0.00 0.00 0.00 0
27857 0.00 0.00 0.00 0
27858 0.00 0.00 0.00 0
27859 0.00 0.00 0.00 0
27860 0.00 0.00 0.00 0
27861 0.00 0.00 0.00 0
27862 0.00 0.00 0.00 0
27863 0.00 0.00 0.00 0
27873 0.00 0.00 0.00 0
27874 0.00 0.00 0.00 0
27875 0.00 0.00 0.00 0
27876 0.00 0.00 0.00 0
27877 0.00 0.00 0.00 0
27885 0.00 0.00 0.00 0
27886 0.00 0.00 0.00 0
27887 0.00 0.00 0.00 0
27888 0.00 0.00 0.00 0
27889 0.00 0.00 0.00 0
27890 0.00 0.00 0.00 0
27891 0.00 0.00 0.00 0
27892 0.00 0.00 0.00 0
27893 0.00 0.00 0.00 0
27894 0.00 0.00 0.00 0
27895 0.00 0.00 0.00 0
27896 0.00 0.00 0.00 0
27897 0.00 0.00 0.00 0
27898 0.00 0.00 0.00 0
27907 0.00 0.00 0.00 0
27908 0.00 0.00 0.00 0
27909 0.00 0.00 0.00 0
27910 0.00 0.00 0.00 0
27911 0.00 0.00 0.00 0
27912 0.00 0.00 0.00 0
27913 0.00 0.00 0.00 0
27914 0.00 0.00 0.00 0
27915 0.00 0.00 0.00 0
27916 0.00 0.00 0.00 0
27917 0.00 0.00 0.00 0
27918 0.00 0.00 0.00 0
27919 0.00 0.00 0.00 0
27920 0.00 0.00 0.00 0
27921 0.00 0.00 0.00 0
27922 0.00 0.00 0.00 0
27923 0.00 0.00 0.00 0
27924 0.00 0.00 0.00 0
27925 0.00 0.00 0.00 0
27933 0.00 0.00 0.00 0
27934 0.00 0.00 0.00 0
27935 0.00 0.00 0.00 0
27936 0.00 0.00 0.00 0
27937 0.00 0.00 0.00 0
27938 0.00 0.00 0.00 0
27939 0.00 0.00 0.00 0
27940 0.00 0.00 0.00 0
27941 0.00 0.00 0.00 0
27942 0.00 0.00 0.00 0
27943 0.00 0.00 0.00 0
27944 0.00 0.00 0.00 0
27945 0.00 0.00 0.00 0
27946 0.00 0.00 0.00 0
27947 0.00 0.00 0.00 0
27955 0.00 0.00 0.00 0
27956 0.00 0.00 0.00 0
27957 0.00 0.00 0.00 0
27958 0.00 0.00 0.00 0
27959 0.00 0.00 0.00 0
27960 0.00 0.00 0.00 0
27961 0.00 0.00 0.00 0
27962 0.00 0.00 0.00 0
27963 0.00 0.00 0.00 0
27964 0.00 0.00 0.00 0
27965 0.00 0.00 0.00 0
27966 0.00 0.00 0.00 0
27975 0.00 0.00 0.00 0
27976 0.00 0.00 0.00 0
27977 0.00 0.00 0.00 0
27978 0.00 0.00 0.00 0
27979 0.00 0.00 0.00 0
27980 0.00 0.00 0.00 0
27991 0.00 0.00 0.00 0
27992 0.00 0.00 0.00 0
27993 0.00 0.00 0.00 0
27994 0.00 0.00 0.00 0
27995 0.00 0.00 0.00 0
27996 0.00 0.00 0.00 0
27997 0.00 0.00 0.00 0
27998 0.00 0.00 0.00 0
28010 0.00 0.00 0.00 0
28011 0.00 0.00 0.00 0
28012 0.00 0.00 0.00 0
28013 0.00 0.00 0.00 0
29210 0.00 0.00 0.00 0
29211 0.00 0.00 0.00 0
29212 0.00 0.00 0.00 0
29213 0.00 0.00 0.00 0
29214 0.00 0.00 0.00 0
29215 0.00 0.00 0.00 0
29216 0.00 0.00 0.00 0
29217 0.00 0.00 0.00 0
29218 0.00 0.00 0.00 0
29219 0.00 0.00 0.00 0
29220 0.00 0.00 0.00 0
29232 0.00 0.00 0.00 0
29233 0.00 0.00 0.00 0
29234 0.00 0.00 0.00 0
29235 0.00 0.00 0.00 0
29236 0.00 0.00 0.00 0
29237 0.00 0.00 0.00 0
29238 0.00 0.00 0.00 0
29239 0.00 0.00 0.00 0
29240 0.00 0.00 0.00 0
29241 0.00 0.00 0.00 0
29251 0.00 0.00 0.00 0
29252 0.00 0.00 0.00 0
29253 0.00 0.00 0.00 0
29254 0.00 0.00 0.00 0
29255 0.00 0.00 0.00 0
29256 0.00 0.00 0.00 0
29257 0.00 0.00 0.00 0
29258 0.00 0.00 0.00 0
29259 0.00 0.00 0.00 0
29270 0.00 0.00 0.00 0
29271 0.00 0.00 0.00 0
29272 0.00 0.00 0.00 0
29273 0.00 0.00 0.00 0
29274 0.00 0.00 0.00 0
29275 0.00 0.00 0.00 0
29276 0.00 0.00 0.00 0
29277 0.00 0.00 0.00 0
29278 0.00 0.00 0.00 0
29279 0.00 0.00 0.00 0
29280 0.00 0.00 0.00 0
29293 0.00 0.00 0.00 0
29294 0.00 0.00 0.00 0
29295 0.00 0.00 0.00 0
29296 0.00 0.00 0.00 0
29297 0.00 0.00 0.00 0
29298 0.00 0.00 0.00 0
29299 0.00 0.00 0.00 0
29300 0.00 0.00 0.00 0
29301 0.00 0.00 0.00 0
29312 0.00 0.00 0.00 0
29313 0.00 0.00 0.00 0
29314 0.00 0.00 0.00 0
29315 0.00 0.00 0.00 0
29316 0.00 0.00 0.00 0
29317 0.00 0.00 0.00 0
29318 0.00 0.00 0.00 0
29319 0.00 0.00 0.00 0
29320 0.00 0.00 0.00 0
29321 0.00 0.00 0.00 0
29322 0.00 0.00 0.00 0
29323 0.00 0.00 0.00 0
29324 0.00 0.00 0.00 0
29325 0.00 0.00 0.00 0
29335 0.00 0.00 0.00 0
29336 0.00 0.00 0.00 0
29337 0.00 0.00 0.00 0
29338 0.00 0.00 0.00 0
29339 0.00 0.00 0.00 0
29340 0.00 0.00 0.00 0
29341 0.00 0.00 0.00 0
29342 0.00 0.00 0.00 0
29343 0.00 0.00 0.00 0
29344 0.00 0.00 0.00 0
29345 0.00 0.00 0.00 0
29357 0.00 0.00 0.00 0
29358 0.00 0.00 0.00 0
29359 0.00 0.00 0.00 0
29360 0.00 0.00 0.00 0
29361 0.00 0.00 0.00 0
29362 0.00 0.00 0.00 0
29363 0.00 0.00 0.00 0
29364 0.00 0.00 0.00 0
29365 0.00 0.00 0.00 0
30591 0.00 0.00 0.00 0
30592 0.00 0.00 0.00 0
30593 0.00 0.00 0.00 0
30594 0.00 0.00 0.00 0
30595 0.00 0.00 0.00 0
30596 0.00 0.00 0.00 0
30597 0.00 0.00 0.00 0
30598 0.00 0.00 0.00 0
30609 0.00 0.00 0.00 0
30610 0.00 0.00 0.00 0
30611 0.00 0.00 0.00 0
30612 0.00 0.00 0.00 0
30613 0.00 0.00 0.00 0
30614 0.00 0.00 0.00 0
30615 0.00 0.00 0.00 0
30616 0.00 0.00 0.00 0
30617 0.00 0.00 0.00 0
30618 0.00 0.00 0.00 0
30619 0.00 0.00 0.00 0
30620 0.00 0.00 0.00 0
30621 0.00 0.00 0.00 0
30622 0.00 0.00 0.00 0
30629 0.00 0.00 0.00 0
30630 0.00 0.00 0.00 0
30631 0.00 0.00 0.00 0
30632 0.00 0.00 0.00 0
30633 0.00 0.00 0.00 0
30634 0.00 0.00 0.00 0
30635 0.00 0.00 0.00 0
30636 0.00 0.00 0.00 0
30637 0.00 0.00 0.00 0
30649 0.00 0.00 0.00 0
30650 0.00 0.00 0.00 0
30651 0.00 0.00 0.00 0
30652 0.00 0.00 0.00 0
30653 0.00 0.00 0.00 0
30654 0.00 0.00 0.00 0
30655 0.00 0.00 0.00 0
30656 0.00 0.00 0.00 0
30672 0.00 0.00 0.00 0
30673 0.00 0.00 0.00 0
30674 0.00 0.00 0.00 0
30675 0.00 0.00 0.00 0
30676 0.00 0.00 0.00 0
30677 0.00 0.00 0.00 0
30678 0.00 0.00 0.00 0
30679 0.00 0.00 0.00 0
30680 0.00 0.00 0.00 0
30681 0.00 0.00 0.00 0
30682 0.00 0.00 0.00 0
30693 0.00 0.00 0.00 0
30694 0.00 0.00 0.00 0
30695 0.00 0.00 0.00 0
30696 0.00 0.00 0.00 0
30697 0.00 0.00 0.00 0
30698 0.00 0.00 0.00 0
30699 0.00 0.00 0.00 0
30700 0.00 0.00 0.00 0
30701 0.00 0.00 0.00 0
30702 0.00 0.00 0.00 0
30703 0.00 0.00 0.00 0
30704 0.00 0.00 0.00 0
30714 0.00 0.00 0.00 0
30715 0.00 0.00 0.00 0
30716 0.00 0.00 0.00 0
30718 0.00 0.00 0.00 0
30719 0.00 0.00 0.00 0
30720 0.00 0.00 0.00 0
30721 0.00 0.00 0.00 0
30722 0.00 0.00 0.00 0
30723 0.00 0.00 0.00 0
30724 0.00 0.00 0.00 0
30733 0.00 0.00 0.00 0
31969 0.00 0.00 0.00 0
31970 0.00 0.00 0.00 0
31971 0.00 0.00 0.00 0
31972 0.00 0.00 0.00 0
31973 0.00 0.00 0.00 0
31979 0.00 0.00 0.00 0
31980 0.00 0.00 0.00 0
31981 0.00 0.00 0.00 0
31982 0.00 0.00 0.00 0
31983 0.00 0.00 0.00 0
31984 0.00 0.00 0.00 0
31985 0.00 0.00 0.00 0
31992 0.00 0.00 0.00 0
31993 0.00 0.00 0.00 0
31994 0.00 0.00 0.00 0
31995 0.00 0.00 0.00 0
32001 0.00 0.00 0.00 0
32002 0.00 0.00 0.00 0
32003 0.00 0.00 0.00 0
32004 0.00 0.00 0.00 0
32005 0.00 0.00 0.00 0
32023 0.00 0.00 0.00 0
32024 0.00 0.00 0.00 0
32025 0.00 0.00 0.00 0
32029 0.00 0.00 0.00 0
32030 0.00 0.00 0.00 0
32031 0.00 0.00 0.00 0
32032 0.00 0.00 0.00 0
32033 0.00 0.00 0.00 0
32053 0.00 0.00 0.00 0
32054 0.00 0.00 0.00 0
32055 0.00 0.00 0.00 0
32056 0.00 0.00 0.00 0
32057 0.00 0.00 0.00 0
32058 0.00 0.00 0.00 0
32059 0.00 0.00 0.00 0
32060 0.00 0.00 0.00 0
32061 0.00 0.00 0.00 0
32063 0.00 0.00 0.00 0
32064 0.00 0.00 0.00 0
32065 0.00 0.00 0.00 0
32079 0.00 0.00 0.00 0
32080 0.00 0.00 0.00 0
32081 0.00 0.00 0.00 0
32082 0.00 0.00 0.00 0
32083 0.00 0.00 0.00 0
32084 0.00 0.00 0.00 0
32085 0.00 0.00 0.00 0
32086 0.00 0.00 0.00 0
32087 0.00 0.00 0.00 0
32091 0.00 0.00 0.00 0
32092 0.00 0.00 0.00 0
32093 0.00 0.00 0.00 0
32094 0.00 0.00 0.00 0
32111 0.00 0.00 0.00 0
32112 0.00 0.00 0.00 0
32113 0.00 0.00 0.00 0
33322 0.00 0.00 0.00 0
33328 0.00 0.00 0.00 0
33355 0.00 0.00 0.00 0
33356 0.00 0.00 0.00 0
33357 0.00 0.00 0.00 0
33375 0.00 0.00 0.00 0
33383 0.00 0.00 0.00 0
33384 0.00 0.00 0.00 0
33385 0.00 0.00 0.00 0
33386 0.00 0.00 0.00 0
33405 0.00 0.00 0.00 0
33407 0.00 0.00 0.00 0
33408 0.00 0.00 0.00 0
33413 0.00 0.00 0.00 0
33414 0.00 0.00 0.00 0
33415 0.00 0.00 0.00 0
33416 0.00 0.00 0.00 0
33439 0.00 0.00 0.00 0
33440 0.00 0.00 0.00 0
33441 0.00 0.00 0.00 0
33442 0.00 0.00 0.00 0
33443 0.00 0.00 0.00 0
33444 0.00 0.00 0.00 0
33445 0.00 0.00 0.00 0
33451 0.00 0.00 0.00 0
33452 0.00 0.00 0.00 0
34738 0.00 0.00 0.00 0
34739 0.00 0.00 0.00 0
34740 0.00 0.00 0.00 0
34741 0.00 0.00 0.00 0
34760 0.00 0.00 0.00 0
34761 0.00 0.00 0.00 0
34762 0.00 0.00 0.00 0
34763 0.00 0.00 0.00 0
34795 0.00 0.00 0.00 0
34796 0.00 0.00 0.00 0
34818 0.00 0.00 0.00 0
34819 0.00 0.00 0.00 0
36158 0.00 0.00 0.00 0
36176 0.00 0.00 0.00 0
36177 0.00 0.00 0.00 0
36199 0.00 0.00 0.00 0
36200 0.00 0.00 0.00 0
155946 0.00 0.00 0.00 0
155947 0.00 0.00 0.00 0
155948 0.00 0.00 0.00 0
155949 0.00 0.00 0.00 0
155950 0.00 0.00 0.00 0
155951 0.00 0.00 0.00 0
155952 0.00 0.00 0.00 0
155953 0.00 0.00 0.00 0
155954 0.00 0.00 0.00 0
155955 0.00 0.00 0.00 0
155956 0.00 0.00 0.00 0
155957 0.00 0.00 0.00 0
155958 0.00 0.00 0.00 0
155959 0.00 0.00 0.00 0
155960 0.00 0.00 0.00 0
155961 0.00 0.00 0.00 0
155962 0.00 0.00 0.00 0
155963 0.00 0.00 0.00 0
155964 0.00 0.00 0.00 0
155975 0.00 0.00 0.00 0
155976 0.00 0.00 0.00 0
155977 0.00 0.00 0.00 0
155978 0.00 0.00 0.00 0
155979 0.00 0.00 0.00 0
155980 0.00 0.00 0.00 0
155981 0.00 0.00 0.00 0
155982 0.00 0.00 0.00 0
155983 0.00 0.00 0.00 0
155984 0.00 0.00 0.00 0
155985 0.00 0.00 0.00 0
155986 0.00 0.00 0.00 0
155987 0.00 0.00 0.00 0
