# pericalcarine
2270
1380 0.00 0.00 0.00 0
1381 0.00 0.00 0.00 0
1382 0.00 0.00 0.00 0
1392 0.00 0.00 0.00 0
1393 0.00 0.00 0.00 0
1824 0.00 0.00 0.00 0
1825 0.00 0.00 0.00 0
1826 0.00 0.00 0.00 0
1827 0.00 0.00 0.00 0
1828 0.00 0.00 0.00 0
1840 0.00 0.00 0.00 0
1841 0.00 0.00 0.00 0
1842 0.00 0.00 0.00 0
1843 0.00 0.00 0.00 0
1844 0.00 0.00 0.00 0
1853 0.00 0.00 0.00 0
1854 0.00 0.00 0.00 0
1855 0.00 0.00 0.00 0
1856 0.00 0.00 0.00 0
1865 0.00 0.00 0.00 0
1866 0.00 0.00 0.00 0
1867 0.00 0.00 0.00 0
1868 0.00 0.00 0.00 0
1880 0.00 0.00 0.00 0
1881 0.00 0.00 0.00 0
1882 0.00 0.00 0.00 0
2361 0.00 0.00 0.00 0
2362 0.00 0.00 0.00 0
2363 0.00 0.00 0.00 0
2364 0.00 0.00 0.00 0
2365 0.00 0.00 0.00 0
2366 0.00 0.00 0.00 0
2367 0.00 0.00 0.00 0
2377 0.00 0.00 0.00 0
2378 0.00 0.00 0.00 0
2379 0.00 0.00 0.00 0
2380 0.00 0.00 0.00 0
2381 0.00 0.00 0.00 0
2382 0.00 0.00 0.00 0
2392 0.00 0.00 0.00 0
2393 0.00 0.00 0.00 0
2394 0.00 0.00 0.00 0
2395 0.00 0.00 0.00 0
2396 0.00 0.00 0.00 0
2403 0.00 0.00 0.00 0
2404 0.00 0.00 0.00 0
2405 0.00 0.00 0.00 0
2412 0.00 0.00 0.00 0
2413 0.00 0.00 0.00 0
2414 0.00 0.00 0.00 0
2415 0.00 0.00 0.00 0
2416 0.00 0.00 0.00 0
2421 0.00 0.00 0.00 0
2422 0.00 0.00 0.00 0
2423 0.00 0.00 0.00 0
2424 0.00 0.00 0.00 0
2432 0.00 0.00 0.00 0
2433 0.00 0.00 0.00 0
2434 0.00 0.00 0.00 0
2443 0.00 0.00 0.00 0
2444 0.00 0.00 0.00 0
2445 0.00 0.00 0.00 0
2446 0.00 0.00 0.00 0
2457 0.00 0.00 0.00 0
2458 0.00 0.00 0.00 0
2924 0.00 0.00 0.00 0
2925 0.00 0.00 0.00 0
2926 0.00 0.00 0.00 0
2934 0.00 0.00 0.00 0
2935 0.00 0.00 0.00 0
2936 0.00 0.00 0.00 0
2937 0.00 0.00 0.00 0
2938 0.00 0.00 0.00 0
2939 0.00 0.00 0.00 0
2940 0.00 0.00 0.00 0
2945 0.00 0.00 0.00 0
2946 0.00 0.00 0.00 0
2947 0.00 0.00 0.00 0
2948 0.00 0.00 0.00 0
2949 0.00 0.00 0.00 0
2953 0.00 0.00 0.00 0
2954 0.00 0.00 0.00 0
2955 0.00 0.00 0.00 0
2956 0.00 0.00 0.00 0
2957 0.00 0.00 0.00 0
2962 0.00 0.00 0.00 0
2963 0.00 0.00 0.00 0
2968 0.00 0.00 0.00 0
2969 0.00 0.00 0.00 0
2970 0.00 0.00 0.00 0
2977 0.00 0.00 0.00 0
2978 0.00 0.00 0.00 0
2979 0.00 0.00 0.00 0
2980 0.00 0.00 0.00 0
2989 0.00 0.00 0.00 0
2990 0.00 0.00 0.00 0
2991 0.00 0.00 0.00 0
2992 0.00 0.00 0.00 0
2993 0.00 0.00 0.00 0
3000 0.00 0.00 0.00 0
3001 0.00 0.00 0.00 0
3002 0.00 0.00 0.00 0
3003 0.00 0.00 0.00 0
3005 0.00 0.00 0.00 0
3006 0.00 0.00 0.00 0
3007 0.00 0.00 0.00 0
3008 0.00 0.00 0.00 0
3015 0.00 0.00 0.00 0
3016 0.00 0.00 0.00 0
3017 0.00 0.00 0.00 0
3018 0.00 0.00 0.00 0
3027 0.00 0.00 0.00 0
3028 0.00 0.00 0.00 0
3502 0.00 0.00 0.00 0
3503 0.00 0.00 0.00 0
3504 0.00 0.00 0.00 0
3505 0.00 0.00 0.00 0
3506 0.00 0.00 0.00 0
3512 0.00 0.00 0.00 0
3513 0.00 0.00 0.00 0
3514 0.00 0.00 0.00 0
3515 0.00 0.00 0.00 0
3516 0.00 0.00 0.00 0
3517 0.00 0.00 0.00 0
3518 0.00 0.00 0.00 0
3525 0.00 0.00 0.00 0
3526 0.00 0.00 0.00 0
3527 0.00 0.00 0.00 0
3528 0.00 0.00 0.00 0
3529 0.00 0.00 0.00 0
3534 0.00 0.00 0.00 0
3535 0.00 0.00 0.00 0
3536 0.00 0.00 0.00 0
3537 0.00 0.00 0.00 0
3538 0.00 0.00 0.00 0
3539 0.00 0.00 0.00 0
3540 0.00 0.00 0.00 0
3545 0.00 0.00 0.00 0
3546 0.00 0.00 0.00 0
3547 0.00 0.00 0.00 0
3548 0.00 0.00 0.00 0
3549 0.00 0.00 0.00 0
3550 0.00 0.00 0.00 0
3560 0.00 0.00 0.00 0
3561 0.00 0.00 0.00 0
3562 0.00 0.00 0.00 0
3563 0.00 0.00 0.00 0
3574 0.00 0.00 0.00 0
3575 0.00 0.00 0.00 0
3576 0.00 0.00 0.00 0
3577 0.00 0.00 0.00 0
3583 0.00 0.00 0.00 0
3584 0.00 0.00 0.00 0
3585 0.00 0.00 0.00 0
3586 0.00 0.00 0.00 0
3590 0.00 0.00 0.00 0
3591 0.00 0.00 0.00 0
3592 0.00 0.00 0.00 0
3593 0.00 0.00 0.00 0
3596 0.00 0.00 0.00 0
3597 0.00 0.00 0.00 0
3598 0.00 0.00 0.00 0
3599 0.00 0.00 0.00 0
3603 0.00 0.00 0.00 0
3604 0.00 0.00 0.00 0
3605 0.00 0.00 0.00 0
3612 0.00 0.00 0.00 0
3613 0.00 0.00 0.00 0
3614 0.00 0.00 0.00 0
3624 0.00 0.00 0.00 0
3625 0.00 0.00 0.00 0
4150 0.00 0.00 0.00 0
4151 0.00 0.00 0.00 0
4152 0.00 0.00 0.00 0
4153 0.00 0.00 0.00 0
4160 0.00 0.00 0.00 0
4161 0.00 0.00 0.00 0
4162 0.00 0.00 0.00 0
4163 0.00 0.00 0.00 0
4164 0.00 0.00 0.00 0
4169 0.00 0.00 0.00 0
4170 0.00 0.00 0.00 0
4171 0.00 0.00 0.00 0
4172 0.00 0.00 0.00 0
4173 0.00 0.00 0.00 0
4179 0.00 0.00 0.00 0
4180 0.00 0.00 0.00 0
4181 0.00 0.00 0.00 0
4182 0.00 0.00 0.00 0
4183 0.00 0.00 0.00 0
4184 0.00 0.00 0.00 0
4191 0.00 0.00 0.00 0
4192 0.00 0.00 0.00 0
4193 0.00 0.00 0.00 0
4194 0.00 0.00 0.00 0
4195 0.00 0.00 0.00 0
4196 0.00 0.00 0.00 0
4197 0.00 0.00 0.00 0
4206 0.00 0.00 0.00 0
4207 0.00 0.00 0.00 0
4208 0.00 0.00 0.00 0
4209 0.00 0.00 0.00 0
4210 0.00 0.00 0.00 0
4219 0.00 0.00 0.00 0
4220 0.00 0.00 0.00 0
4221 0.00 0.00 0.00 0
4222 0.00 0.00 0.00 0
4230 0.00 0.00 0.00 0
4231 0.00 0.00 0.00 0
4234 0.00 0.00 0.00 0
4235 0.00 0.00 0.00 0
4236 0.00 0.00 0.00 0
4247 0.00 0.00 0.00 0
4248 0.00 0.00 0.00 0
4261 0.00 0.00 0.00 0
4262 0.00 0.00 0.00 0
4274 0.00 0.00 0.00 0
4275 0.00 0.00 0.00 0
4276 0.00 0.00 0.00 0
4286 0.00 0.00 0.00 0
4287 0.00 0.00 0.00 0
4288 0.00 0.00 0.00 0
4852 0.00 0.00 0.00 0
4853 0.00 0.00 0.00 0
4854 0.00 0.00 0.00 0
4855 0.00 0.00 0.00 0
4856 0.00 0.00 0.00 0
4857 0.00 0.00 0.00 0
4865 0.00 0.00 0.00 0
4866 0.00 0.00 0.00 0
4867 0.00 0.00 0.00 0
4868 0.00 0.00 0.00 0
4869 0.00 0.00 0.00 0
4870 0.00 0.00 0.00 0
4878 0.00 0.00 0.00 0
4879 0.00 0.00 0.00 0
4880 0.00 0.00 0.00 0
4881 0.00 0.00 0.00 0
4882 0.00 0.00 0.00 0
4890 0.00 0.00 0.00 0
4891 0.00 0.00 0.00 0
4892 0.00 0.00 0.00 0
4893 0.00 0.00 0.00 0
4902 0.00 0.00 0.00 0
4903 0.00 0.00 0.00 0
4904 0.00 0.00 0.00 0
4905 0.00 0.00 0.00 0
4906 0.00 0.00 0.00 0
4907 0.00 0.00 0.00 0
4916 0.00 0.00 0.00 0
4917 0.00 0.00 0.00 0
4918 0.00 0.00 0.00 0
4919 0.00 0.00 0.00 0
4920 0.00 0.00 0.00 0
4921 0.00 0.00 0.00 0
4929 0.00 0.00 0.00 0
4930 0.00 0.00 0.00 0
4931 0.00 0.00 0.00 0
4934 0.00 0.00 0.00 0
4935 0.00 0.00 0.00 0
4936 0.00 0.00 0.00 0
4950 0.00 0.00 0.00 0
4951 0.00 0.00 0.00 0
4963 0.00 0.00 0.00 0
4964 0.00 0.00 0.00 0
4965 0.00 0.00 0.00 0
4981 0.00 0.00 0.00 0
4982 0.00 0.00 0.00 0
4994 0.00 0.00 0.00 0
4995 0.00 0.00 0.00 0
4996 0.00 0.00 0.00 0
5010 0.00 0.00 0.00 0
5011 0.00 0.00 0.00 0
5012 0.00 0.00 0.00 0
5026 0.00 0.00 0.00 0
5027 0.00 0.00 0.00 0
5041 0.00 0.00 0.00 0
5042 0.00 0.00 0.00 0
5631 0.00 0.00 0.00 0
5632 0.00 0.00 0.00 0
5633 0.00 0.00 0.00 0
5634 0.00 0.00 0.00 0
5643 0.00 0.00 0.00 0
5644 0.00 0.00 0.00 0
5645 0.00 0.00 0.00 0
5646 0.00 0.00 0.00 0
5647 0.00 0.00 0.00 0
5648 0.00 0.00 0.00 0
5649 0.00 0.00 0.00 0
5657 0.00 0.00 0.00 0
5658 0.00 0.00 0.00 0
5659 0.00 0.00 0.00 0
5660 0.00 0.00 0.00 0
5661 0.00 0.00 0.00 0
5662 0.00 0.00 0.00 0
5663 0.00 0.00 0.00 0
5664 0.00 0.00 0.00 0
5665 0.00 0.00 0.00 0
5666 0.00 0.00 0.00 0
5670 0.00 0.00 0.00 0
5671 0.00 0.00 0.00 0
5672 0.00 0.00 0.00 0
5673 0.00 0.00 0.00 0
5674 0.00 0.00 0.00 0
5675 0.00 0.00 0.00 0
5676 0.00 0.00 0.00 0
5677 0.00 0.00 0.00 0
5682 0.00 0.00 0.00 0
5683 0.00 0.00 0.00 0
5684 0.00 0.00 0.00 0
5685 0.00 0.00 0.00 0
5686 0.00 0.00 0.00 0
5687 0.00 0.00 0.00 0
5688 0.00 0.00 0.00 0
5698 0.00 0.00 0.00 0
5699 0.00 0.00 0.00 0
5700 0.00 0.00 0.00 0
5701 0.00 0.00 0.00 0
5702 0.00 0.00 0.00 0
5703 0.00 0.00 0.00 0
5704 0.00 0.00 0.00 0
5705 0.00 0.00 0.00 0
5706 0.00 0.00 0.00 0
5718 0.00 0.00 0.00 0
5719 0.00 0.00 0.00 0
5720 0.00 0.00 0.00 0
5721 0.00 0.00 0.00 0
5722 0.00 0.00 0.00 0
5723 0.00 0.00 0.00 0
5724 0.00 0.00 0.00 0
5725 0.00 0.00 0.00 0
5726 0.00 0.00 0.00 0
5727 0.00 0.00 0.00 0
5737 0.00 0.00 0.00 0
5738 0.00 0.00 0.00 0
5739 0.00 0.00 0.00 0
5740 0.00 0.00 0.00 0
5741 0.00 0.00 0.00 0
5742 0.00 0.00 0.00 0
5743 0.00 0.00 0.00 0
5744 0.00 0.00 0.00 0
5745 0.00 0.00 0.00 0
5746 0.00 0.00 0.00 0
5747 0.00 0.00 0.00 0
5758 0.00 0.00 0.00 0
5759 0.00 0.00 0.00 0
5760 0.00 0.00 0.00 0
5761 0.00 0.00 0.00 0
5762 0.00 0.00 0.00 0
5763 0.00 0.00 0.00 0
5764 0.00 0.00 0.00 0
5765 0.00 0.00 0.00 0
5766 0.00 0.00 0.00 0
5767 0.00 0.00 0.00 0
5777 0.00 0.00 0.00 0
5782 0.00 0.00 0.00 0
5783 0.00 0.00 0.00 0
5784 0.00 0.00 0.00 0
5785 0.00 0.00 0.00 0
5797 0.00 0.00 0.00 0
5798 0.00 0.00 0.00 0
5799 0.00 0.00 0.00 0
5800 0.00 0.00 0.00 0
5813 0.00 0.00 0.00 0
5814 0.00 0.00 0.00 0
5815 0.00 0.00 0.00 0
5816 0.00 0.00 0.00 0
5828 0.00 0.00 0.00 0
5829 0.00 0.00 0.00 0
5830 0.00 0.00 0.00 0
5831 0.00 0.00 0.00 0
5846 0.00 0.00 0.00 0
5847 0.00 0.00 0.00 0
5848 0.00 0.00 0.00 0
5861 0.00 0.00 0.00 0
5862 0.00 0.00 0.00 0
5863 0.00 0.00 0.00 0
5882 0.00 0.00 0.00 0
5883 0.00 0.00 0.00 0
6447 0.00 0.00 0.00 0
6448 0.00 0.00 0.00 0
6449 0.00 0.00 0.00 0
6456 0.00 0.00 0.00 0
6457 0.00 0.00 0.00 0
6458 0.00 0.00 0.00 0
6459 0.00 0.00 0.00 0
6474 0.00 0.00 0.00 0
6475 0.00 0.00 0.00 0
6476 0.00 0.00 0.00 0
6477 0.00 0.00 0.00 0
6490 0.00 0.00 0.00 0
6491 0.00 0.00 0.00 0
6492 0.00 0.00 0.00 0
6493 0.00 0.00 0.00 0
6494 0.00 0.00 0.00 0
6495 0.00 0.00 0.00 0
6496 0.00 0.00 0.00 0
6508 0.00 0.00 0.00 0
6509 0.00 0.00 0.00 0
6510 0.00 0.00 0.00 0
6511 0.00 0.00 0.00 0
6512 0.00 0.00 0.00 0
6513 0.00 0.00 0.00 0
6514 0.00 0.00 0.00 0
6515 0.00 0.00 0.00 0
6526 0.00 0.00 0.00 0
6527 0.00 0.00 0.00 0
6528 0.00 0.00 0.00 0
6529 0.00 0.00 0.00 0
6530 0.00 0.00 0.00 0
6531 0.00 0.00 0.00 0
6532 0.00 0.00 0.00 0
6540 0.00 0.00 0.00 0
6541 0.00 0.00 0.00 0
6542 0.00 0.00 0.00 0
6543 0.00 0.00 0.00 0
6544 0.00 0.00 0.00 0
6545 0.00 0.00 0.00 0
6546 0.00 0.00 0.00 0
6555 0.00 0.00 0.00 0
6556 0.00 0.00 0.00 0
6557 0.00 0.00 0.00 0
6558 0.00 0.00 0.00 0
6559 0.00 0.00 0.00 0
6560 0.00 0.00 0.00 0
6561 0.00 0.00 0.00 0
6562 0.00 0.00 0.00 0
6563 0.00 0.00 0.00 0
6574 0.00 0.00 0.00 0
6575 0.00 0.00 0.00 0
6576 0.00 0.00 0.00 0
6577 0.00 0.00 0.00 0
6578 0.00 0.00 0.00 0
6579 0.00 0.00 0.00 0
6580 0.00 0.00 0.00 0
6581 0.00 0.00 0.00 0
6582 0.00 0.00 0.00 0
6591 0.00 0.00 0.00 0
6592 0.00 0.00 0.00 0
6593 0.00 0.00 0.00 0
6594 0.00 0.00 0.00 0
6595 0.00 0.00 0.00 0
6596 0.00 0.00 0.00 0
6597 0.00 0.00 0.00 0
6598 0.00 0.00 0.00 0
6599 0.00 0.00 0.00 0
6600 0.00 0.00 0.00 0
6601 0.00 0.00 0.00 0
6602 0.00 0.00 0.00 0
6614 0.00 0.00 0.00 0
6615 0.00 0.00 0.00 0
6616 0.00 0.00 0.00 0
6617 0.00 0.00 0.00 0
6618 0.00 0.00 0.00 0
6619 0.00 0.00 0.00 0
6620 0.00 0.00 0.00 0
6621 0.00 0.00 0.00 0
6622 0.00 0.00 0.00 0
6623 0.00 0.00 0.00 0
6629 0.00 0.00 0.00 0
6630 0.00 0.00 0.00 0
6631 0.00 0.00 0.00 0
6632 0.00 0.00 0.00 0
6633 0.00 0.00 0.00 0
6634 0.00 0.00 0.00 0
6635 0.00 0.00 0.00 0
6647 0.00 0.00 0.00 0
6648 0.00 0.00 0.00 0
6649 0.00 0.00 0.00 0
6650 0.00 0.00 0.00 0
6663 0.00 0.00 0.00 0
6664 0.00 0.00 0.00 0
6665 0.00 0.00 0.00 0
6666 0.00 0.00 0.00 0
6681 0.00 0.00 0.00 0
6682 0.00 0.00 0.00 0
6683 0.00 0.00 0.00 0
6684 0.00 0.00 0.00 0
6700 0.00 0.00 0.00 0
6701 0.00 0.00 0.00 0
6702 0.00 0.00 0.00 0
6713 0.00 0.00 0.00 0
6714 0.00 0.00 0.00 0
6715 0.00 0.00 0.00 0
6716 0.00 0.00 0.00 0
6731 0.00 0.00 0.00 0
6732 0.00 0.00 0.00 0
6733 0.00 0.00 0.00 0
7305 0.00 0.00 0.00 0
7306 0.00 0.00 0.00 0
7307 0.00 0.00 0.00 0
7308 0.00 0.00 0.00 0
7323 0.00 0.00 0.00 0
7324 0.00 0.00 0.00 0
7325 0.00 0.00 0.00 0
7326 0.00 0.00 0.00 0
7327 0.00 0.00 0.00 0
7335 0.00 0.00 0.00 0
7336 0.00 0.00 0.00 0
7337 0.00 0.00 0.00 0
7338 0.00 0.00 0.00 0
7339 0.00 0.00 0.00 0
7353 0.00 0.00 0.00 0
7354 0.00 0.00 0.00 0
7355 0.00 0.00 0.00 0
7370 0.00 0.00 0.00 0
7371 0.00 0.00 0.00 0
7372 0.00 0.00 0.00 0
7373 0.00 0.00 0.00 0
7374 0.00 0.00 0.00 0
7375 0.00 0.00 0.00 0
7376 0.00 0.00 0.00 0
7377 0.00 0.00 0.00 0
7390 0.00 0.00 0.00 0
7391 0.00 0.00 0.00 0
7392 0.00 0.00 0.00 0
7393 0.00 0.00 0.00 0
7394 0.00 0.00 0.00 0
7395 0.00 0.00 0.00 0
7408 0.00 0.00 0.00 0
7409 0.00 0.00 0.00 0
7410 0.00 0.00 0.00 0
7411 0.00 0.00 0.00 0
7412 0.00 0.00 0.00 0
7413 0.00 0.00 0.00 0
7414 0.00 0.00 0.00 0
7424 0.00 0.00 0.00 0
7425 0.00 0.00 0.00 0
7426 0.00 0.00 0.00 0
7427 0.00 0.00 0.00 0
7428 0.00 0.00 0.00 0
7429 0.00 0.00 0.00 0
7430 0.00 0.00 0.00 0
7431 0.00 0.00 0.00 0
7432 0.00 0.00 0.00 0
7442 0.00 0.00 0.00 0
7443 0.00 0.00 0.00 0
7444 0.00 0.00 0.00 0
7445 0.00 0.00 0.00 0
7446 0.00 0.00 0.00 0
7447 0.00 0.00 0.00 0
7448 0.00 0.00 0.00 0
7449 0.00 0.00 0.00 0
7450 0.00 0.00 0.00 0
7465 0.00 0.00 0.00 0
7466 0.00 0.00 0.00 0
7467 0.00 0.00 0.00 0
7468 0.00 0.00 0.00 0
7469 0.00 0.00 0.00 0
7470 0.00 0.00 0.00 0
7471 0.00 0.00 0.00 0
7472 0.00 0.00 0.00 0
7482 0.00 0.00 0.00 0
7483 0.00 0.00 0.00 0
7484 0.00 0.00 0.00 0
7485 0.00 0.00 0.00 0
7486 0.00 0.00 0.00 0
7487 0.00 0.00 0.00 0
7488 0.00 0.00 0.00 0
7489 0.00 0.00 0.00 0
7490 0.00 0.00 0.00 0
7491 0.00 0.00 0.00 0
7503 0.00 0.00 0.00 0
7504 0.00 0.00 0.00 0
7505 0.00 0.00 0.00 0
7506 0.00 0.00 0.00 0
7507 0.00 0.00 0.00 0
7508 0.00 0.00 0.00 0
7509 0.00 0.00 0.00 0
7510 0.00 0.00 0.00 0
7511 0.00 0.00 0.00 0
7518 0.00 0.00 0.00 0
7519 0.00 0.00 0.00 0
7520 0.00 0.00 0.00 0
7521 0.00 0.00 0.00 0
7522 0.00 0.00 0.00 0
7523 0.00 0.00 0.00 0
7524 0.00 0.00 0.00 0
7533 0.00 0.00 0.00 0
7534 0.00 0.00 0.00 0
7535 0.00 0.00 0.00 0
7536 0.00 0.00 0.00 0
7537 0.00 0.00 0.00 0
7538 0.00 0.00 0.00 0
7539 0.00 0.00 0.00 0
7550 0.00 0.00 0.00 0
7551 0.00 0.00 0.00 0
7552 0.00 0.00 0.00 0
7553 0.00 0.00 0.00 0
7570 0.00 0.00 0.00 0
7571 0.00 0.00 0.00 0
7572 0.00 0.00 0.00 0
7573 0.00 0.00 0.00 0
7590 0.00 0.00 0.00 0
7591 0.00 0.00 0.00 0
7592 0.00 0.00 0.00 0
7593 0.00 0.00 0.00 0
7603 0.00 0.00 0.00 0
7604 0.00 0.00 0.00 0
7605 0.00 0.00 0.00 0
7606 0.00 0.00 0.00 0
7616 0.00 0.00 0.00 0
7617 0.00 0.00 0.00 0
7618 0.00 0.00 0.00 0
7628 0.00 0.00 0.00 0
7629 0.00 0.00 0.00 0
7630 0.00 0.00 0.00 0
8151 0.00 0.00 0.00 0
8152 0.00 0.00 0.00 0
8153 0.00 0.00 0.00 0
8164 0.00 0.00 0.00 0
8165 0.00 0.00 0.00 0
8166 0.00 0.00 0.00 0
8167 0.00 0.00 0.00 0
8176 0.00 0.00 0.00 0
8177 0.00 0.00 0.00 0
8178 0.00 0.00 0.00 0
8179 0.00 0.00 0.00 0
8180 0.00 0.00 0.00 0
8181 0.00 0.00 0.00 0
8189 0.00 0.00 0.00 0
8190 0.00 0.00 0.00 0
8191 0.00 0.00 0.00 0
8192 0.00 0.00 0.00 0
8193 0.00 0.00 0.00 0
8194 0.00 0.00 0.00 0
8195 0.00 0.00 0.00 0
8210 0.00 0.00 0.00 0
8211 0.00 0.00 0.00 0
8212 0.00 0.00 0.00 0
8213 0.00 0.00 0.00 0
8214 0.00 0.00 0.00 0
8222 0.00 0.00 0.00 0
8223 0.00 0.00 0.00 0
8224 0.00 0.00 0.00 0
8225 0.00 0.00 0.00 0
8226 0.00 0.00 0.00 0
8227 0.00 0.00 0.00 0
8236 0.00 0.00 0.00 0
8237 0.00 0.00 0.00 0
8238 0.00 0.00 0.00 0
8239 0.00 0.00 0.00 0
8251 0.00 0.00 0.00 0
8252 0.00 0.00 0.00 0
8253 0.00 0.00 0.00 0
8254 0.00 0.00 0.00 0
8255 0.00 0.00 0.00 0
8256 0.00 0.00 0.00 0
8257 0.00 0.00 0.00 0
8258 0.00 0.00 0.00 0
8269 0.00 0.00 0.00 0
8270 0.00 0.00 0.00 0
8271 0.00 0.00 0.00 0
8272 0.00 0.00 0.00 0
8273 0.00 0.00 0.00 0
8274 0.00 0.00 0.00 0
8275 0.00 0.00 0.00 0
8276 0.00 0.00 0.00 0
8288 0.00 0.00 0.00 0
8289 0.00 0.00 0.00 0
8290 0.00 0.00 0.00 0
8291 0.00 0.00 0.00 0
8292 0.00 0.00 0.00 0
8293 0.00 0.00 0.00 0
8294 0.00 0.00 0.00 0
8295 0.00 0.00 0.00 0
8305 0.00 0.00 0.00 0
8306 0.00 0.00 0.00 0
8307 0.00 0.00 0.00 0
8308 0.00 0.00 0.00 0
8309 0.00 0.00 0.00 0
8310 0.00 0.00 0.00 0
8311 0.00 0.00 0.00 0
8312 0.00 0.00 0.00 0
8325 0.00 0.00 0.00 0
8326 0.00 0.00 0.00 0
8327 0.00 0.00 0.00 0
8328 0.00 0.00 0.00 0
8329 0.00 0.00 0.00 0
8342 0.00 0.00 0.00 0
8343 0.00 0.00 0.00 0
8344 0.00 0.00 0.00 0
8345 0.00 0.00 0.00 0
8346 0.00 0.00 0.00 0
8347 0.00 0.00 0.00 0
8348 0.00 0.00 0.00 0
8355 0.00 0.00 0.00 0
8356 0.00 0.00 0.00 0
8357 0.00 0.00 0.00 0
8358 0.00 0.00 0.00 0
8359 0.00 0.00 0.00 0
8360 0.00 0.00 0.00 0
8361 0.00 0.00 0.00 0
8371 0.00 0.00 0.00 0
8372 0.00 0.00 0.00 0
8373 0.00 0.00 0.00 0
8374 0.00 0.00 0.00 0
8375 0.00 0.00 0.00 0
8387 0.00 0.00 0.00 0
8388 0.00 0.00 0.00 0
8389 0.00 0.00 0.00 0
8390 0.00 0.00 0.00 0
8391 0.00 0.00 0.00 0
8392 0.00 0.00 0.00 0
8393 0.00 0.00 0.00 0
8402 0.00 0.00 0.00 0
8403 0.00 0.00 0.00 0
8404 0.00 0.00 0.00 0
8409 0.00 0.00 0.00 0
8410 0.00 0.00 0.00 0
8411 0.00 0.00 0.00 0
8412 0.00 0.00 0.00 0
8425 0.00 0.00 0.00 0
8426 0.00 0.00 0.00 0
8427 0.00 0.00 0.00 0
8428 0.00 0.00 0.00 0
8445 0.00 0.00 0.00 0
8446 0.00 0.00 0.00 0
8447 0.00 0.00 0.00 0
8448 0.00 0.00 0.00 0
8462 0.00 0.00 0.00 0
8463 0.00 0.00 0.00 0
8464 0.00 0.00 0.00 0
8465 0.00 0.00 0.00 0
8466 0.00 0.00 0.00 0
8479 0.00 0.00 0.00 0
8480 0.00 0.00 0.00 0
8481 0.00 0.00 0.00 0
8482 0.00 0.00 0.00 0
8483 0.00 0.00 0.00 0
8493 0.00 0.00 0.00 0
8494 0.00 0.00 0.00 0
8495 0.00 0.00 0.00 0
8496 0.00 0.00 0.00 0
8497 0.00 0.00 0.00 0
8505 0.00 0.00 0.00 0
8506 0.00 0.00 0.00 0
8507 0.00 0.00 0.00 0
8508 0.00 0.00 0.00 0
8509 0.00 0.00 0.00 0
9028 0.00 0.00 0.00 0
9029 0.00 0.00 0.00 0
9030 0.00 0.00 0.00 0
9052 0.00 0.00 0.00 0
9053 0.00 0.00 0.00 0
9054 0.00 0.00 0.00 0
9055 0.00 0.00 0.00 0
9056 0.00 0.00 0.00 0
9077 0.00 0.00 0.00 0
9078 0.00 0.00 0.00 0
9079 0.00 0.00 0.00 0
9080 0.00 0.00 0.00 0
9081 0.00 0.00 0.00 0
9093 0.00 0.00 0.00 0
9094 0.00 0.00 0.00 0
9095 0.00 0.00 0.00 0
9096 0.00 0.00 0.00 0
9097 0.00 0.00 0.00 0
9106 0.00 0.00 0.00 0
9107 0.00 0.00 0.00 0
9108 0.00 0.00 0.00 0
9109 0.00 0.00 0.00 0
9110 0.00 0.00 0.00 0
9119 0.00 0.00 0.00 0
9120 0.00 0.00 0.00 0
9121 0.00 0.00 0.00 0
9122 0.00 0.00 0.00 0
9140 0.00 0.00 0.00 0
9141 0.00 0.00 0.00 0
9142 0.00 0.00 0.00 0
9152 0.00 0.00 0.00 0
9153 0.00 0.00 0.00 0
9154 0.00 0.00 0.00 0
9155 0.00 0.00 0.00 0
9156 0.00 0.00 0.00 0
9167 0.00 0.00 0.00 0
9168 0.00 0.00 0.00 0
9169 0.00 0.00 0.00 0
9170 0.00 0.00 0.00 0
9171 0.00 0.00 0.00 0
9172 0.00 0.00 0.00 0
9186 0.00 0.00 0.00 0
9187 0.00 0.00 0.00 0
9188 0.00 0.00 0.00 0
9189 0.00 0.00 0.00 0
9190 0.00 0.00 0.00 0
9191 0.00 0.00 0.00 0
9192 0.00 0.00 0.00 0
9193 0.00 0.00 0.00 0
9208 0.00 0.00 0.00 0
9209 0.00 0.00 0.00 0
9210 0.00 0.00 0.00 0
9211 0.00 0.00 0.00 0
9212 0.00 0.00 0.00 0
9213 0.00 0.00 0.00 0
9214 0.00 0.00 0.00 0
9232 0.00 0.00 0.00 0
9233 0.00 0.00 0.00 0
9234 0.00 0.00 0.00 0
9235 0.00 0.00 0.00 0
9236 0.00 0.00 0.00 0
9237 0.00 0.00 0.00 0
9238 0.00 0.00 0.00 0
9248 0.00 0.00 0.00 0
9249 0.00 0.00 0.00 0
9250 0.00 0.00 0.00 0
9251 0.00 0.00 0.00 0
9252 0.00 0.00 0.00 0
9253 0.00 0.00 0.00 0
9254 0.00 0.00 0.00 0
9267 0.00 0.00 0.00 0
9268 0.00 0.00 0.00 0
9269 0.00 0.00 0.00 0
9270 0.00 0.00 0.00 0
9271 0.00 0.00 0.00 0
9280 0.00 0.00 0.00 0
9281 0.00 0.00 0.00 0
9282 0.00 0.00 0.00 0
9283 0.00 0.00 0.00 0
9284 0.00 0.00 0.00 0
9285 0.00 0.00 0.00 0
9295 0.00 0.00 0.00 0
9296 0.00 0.00 0.00 0
9297 0.00 0.00 0.00 0
9298 0.00 0.00 0.00 0
9299 0.00 0.00 0.00 0
9300 0.00 0.00 0.00 0
9313 0.00 0.00 0.00 0
9314 0.00 0.00 0.00 0
9326 0.00 0.00 0.00 0
9327 0.00 0.00 0.00 0
9328 0.00 0.00 0.00 0
9329 0.00 0.00 0.00 0
9345 0.00 0.00 0.00 0
9346 0.00 0.00 0.00 0
9420 0.00 0.00 0.00 0
9421 0.00 0.00 0.00 0
9433 0.00 0.00 0.00 0
9434 0.00 0.00 0.00 0
9435 0.00 0.00 0.00 0
10038 0.00 0.00 0.00 0
10039 0.00 0.00 0.00 0
10054 0.00 0.00 0.00 0
10055 0.00 0.00 0.00 0
10056 0.00 0.00 0.00 0
10057 0.00 0.00 0.00 0
10058 0.00 0.00 0.00 0
10082 0.00 0.00 0.00 0
10083 0.00 0.00 0.00 0
10084 0.00 0.00 0.00 0
10085 0.00 0.00 0.00 0
10086 0.00 0.00 0.00 0
10108 0.00 0.00 0.00 0
10109 0.00 0.00 0.00 0
10110 0.00 0.00 0.00 0
10122 0.00 0.00 0.00 0
10123 0.00 0.00 0.00 0
10124 0.00 0.00 0.00 0
10125 0.00 0.00 0.00 0
10137 0.00 0.00 0.00 0
10138 0.00 0.00 0.00 0
10139 0.00 0.00 0.00 0
10140 0.00 0.00 0.00 0
10151 0.00 0.00 0.00 0
10152 0.00 0.00 0.00 0
10153 0.00 0.00 0.00 0
10154 0.00 0.00 0.00 0
10174 0.00 0.00 0.00 0
10175 0.00 0.00 0.00 0
10176 0.00 0.00 0.00 0
10177 0.00 0.00 0.00 0
10195 0.00 0.00 0.00 0
10196 0.00 0.00 0.00 0
10197 0.00 0.00 0.00 0
10209 0.00 0.00 0.00 0
10210 0.00 0.00 0.00 0
10211 0.00 0.00 0.00 0
10212 0.00 0.00 0.00 0
10224 0.00 0.00 0.00 0
10225 0.00 0.00 0.00 0
10226 0.00 0.00 0.00 0
10227 0.00 0.00 0.00 0
10228 0.00 0.00 0.00 0
10229 0.00 0.00 0.00 0
10230 0.00 0.00 0.00 0
10244 0.00 0.00 0.00 0
10245 0.00 0.00 0.00 0
10246 0.00 0.00 0.00 0
10247 0.00 0.00 0.00 0
10248 0.00 0.00 0.00 0
10249 0.00 0.00 0.00 0
10250 0.00 0.00 0.00 0
10268 0.00 0.00 0.00 0
10269 0.00 0.00 0.00 0
10270 0.00 0.00 0.00 0
10271 0.00 0.00 0.00 0
10272 0.00 0.00 0.00 0
10273 0.00 0.00 0.00 0
10274 0.00 0.00 0.00 0
10281 0.00 0.00 0.00 0
10282 0.00 0.00 0.00 0
10283 0.00 0.00 0.00 0
10284 0.00 0.00 0.00 0
10285 0.00 0.00 0.00 0
10286 0.00 0.00 0.00 0
10296 0.00 0.00 0.00 0
10297 0.00 0.00 0.00 0
10298 0.00 0.00 0.00 0
10299 0.00 0.00 0.00 0
10300 0.00 0.00 0.00 0
10301 0.00 0.00 0.00 0
10308 0.00 0.00 0.00 0
10309 0.00 0.00 0.00 0
10310 0.00 0.00 0.00 0
10311 0.00 0.00 0.00 0
10312 0.00 0.00 0.00 0
10313 0.00 0.00 0.00 0
10324 0.00 0.00 0.00 0
10325 0.00 0.00 0.00 0
10326 0.00 0.00 0.00 0
10327 0.00 0.00 0.00 0
10328 0.00 0.00 0.00 0
10340 0.00 0.00 0.00 0
10341 0.00 0.00 0.00 0
10342 0.00 0.00 0.00 0
10358 0.00 0.00 0.00 0
10359 0.00 0.00 0.00 0
10360 0.00 0.00 0.00 0
10361 0.00 0.00 0.00 0
11140 0.00 0.00 0.00 0
11141 0.00 0.00 0.00 0
11142 0.00 0.00 0.00 0
11143 0.00 0.00 0.00 0
11157 0.00 0.00 0.00 0
11158 0.00 0.00 0.00 0
11159 0.00 0.00 0.00 0
11160 0.00 0.00 0.00 0
11161 0.00 0.00 0.00 0
11162 0.00 0.00 0.00 0
11180 0.00 0.00 0.00 0
11181 0.00 0.00 0.00 0
11182 0.00 0.00 0.00 0
11183 0.00 0.00 0.00 0
11206 0.00 0.00 0.00 0
11207 0.00 0.00 0.00 0
11208 0.00 0.00 0.00 0
11209 0.00 0.00 0.00 0
11210 0.00 0.00 0.00 0
11221 0.00 0.00 0.00 0
11222 0.00 0.00 0.00 0
11223 0.00 0.00 0.00 0
11224 0.00 0.00 0.00 0
11225 0.00 0.00 0.00 0
11235 0.00 0.00 0.00 0
11236 0.00 0.00 0.00 0
11245 0.00 0.00 0.00 0
11246 0.00 0.00 0.00 0
11247 0.00 0.00 0.00 0
11248 0.00 0.00 0.00 0
11260 0.00 0.00 0.00 0
11261 0.00 0.00 0.00 0
11262 0.00 0.00 0.00 0
11263 0.00 0.00 0.00 0
11264 0.00 0.00 0.00 0
11281 0.00 0.00 0.00 0
11282 0.00 0.00 0.00 0
11283 0.00 0.00 0.00 0
11284 0.00 0.00 0.00 0
11293 0.00 0.00 0.00 0
11294 0.00 0.00 0.00 0
11295 0.00 0.00 0.00 0
11296 0.00 0.00 0.00 0
11303 0.00 0.00 0.00 0
11304 0.00 0.00 0.00 0
11305 0.00 0.00 0.00 0
11306 0.00 0.00 0.00 0
11307 0.00 0.00 0.00 0
11308 0.00 0.00 0.00 0
11314 0.00 0.00 0.00 0
11315 0.00 0.00 0.00 0
11316 0.00 0.00 0.00 0
11317 0.00 0.00 0.00 0
11318 0.00 0.00 0.00 0
11319 0.00 0.00 0.00 0
11331 0.00 0.00 0.00 0
11332 0.00 0.00 0.00 0
11333 0.00 0.00 0.00 0
11334 0.00 0.00 0.00 0
11335 0.00 0.00 0.00 0
11336 0.00 0.00 0.00 0
11337 0.00 0.00 0.00 0
11349 0.00 0.00 0.00 0
11350 0.00 0.00 0.00 0
11351 0.00 0.00 0.00 0
11352 0.00 0.00 0.00 0
11353 0.00 0.00 0.00 0
11354 0.00 0.00 0.00 0
11355 0.00 0.00 0.00 0
11356 0.00 0.00 0.00 0
11365 0.00 0.00 0.00 0
11366 0.00 0.00 0.00 0
11367 0.00 0.00 0.00 0
11368 0.00 0.00 0.00 0
11369 0.00 0.00 0.00 0
11370 0.00 0.00 0.00 0
11378 0.00 0.00 0.00 0
11379 0.00 0.00 0.00 0
11380 0.00 0.00 0.00 0
11381 0.00 0.00 0.00 0
11394 0.00 0.00 0.00 0
11395 0.00 0.00 0.00 0
11396 0.00 0.00 0.00 0
11413 0.00 0.00 0.00 0
11414 0.00 0.00 0.00 0
11415 0.00 0.00 0.00 0
11416 0.00 0.00 0.00 0
11417 0.00 0.00 0.00 0
11431 0.00 0.00 0.00 0
11432 0.00 0.00 0.00 0
11433 0.00 0.00 0.00 0
12271 0.00 0.00 0.00 0
12272 0.00 0.00 0.00 0
12273 0.00 0.00 0.00 0
12274 0.00 0.00 0.00 0
12285 0.00 0.00 0.00 0
12286 0.00 0.00 0.00 0
12287 0.00 0.00 0.00 0
12288 0.00 0.00 0.00 0
12289 0.00 0.00 0.00 0
12302 0.00 0.00 0.00 0
12303 0.00 0.00 0.00 0
12304 0.00 0.00 0.00 0
12305 0.00 0.00 0.00 0
12306 0.00 0.00 0.00 0
12327 0.00 0.00 0.00 0
12328 0.00 0.00 0.00 0
12329 0.00 0.00 0.00 0
12330 0.00 0.00 0.00 0
12331 0.00 0.00 0.00 0
12338 0.00 0.00 0.00 0
12339 0.00 0.00 0.00 0
12340 0.00 0.00 0.00 0
12341 0.00 0.00 0.00 0
12342 0.00 0.00 0.00 0
12343 0.00 0.00 0.00 0
12347 0.00 0.00 0.00 0
12348 0.00 0.00 0.00 0
12349 0.00 0.00 0.00 0
12350 0.00 0.00 0.00 0
12351 0.00 0.00 0.00 0
12352 0.00 0.00 0.00 0
12353 0.00 0.00 0.00 0
12354 0.00 0.00 0.00 0
12357 0.00 0.00 0.00 0
12358 0.00 0.00 0.00 0
12359 0.00 0.00 0.00 0
12360 0.00 0.00 0.00 0
12361 0.00 0.00 0.00 0
12362 0.00 0.00 0.00 0
12370 0.00 0.00 0.00 0
12371 0.00 0.00 0.00 0
12372 0.00 0.00 0.00 0
12373 0.00 0.00 0.00 0
12374 0.00 0.00 0.00 0
12375 0.00 0.00 0.00 0
12376 0.00 0.00 0.00 0
12392 0.00 0.00 0.00 0
12393 0.00 0.00 0.00 0
12394 0.00 0.00 0.00 0
12395 0.00 0.00 0.00 0
12396 0.00 0.00 0.00 0
12397 0.00 0.00 0.00 0
12406 0.00 0.00 0.00 0
12407 0.00 0.00 0.00 0
12415 0.00 0.00 0.00 0
12416 0.00 0.00 0.00 0
12417 0.00 0.00 0.00 0
12418 0.00 0.00 0.00 0
12421 0.00 0.00 0.00 0
12422 0.00 0.00 0.00 0
12423 0.00 0.00 0.00 0
12424 0.00 0.00 0.00 0
12425 0.00 0.00 0.00 0
12429 0.00 0.00 0.00 0
12430 0.00 0.00 0.00 0
12431 0.00 0.00 0.00 0
12432 0.00 0.00 0.00 0
12433 0.00 0.00 0.00 0
12445 0.00 0.00 0.00 0
12446 0.00 0.00 0.00 0
12447 0.00 0.00 0.00 0
12448 0.00 0.00 0.00 0
12449 0.00 0.00 0.00 0
12450 0.00 0.00 0.00 0
12451 0.00 0.00 0.00 0
12462 0.00 0.00 0.00 0
12463 0.00 0.00 0.00 0
12464 0.00 0.00 0.00 0
12465 0.00 0.00 0.00 0
12466 0.00 0.00 0.00 0
12479 0.00 0.00 0.00 0
12480 0.00 0.00 0.00 0
12496 0.00 0.00 0.00 0
12497 0.00 0.00 0.00 0
12498 0.00 0.00 0.00 0
12499 0.00 0.00 0.00 0
12515 0.00 0.00 0.00 0
12516 0.00 0.00 0.00 0
12517 0.00 0.00 0.00 0
12518 0.00 0.00 0.00 0
12519 0.00 0.00 0.00 0
13376 0.00 0.00 0.00 0
13377 0.00 0.00 0.00 0
13378 0.00 0.00 0.00 0
13379 0.00 0.00 0.00 0
13380 0.00 0.00 0.00 0
13393 0.00 0.00 0.00 0
13394 0.00 0.00 0.00 0
13395 0.00 0.00 0.00 0
13396 0.00 0.00 0.00 0
13397 0.00 0.00 0.00 0
13409 0.00 0.00 0.00 0
13410 0.00 0.00 0.00 0
13411 0.00 0.00 0.00 0
13412 0.00 0.00 0.00 0
13413 0.00 0.00 0.00 0
13414 0.00 0.00 0.00 0
13433 0.00 0.00 0.00 0
13434 0.00 0.00 0.00 0
13435 0.00 0.00 0.00 0
13436 0.00 0.00 0.00 0
13444 0.00 0.00 0.00 0
13445 0.00 0.00 0.00 0
13446 0.00 0.00 0.00 0
13447 0.00 0.00 0.00 0
13452 0.00 0.00 0.00 0
13453 0.00 0.00 0.00 0
13454 0.00 0.00 0.00 0
13455 0.00 0.00 0.00 0
13456 0.00 0.00 0.00 0
13457 0.00 0.00 0.00 0
13458 0.00 0.00 0.00 0
13459 0.00 0.00 0.00 0
13460 0.00 0.00 0.00 0
13463 0.00 0.00 0.00 0
13464 0.00 0.00 0.00 0
13465 0.00 0.00 0.00 0
13466 0.00 0.00 0.00 0
13467 0.00 0.00 0.00 0
13468 0.00 0.00 0.00 0
13469 0.00 0.00 0.00 0
13470 0.00 0.00 0.00 0
13471 0.00 0.00 0.00 0
13476 0.00 0.00 0.00 0
13477 0.00 0.00 0.00 0
13478 0.00 0.00 0.00 0
13479 0.00 0.00 0.00 0
13480 0.00 0.00 0.00 0
13481 0.00 0.00 0.00 0
13482 0.00 0.00 0.00 0
13495 0.00 0.00 0.00 0
13496 0.00 0.00 0.00 0
13497 0.00 0.00 0.00 0
13498 0.00 0.00 0.00 0
13499 0.00 0.00 0.00 0
13502 0.00 0.00 0.00 0
13503 0.00 0.00 0.00 0
13512 0.00 0.00 0.00 0
13513 0.00 0.00 0.00 0
13525 0.00 0.00 0.00 0
13526 0.00 0.00 0.00 0
13527 0.00 0.00 0.00 0
13528 0.00 0.00 0.00 0
13529 0.00 0.00 0.00 0
13536 0.00 0.00 0.00 0
13537 0.00 0.00 0.00 0
13538 0.00 0.00 0.00 0
13539 0.00 0.00 0.00 0
13548 0.00 0.00 0.00 0
13549 0.00 0.00 0.00 0
13550 0.00 0.00 0.00 0
13551 0.00 0.00 0.00 0
13552 0.00 0.00 0.00 0
13553 0.00 0.00 0.00 0
13554 0.00 0.00 0.00 0
13565 0.00 0.00 0.00 0
13566 0.00 0.00 0.00 0
13567 0.00 0.00 0.00 0
13568 0.00 0.00 0.00 0
13569 0.00 0.00 0.00 0
13570 0.00 0.00 0.00 0
13582 0.00 0.00 0.00 0
13583 0.00 0.00 0.00 0
13599 0.00 0.00 0.00 0
13600 0.00 0.00 0.00 0
13601 0.00 0.00 0.00 0
13602 0.00 0.00 0.00 0
13603 0.00 0.00 0.00 0
13604 0.00 0.00 0.00 0
13605 0.00 0.00 0.00 0
13606 0.00 0.00 0.00 0
13627 0.00 0.00 0.00 0
13628 0.00 0.00 0.00 0
13629 0.00 0.00 0.00 0
13630 0.00 0.00 0.00 0
13631 0.00 0.00 0.00 0
14582 0.00 0.00 0.00 0
14583 0.00 0.00 0.00 0
14584 0.00 0.00 0.00 0
14585 0.00 0.00 0.00 0
14586 0.00 0.00 0.00 0
14599 0.00 0.00 0.00 0
14600 0.00 0.00 0.00 0
14601 0.00 0.00 0.00 0
14602 0.00 0.00 0.00 0
14603 0.00 0.00 0.00 0
14616 0.00 0.00 0.00 0
14617 0.00 0.00 0.00 0
14618 0.00 0.00 0.00 0
14619 0.00 0.00 0.00 0
14620 0.00 0.00 0.00 0
14635 0.00 0.00 0.00 0
14636 0.00 0.00 0.00 0
14637 0.00 0.00 0.00 0
14638 0.00 0.00 0.00 0
14646 0.00 0.00 0.00 0
14647 0.00 0.00 0.00 0
14648 0.00 0.00 0.00 0
14649 0.00 0.00 0.00 0
14650 0.00 0.00 0.00 0
14651 0.00 0.00 0.00 0
14652 0.00 0.00 0.00 0
14658 0.00 0.00 0.00 0
14659 0.00 0.00 0.00 0
14660 0.00 0.00 0.00 0
14661 0.00 0.00 0.00 0
14662 0.00 0.00 0.00 0
14663 0.00 0.00 0.00 0
14664 0.00 0.00 0.00 0
14665 0.00 0.00 0.00 0
14669 0.00 0.00 0.00 0
14670 0.00 0.00 0.00 0
14671 0.00 0.00 0.00 0
14672 0.00 0.00 0.00 0
14673 0.00 0.00 0.00 0
14674 0.00 0.00 0.00 0
14675 0.00 0.00 0.00 0
14676 0.00 0.00 0.00 0
14677 0.00 0.00 0.00 0
14678 0.00 0.00 0.00 0
14683 0.00 0.00 0.00 0
14684 0.00 0.00 0.00 0
14685 0.00 0.00 0.00 0
14686 0.00 0.00 0.00 0
14687 0.00 0.00 0.00 0
14688 0.00 0.00 0.00 0
14689 0.00 0.00 0.00 0
14690 0.00 0.00 0.00 0
14691 0.00 0.00 0.00 0
14704 0.00 0.00 0.00 0
14705 0.00 0.00 0.00 0
14706 0.00 0.00 0.00 0
14707 0.00 0.00 0.00 0
14708 0.00 0.00 0.00 0
14709 0.00 0.00 0.00 0
14717 0.00 0.00 0.00 0
14718 0.00 0.00 0.00 0
14719 0.00 0.00 0.00 0
14726 0.00 0.00 0.00 0
14742 0.00 0.00 0.00 0
14743 0.00 0.00 0.00 0
14744 0.00 0.00 0.00 0
14745 0.00 0.00 0.00 0
14758 0.00 0.00 0.00 0
14759 0.00 0.00 0.00 0
14760 0.00 0.00 0.00 0
14761 0.00 0.00 0.00 0
14767 0.00 0.00 0.00 0
14768 0.00 0.00 0.00 0
14769 0.00 0.00 0.00 0
14770 0.00 0.00 0.00 0
14771 0.00 0.00 0.00 0
14772 0.00 0.00 0.00 0
14779 0.00 0.00 0.00 0
14780 0.00 0.00 0.00 0
14781 0.00 0.00 0.00 0
14782 0.00 0.00 0.00 0
14783 0.00 0.00 0.00 0
14791 0.00 0.00 0.00 0
14792 0.00 0.00 0.00 0
14793 0.00 0.00 0.00 0
14794 0.00 0.00 0.00 0
14795 0.00 0.00 0.00 0
14808 0.00 0.00 0.00 0
14809 0.00 0.00 0.00 0
14810 0.00 0.00 0.00 0
14811 0.00 0.00 0.00 0
14812 0.00 0.00 0.00 0
14813 0.00 0.00 0.00 0
14814 0.00 0.00 0.00 0
14815 0.00 0.00 0.00 0
14831 0.00 0.00 0.00 0
14832 0.00 0.00 0.00 0
15727 0.00 0.00 0.00 0
15728 0.00 0.00 0.00 0
15729 0.00 0.00 0.00 0
15744 0.00 0.00 0.00 0
15745 0.00 0.00 0.00 0
15746 0.00 0.00 0.00 0
15747 0.00 0.00 0.00 0
15748 0.00 0.00 0.00 0
15759 0.00 0.00 0.00 0
15760 0.00 0.00 0.00 0
15761 0.00 0.00 0.00 0
15762 0.00 0.00 0.00 0
15763 0.00 0.00 0.00 0
15764 0.00 0.00 0.00 0
15765 0.00 0.00 0.00 0
15766 0.00 0.00 0.00 0
15778 0.00 0.00 0.00 0
15779 0.00 0.00 0.00 0
15780 0.00 0.00 0.00 0
15781 0.00 0.00 0.00 0
15782 0.00 0.00 0.00 0
15783 0.00 0.00 0.00 0
15784 0.00 0.00 0.00 0
15796 0.00 0.00 0.00 0
15797 0.00 0.00 0.00 0
15798 0.00 0.00 0.00 0
15799 0.00 0.00 0.00 0
15800 0.00 0.00 0.00 0
15801 0.00 0.00 0.00 0
15810 0.00 0.00 0.00 0
15811 0.00 0.00 0.00 0
15812 0.00 0.00 0.00 0
15813 0.00 0.00 0.00 0
15814 0.00 0.00 0.00 0
15815 0.00 0.00 0.00 0
15816 0.00 0.00 0.00 0
15823 0.00 0.00 0.00 0
15824 0.00 0.00 0.00 0
15825 0.00 0.00 0.00 0
15826 0.00 0.00 0.00 0
15827 0.00 0.00 0.00 0
15828 0.00 0.00 0.00 0
15830 0.00 0.00 0.00 0
15831 0.00 0.00 0.00 0
15832 0.00 0.00 0.00 0
15833 0.00 0.00 0.00 0
15834 0.00 0.00 0.00 0
15835 0.00 0.00 0.00 0
15838 0.00 0.00 0.00 0
15839 0.00 0.00 0.00 0
15840 0.00 0.00 0.00 0
15841 0.00 0.00 0.00 0
15842 0.00 0.00 0.00 0
15843 0.00 0.00 0.00 0
15844 0.00 0.00 0.00 0
15845 0.00 0.00 0.00 0
15846 0.00 0.00 0.00 0
15859 0.00 0.00 0.00 0
15860 0.00 0.00 0.00 0
15861 0.00 0.00 0.00 0
15862 0.00 0.00 0.00 0
15863 0.00 0.00 0.00 0
15864 0.00 0.00 0.00 0
15865 0.00 0.00 0.00 0
15878 0.00 0.00 0.00 0
15879 0.00 0.00 0.00 0
15880 0.00 0.00 0.00 0
15888 0.00 0.00 0.00 0
15889 0.00 0.00 0.00 0
15890 0.00 0.00 0.00 0
15902 0.00 0.00 0.00 0
15903 0.00 0.00 0.00 0
15904 0.00 0.00 0.00 0
15917 0.00 0.00 0.00 0
15918 0.00 0.00 0.00 0
15919 0.00 0.00 0.00 0
15928 0.00 0.00 0.00 0
15929 0.00 0.00 0.00 0
15930 0.00 0.00 0.00 0
15938 0.00 0.00 0.00 0
15939 0.00 0.00 0.00 0
15940 0.00 0.00 0.00 0
15941 0.00 0.00 0.00 0
15942 0.00 0.00 0.00 0
15943 0.00 0.00 0.00 0
15950 0.00 0.00 0.00 0
15951 0.00 0.00 0.00 0
15952 0.00 0.00 0.00 0
15953 0.00 0.00 0.00 0
15954 0.00 0.00 0.00 0
15955 0.00 0.00 0.00 0
15956 0.00 0.00 0.00 0
15957 0.00 0.00 0.00 0
15958 0.00 0.00 0.00 0
15971 0.00 0.00 0.00 0
15972 0.00 0.00 0.00 0
15973 0.00 0.00 0.00 0
15974 0.00 0.00 0.00 0
15975 0.00 0.00 0.00 0
15976 0.00 0.00 0.00 0
16944 0.00 0.00 0.00 0
16945 0.00 0.00 0.00 0
16946 0.00 0.00 0.00 0
16947 0.00 0.00 0.00 0
16966 0.00 0.00 0.00 0
16967 0.00 0.00 0.00 0
16968 0.00 0.00 0.00 0
16969 0.00 0.00 0.00 0
16970 0.00 0.00 0.00 0
16971 0.00 0.00 0.00 0
16986 0.00 0.00 0.00 0
16987 0.00 0.00 0.00 0
16988 0.00 0.00 0.00 0
16989 0.00 0.00 0.00 0
16990 0.00 0.00 0.00 0
16991 0.00 0.00 0.00 0
16992 0.00 0.00 0.00 0
17005 0.00 0.00 0.00 0
17006 0.00 0.00 0.00 0
17007 0.00 0.00 0.00 0
17008 0.00 0.00 0.00 0
17019 0.00 0.00 0.00 0
17020 0.00 0.00 0.00 0
17029 0.00 0.00 0.00 0
17030 0.00 0.00 0.00 0
17031 0.00 0.00 0.00 0
17032 0.00 0.00 0.00 0
17033 0.00 0.00 0.00 0
17034 0.00 0.00 0.00 0
17042 0.00 0.00 0.00 0
17043 0.00 0.00 0.00 0
17044 0.00 0.00 0.00 0
17045 0.00 0.00 0.00 0
17046 0.00 0.00 0.00 0
17049 0.00 0.00 0.00 0
17050 0.00 0.00 0.00 0
17051 0.00 0.00 0.00 0
17052 0.00 0.00 0.00 0
17053 0.00 0.00 0.00 0
17054 0.00 0.00 0.00 0
17059 0.00 0.00 0.00 0
17060 0.00 0.00 0.00 0
17061 0.00 0.00 0.00 0
17062 0.00 0.00 0.00 0
17063 0.00 0.00 0.00 0
17064 0.00 0.00 0.00 0
17065 0.00 0.00 0.00 0
17077 0.00 0.00 0.00 0
17078 0.00 0.00 0.00 0
17079 0.00 0.00 0.00 0
17080 0.00 0.00 0.00 0
17081 0.00 0.00 0.00 0
17082 0.00 0.00 0.00 0
17083 0.00 0.00 0.00 0
17099 0.00 0.00 0.00 0
17100 0.00 0.00 0.00 0
17101 0.00 0.00 0.00 0
17102 0.00 0.00 0.00 0
17103 0.00 0.00 0.00 0
17104 0.00 0.00 0.00 0
17105 0.00 0.00 0.00 0
17112 0.00 0.00 0.00 0
17113 0.00 0.00 0.00 0
17114 0.00 0.00 0.00 0
17115 0.00 0.00 0.00 0
17116 0.00 0.00 0.00 0
17128 0.00 0.00 0.00 0
17129 0.00 0.00 0.00 0
17130 0.00 0.00 0.00 0
17131 0.00 0.00 0.00 0
17132 0.00 0.00 0.00 0
17147 0.00 0.00 0.00 0
17148 0.00 0.00 0.00 0
17149 0.00 0.00 0.00 0
17150 0.00 0.00 0.00 0
17151 0.00 0.00 0.00 0
17161 0.00 0.00 0.00 0
17162 0.00 0.00 0.00 0
17163 0.00 0.00 0.00 0
17164 0.00 0.00 0.00 0
17165 0.00 0.00 0.00 0
17171 0.00 0.00 0.00 0
17172 0.00 0.00 0.00 0
17173 0.00 0.00 0.00 0
17174 0.00 0.00 0.00 0
17175 0.00 0.00 0.00 0
17181 0.00 0.00 0.00 0
17182 0.00 0.00 0.00 0
17183 0.00 0.00 0.00 0
17184 0.00 0.00 0.00 0
17185 0.00 0.00 0.00 0
17196 0.00 0.00 0.00 0
17197 0.00 0.00 0.00 0
18189 0.00 0.00 0.00 0
18190 0.00 0.00 0.00 0
18191 0.00 0.00 0.00 0
18192 0.00 0.00 0.00 0
18211 0.00 0.00 0.00 0
18212 0.00 0.00 0.00 0
18213 0.00 0.00 0.00 0
18214 0.00 0.00 0.00 0
18215 0.00 0.00 0.00 0
18216 0.00 0.00 0.00 0
18217 0.00 0.00 0.00 0
18229 0.00 0.00 0.00 0
18230 0.00 0.00 0.00 0
18231 0.00 0.00 0.00 0
18232 0.00 0.00 0.00 0
18233 0.00 0.00 0.00 0
18234 0.00 0.00 0.00 0
18235 0.00 0.00 0.00 0
18244 0.00 0.00 0.00 0
18245 0.00 0.00 0.00 0
18246 0.00 0.00 0.00 0
18254 0.00 0.00 0.00 0
18255 0.00 0.00 0.00 0
18264 0.00 0.00 0.00 0
18265 0.00 0.00 0.00 0
18266 0.00 0.00 0.00 0
18267 0.00 0.00 0.00 0
18268 0.00 0.00 0.00 0
18269 0.00 0.00 0.00 0
18270 0.00 0.00 0.00 0
18279 0.00 0.00 0.00 0
18280 0.00 0.00 0.00 0
18281 0.00 0.00 0.00 0
18282 0.00 0.00 0.00 0
18283 0.00 0.00 0.00 0
18284 0.00 0.00 0.00 0
18285 0.00 0.00 0.00 0
18295 0.00 0.00 0.00 0
18296 0.00 0.00 0.00 0
18297 0.00 0.00 0.00 0
18298 0.00 0.00 0.00 0
18299 0.00 0.00 0.00 0
18300 0.00 0.00 0.00 0
18301 0.00 0.00 0.00 0
18302 0.00 0.00 0.00 0
18303 0.00 0.00 0.00 0
18309 0.00 0.00 0.00 0
18310 0.00 0.00 0.00 0
18311 0.00 0.00 0.00 0
18312 0.00 0.00 0.00 0
18313 0.00 0.00 0.00 0
18314 0.00 0.00 0.00 0
18315 0.00 0.00 0.00 0
18316 0.00 0.00 0.00 0
18324 0.00 0.00 0.00 0
18325 0.00 0.00 0.00 0
18326 0.00 0.00 0.00 0
18327 0.00 0.00 0.00 0
18328 0.00 0.00 0.00 0
18329 0.00 0.00 0.00 0
18330 0.00 0.00 0.00 0
18331 0.00 0.00 0.00 0
18332 0.00 0.00 0.00 0
18349 0.00 0.00 0.00 0
18350 0.00 0.00 0.00 0
18351 0.00 0.00 0.00 0
18352 0.00 0.00 0.00 0
18353 0.00 0.00 0.00 0
18354 0.00 0.00 0.00 0
18355 0.00 0.00 0.00 0
18356 0.00 0.00 0.00 0
18357 0.00 0.00 0.00 0
18358 0.00 0.00 0.00 0
18359 0.00 0.00 0.00 0
18360 0.00 0.00 0.00 0
18369 0.00 0.00 0.00 0
18370 0.00 0.00 0.00 0
18371 0.00 0.00 0.00 0
18372 0.00 0.00 0.00 0
18373 0.00 0.00 0.00 0
18374 0.00 0.00 0.00 0
18386 0.00 0.00 0.00 0
18387 0.00 0.00 0.00 0
18388 0.00 0.00 0.00 0
18389 0.00 0.00 0.00 0
18390 0.00 0.00 0.00 0
18403 0.00 0.00 0.00 0
18404 0.00 0.00 0.00 0
18405 0.00 0.00 0.00 0
18406 0.00 0.00 0.00 0
18407 0.00 0.00 0.00 0
18417 0.00 0.00 0.00 0
18418 0.00 0.00 0.00 0
18419 0.00 0.00 0.00 0
18420 0.00 0.00 0.00 0
18427 0.00 0.00 0.00 0
18428 0.00 0.00 0.00 0
18429 0.00 0.00 0.00 0
19328 0.00 0.00 0.00 0
19329 0.00 0.00 0.00 0
19330 0.00 0.00 0.00 0
19343 0.00 0.00 0.00 0
19344 0.00 0.00 0.00 0
19345 0.00 0.00 0.00 0
19346 0.00 0.00 0.00 0
19347 0.00 0.00 0.00 0
19348 0.00 0.00 0.00 0
19349 0.00 0.00 0.00 0
19357 0.00 0.00 0.00 0
19358 0.00 0.00 0.00 0
19359 0.00 0.00 0.00 0
19360 0.00 0.00 0.00 0
19361 0.00 0.00 0.00 0
19362 0.00 0.00 0.00 0
19363 0.00 0.00 0.00 0
19373 0.00 0.00 0.00 0
19374 0.00 0.00 0.00 0
19375 0.00 0.00 0.00 0
19376 0.00 0.00 0.00 0
19377 0.00 0.00 0.00 0
19378 0.00 0.00 0.00 0
19387 0.00 0.00 0.00 0
19388 0.00 0.00 0.00 0
19399 0.00 0.00 0.00 0
19400 0.00 0.00 0.00 0
19401 0.00 0.00 0.00 0
19402 0.00 0.00 0.00 0
19403 0.00 0.00 0.00 0
19404 0.00 0.00 0.00 0
19419 0.00 0.00 0.00 0
19420 0.00 0.00 0.00 0
19421 0.00 0.00 0.00 0
19422 0.00 0.00 0.00 0
19423 0.00 0.00 0.00 0
19424 0.00 0.00 0.00 0
19437 0.00 0.00 0.00 0
19438 0.00 0.00 0.00 0
19439 0.00 0.00 0.00 0
19440 0.00 0.00 0.00 0
19441 0.00 0.00 0.00 0
19442 0.00 0.00 0.00 0
19443 0.00 0.00 0.00 0
19444 0.00 0.00 0.00 0
19454 0.00 0.00 0.00 0
19455 0.00 0.00 0.00 0
19456 0.00 0.00 0.00 0
19457 0.00 0.00 0.00 0
19458 0.00 0.00 0.00 0
19459 0.00 0.00 0.00 0
19460 0.00 0.00 0.00 0
19461 0.00 0.00 0.00 0
19471 0.00 0.00 0.00 0
19472 0.00 0.00 0.00 0
19473 0.00 0.00 0.00 0
19474 0.00 0.00 0.00 0
19475 0.00 0.00 0.00 0
19476 0.00 0.00 0.00 0
19477 0.00 0.00 0.00 0
19478 0.00 0.00 0.00 0
19479 0.00 0.00 0.00 0
19480 0.00 0.00 0.00 0
19500 0.00 0.00 0.00 0
19501 0.00 0.00 0.00 0
19502 0.00 0.00 0.00 0
19503 0.00 0.00 0.00 0
19504 0.00 0.00 0.00 0
19505 0.00 0.00 0.00 0
19506 0.00 0.00 0.00 0
19507 0.00 0.00 0.00 0
19508 0.00 0.00 0.00 0
19509 0.00 0.00 0.00 0
19510 0.00 0.00 0.00 0
19518 0.00 0.00 0.00 0
19519 0.00 0.00 0.00 0
20476 0.00 0.00 0.00 0
20477 0.00 0.00 0.00 0
20478 0.00 0.00 0.00 0
20479 0.00 0.00 0.00 0
20480 0.00 0.00 0.00 0
20481 0.00 0.00 0.00 0
20490 0.00 0.00 0.00 0
20491 0.00 0.00 0.00 0
20492 0.00 0.00 0.00 0
20493 0.00 0.00 0.00 0
20494 0.00 0.00 0.00 0
20495 0.00 0.00 0.00 0
20496 0.00 0.00 0.00 0
20497 0.00 0.00 0.00 0
20508 0.00 0.00 0.00 0
20509 0.00 0.00 0.00 0
20510 0.00 0.00 0.00 0
20511 0.00 0.00 0.00 0
20512 0.00 0.00 0.00 0
20513 0.00 0.00 0.00 0
20514 0.00 0.00 0.00 0
20523 0.00 0.00 0.00 0
20524 0.00 0.00 0.00 0
20525 0.00 0.00 0.00 0
20536 0.00 0.00 0.00 0
20537 0.00 0.00 0.00 0
20538 0.00 0.00 0.00 0
20539 0.00 0.00 0.00 0
20540 0.00 0.00 0.00 0
20541 0.00 0.00 0.00 0
20560 0.00 0.00 0.00 0
20561 0.00 0.00 0.00 0
20562 0.00 0.00 0.00 0
20563 0.00 0.00 0.00 0
20564 0.00 0.00 0.00 0
20577 0.00 0.00 0.00 0
20578 0.00 0.00 0.00 0
20579 0.00 0.00 0.00 0
20580 0.00 0.00 0.00 0
20581 0.00 0.00 0.00 0
20591 0.00 0.00 0.00 0
20592 0.00 0.00 0.00 0
20593 0.00 0.00 0.00 0
20594 0.00 0.00 0.00 0
20595 0.00 0.00 0.00 0
20596 0.00 0.00 0.00 0
20597 0.00 0.00 0.00 0
20608 0.00 0.00 0.00 0
20609 0.00 0.00 0.00 0
20610 0.00 0.00 0.00 0
20611 0.00 0.00 0.00 0
20612 0.00 0.00 0.00 0
20613 0.00 0.00 0.00 0
20614 0.00 0.00 0.00 0
20615 0.00 0.00 0.00 0
20633 0.00 0.00 0.00 0
20634 0.00 0.00 0.00 0
20635 0.00 0.00 0.00 0
20636 0.00 0.00 0.00 0
20637 0.00 0.00 0.00 0
20638 0.00 0.00 0.00 0
20639 0.00 0.00 0.00 0
20644 0.00 0.00 0.00 0
20645 0.00 0.00 0.00 0
20646 0.00 0.00 0.00 0
21651 0.00 0.00 0.00 0
21652 0.00 0.00 0.00 0
21653 0.00 0.00 0.00 0
21663 0.00 0.00 0.00 0
21664 0.00 0.00 0.00 0
21665 0.00 0.00 0.00 0
21666 0.00 0.00 0.00 0
21667 0.00 0.00 0.00 0
21668 0.00 0.00 0.00 0
21669 0.00 0.00 0.00 0
21670 0.00 0.00 0.00 0
21671 0.00 0.00 0.00 0
21683 0.00 0.00 0.00 0
21684 0.00 0.00 0.00 0
21685 0.00 0.00 0.00 0
21686 0.00 0.00 0.00 0
21687 0.00 0.00 0.00 0
21688 0.00 0.00 0.00 0
21689 0.00 0.00 0.00 0
21690 0.00 0.00 0.00 0
21691 0.00 0.00 0.00 0
21692 0.00 0.00 0.00 0
21699 0.00 0.00 0.00 0
21700 0.00 0.00 0.00 0
21701 0.00 0.00 0.00 0
21702 0.00 0.00 0.00 0
21703 0.00 0.00 0.00 0
21712 0.00 0.00 0.00 0
21713 0.00 0.00 0.00 0
21714 0.00 0.00 0.00 0
21715 0.00 0.00 0.00 0
21716 0.00 0.00 0.00 0
21717 0.00 0.00 0.00 0
21718 0.00 0.00 0.00 0
21719 0.00 0.00 0.00 0
21738 0.00 0.00 0.00 0
21739 0.00 0.00 0.00 0
21740 0.00 0.00 0.00 0
21741 0.00 0.00 0.00 0
21742 0.00 0.00 0.00 0
21743 0.00 0.00 0.00 0
21744 0.00 0.00 0.00 0
21745 0.00 0.00 0.00 0
21759 0.00 0.00 0.00 0
21760 0.00 0.00 0.00 0
21761 0.00 0.00 0.00 0
21762 0.00 0.00 0.00 0
21763 0.00 0.00 0.00 0
21764 0.00 0.00 0.00 0
21765 0.00 0.00 0.00 0
21766 0.00 0.00 0.00 0
21778 0.00 0.00 0.00 0
21779 0.00 0.00 0.00 0
21780 0.00 0.00 0.00 0
21781 0.00 0.00 0.00 0
21782 0.00 0.00 0.00 0
21783 0.00 0.00 0.00 0
21784 0.00 0.00 0.00 0
21799 0.00 0.00 0.00 0
21800 0.00 0.00 0.00 0
21801 0.00 0.00 0.00 0
21802 0.00 0.00 0.00 0
21816 0.00 0.00 0.00 0
21817 0.00 0.00 0.00 0
21818 0.00 0.00 0.00 0
21819 0.00 0.00 0.00 0
21820 0.00 0.00 0.00 0
21821 0.00 0.00 0.00 0
21828 0.00 0.00 0.00 0
21829 0.00 0.00 0.00 0
21830 0.00 0.00 0.00 0
21831 0.00 0.00 0.00 0
22811 0.00 0.00 0.00 0
22812 0.00 0.00 0.00 0
22813 0.00 0.00 0.00 0
22814 0.00 0.00 0.00 0
22815 0.00 0.00 0.00 0
22828 0.00 0.00 0.00 0
22829 0.00 0.00 0.00 0
22830 0.00 0.00 0.00 0
22831 0.00 0.00 0.00 0
22832 0.00 0.00 0.00 0
22833 0.00 0.00 0.00 0
22834 0.00 0.00 0.00 0
22835 0.00 0.00 0.00 0
22836 0.00 0.00 0.00 0
22850 0.00 0.00 0.00 0
22851 0.00 0.00 0.00 0
22852 0.00 0.00 0.00 0
22853 0.00 0.00 0.00 0
22854 0.00 0.00 0.00 0
22855 0.00 0.00 0.00 0
22856 0.00 0.00 0.00 0
22857 0.00 0.00 0.00 0
22872 0.00 0.00 0.00 0
22873 0.00 0.00 0.00 0
22874 0.00 0.00 0.00 0
22875 0.00 0.00 0.00 0
22876 0.00 0.00 0.00 0
22877 0.00 0.00 0.00 0
22878 0.00 0.00 0.00 0
22879 0.00 0.00 0.00 0
22880 0.00 0.00 0.00 0
22881 0.00 0.00 0.00 0
22882 0.00 0.00 0.00 0
22883 0.00 0.00 0.00 0
22905 0.00 0.00 0.00 0
22906 0.00 0.00 0.00 0
22907 0.00 0.00 0.00 0
22908 0.00 0.00 0.00 0
22909 0.00 0.00 0.00 0
22910 0.00 0.00 0.00 0
22911 0.00 0.00 0.00 0
22912 0.00 0.00 0.00 0
22913 0.00 0.00 0.00 0
22930 0.00 0.00 0.00 0
22931 0.00 0.00 0.00 0
22932 0.00 0.00 0.00 0
22933 0.00 0.00 0.00 0
22949 0.00 0.00 0.00 0
22950 0.00 0.00 0.00 0
22951 0.00 0.00 0.00 0
22952 0.00 0.00 0.00 0
22953 0.00 0.00 0.00 0
22954 0.00 0.00 0.00 0
22955 0.00 0.00 0.00 0
22956 0.00 0.00 0.00 0
22971 0.00 0.00 0.00 0
22972 0.00 0.00 0.00 0
22973 0.00 0.00 0.00 0
22974 0.00 0.00 0.00 0
22975 0.00 0.00 0.00 0
22976 0.00 0.00 0.00 0
22977 0.00 0.00 0.00 0
22978 0.00 0.00 0.00 0
22987 0.00 0.00 0.00 0
22988 0.00 0.00 0.00 0
22989 0.00 0.00 0.00 0
22990 0.00 0.00 0.00 0
22991 0.00 0.00 0.00 0
22992 0.00 0.00 0.00 0
23001 0.00 0.00 0.00 0
23002 0.00 0.00 0.00 0
23003 0.00 0.00 0.00 0
23004 0.00 0.00 0.00 0
23005 0.00 0.00 0.00 0
23950 0.00 0.00 0.00 0
23951 0.00 0.00 0.00 0
23952 0.00 0.00 0.00 0
23953 0.00 0.00 0.00 0
23954 0.00 0.00 0.00 0
23967 0.00 0.00 0.00 0
23968 0.00 0.00 0.00 0
23969 0.00 0.00 0.00 0
23970 0.00 0.00 0.00 0
23971 0.00 0.00 0.00 0
23972 0.00 0.00 0.00 0
23973 0.00 0.00 0.00 0
23974 0.00 0.00 0.00 0
23975 0.00 0.00 0.00 0
23989 0.00 0.00 0.00 0
23990 0.00 0.00 0.00 0
23991 0.00 0.00 0.00 0
23992 0.00 0.00 0.00 0
23993 0.00 0.00 0.00 0
23994 0.00 0.00 0.00 0
23995 0.00 0.00 0.00 0
23996 0.00 0.00 0.00 0
23997 0.00 0.00 0.00 0
23998 0.00 0.00 0.00 0
23999 0.00 0.00 0.00 0
24000 0.00 0.00 0.00 0
24001 0.00 0.00 0.00 0
24019 0.00 0.00 0.00 0
24020 0.00 0.00 0.00 0
24021 0.00 0.00 0.00 0
24022 0.00 0.00 0.00 0
24023 0.00 0.00 0.00 0
24024 0.00 0.00 0.00 0
24025 0.00 0.00 0.00 0
24026 0.00 0.00 0.00 0
24027 0.00 0.00 0.00 0
24028 0.00 0.00 0.00 0
24029 0.00 0.00 0.00 0
24030 0.00 0.00 0.00 0
24031 0.00 0.00 0.00 0
24032 0.00 0.00 0.00 0
24033 0.00 0.00 0.00 0
24053 0.00 0.00 0.00 0
24054 0.00 0.00 0.00 0
24055 0.00 0.00 0.00 0
24056 0.00 0.00 0.00 0
24057 0.00 0.00 0.00 0
24058 0.00 0.00 0.00 0
24059 0.00 0.00 0.00 0
24070 0.00 0.00 0.00 0
24071 0.00 0.00 0.00 0
24072 0.00 0.00 0.00 0
24073 0.00 0.00 0.00 0
24074 0.00 0.00 0.00 0
24075 0.00 0.00 0.00 0
24083 0.00 0.00 0.00 0
24084 0.00 0.00 0.00 0
24085 0.00 0.00 0.00 0
24086 0.00 0.00 0.00 0
24087 0.00 0.00 0.00 0
24088 0.00 0.00 0.00 0
24089 0.00 0.00 0.00 0
24090 0.00 0.00 0.00 0
24091 0.00 0.00 0.00 0
24092 0.00 0.00 0.00 0
24093 0.00 0.00 0.00 0
24100 0.00 0.00 0.00 0
24101 0.00 0.00 0.00 0
24102 0.00 0.00 0.00 0
24103 0.00 0.00 0.00 0
24104 0.00 0.00 0.00 0
24105 0.00 0.00 0.00 0
24106 0.00 0.00 0.00 0
24107 0.00 0.00 0.00 0
24108 0.00 0.00 0.00 0
24109 0.00 0.00 0.00 0
24110 0.00 0.00 0.00 0
24111 0.00 0.00 0.00 0
24122 0.00 0.00 0.00 0
24123 0.00 0.00 0.00 0
24124 0.00 0.00 0.00 0
24125 0.00 0.00 0.00 0
24126 0.00 0.00 0.00 0
24127 0.00 0.00 0.00 0
24128 0.00 0.00 0.00 0
24129 0.00 0.00 0.00 0
25202 0.00 0.00 0.00 0
25203 0.00 0.00 0.00 0
25204 0.00 0.00 0.00 0
25205 0.00 0.00 0.00 0
25214 0.00 0.00 0.00 0
25215 0.00 0.00 0.00 0
25216 0.00 0.00 0.00 0
25217 0.00 0.00 0.00 0
25218 0.00 0.00 0.00 0
25219 0.00 0.00 0.00 0
25225 0.00 0.00 0.00 0
25226 0.00 0.00 0.00 0
25227 0.00 0.00 0.00 0
25228 0.00 0.00 0.00 0
25235 0.00 0.00 0.00 0
25236 0.00 0.00 0.00 0
25237 0.00 0.00 0.00 0
25238 0.00 0.00 0.00 0
25239 0.00 0.00 0.00 0
25240 0.00 0.00 0.00 0
25241 0.00 0.00 0.00 0
25242 0.00 0.00 0.00 0
25243 0.00 0.00 0.00 0
25244 0.00 0.00 0.00 0
25245 0.00 0.00 0.00 0
25246 0.00 0.00 0.00 0
25247 0.00 0.00 0.00 0
25248 0.00 0.00 0.00 0
25262 0.00 0.00 0.00 0
25263 0.00 0.00 0.00 0
25264 0.00 0.00 0.00 0
25265 0.00 0.00 0.00 0
25266 0.00 0.00 0.00 0
25267 0.00 0.00 0.00 0
25268 0.00 0.00 0.00 0
25269 0.00 0.00 0.00 0
25270 0.00 0.00 0.00 0
25271 0.00 0.00 0.00 0
25272 0.00 0.00 0.00 0
25273 0.00 0.00 0.00 0
25284 0.00 0.00 0.00 0
25285 0.00 0.00 0.00 0
25286 0.00 0.00 0.00 0
25287 0.00 0.00 0.00 0
25288 0.00 0.00 0.00 0
25289 0.00 0.00 0.00 0
25290 0.00 0.00 0.00 0
25291 0.00 0.00 0.00 0
25297 0.00 0.00 0.00 0
25298 0.00 0.00 0.00 0
25299 0.00 0.00 0.00 0
25300 0.00 0.00 0.00 0
25301 0.00 0.00 0.00 0
25302 0.00 0.00 0.00 0
25310 0.00 0.00 0.00 0
25311 0.00 0.00 0.00 0
25312 0.00 0.00 0.00 0
25313 0.00 0.00 0.00 0
25314 0.00 0.00 0.00 0
25315 0.00 0.00 0.00 0
25316 0.00 0.00 0.00 0
25317 0.00 0.00 0.00 0
25318 0.00 0.00 0.00 0
25319 0.00 0.00 0.00 0
25320 0.00 0.00 0.00 0
25321 0.00 0.00 0.00 0
25322 0.00 0.00 0.00 0
25323 0.00 0.00 0.00 0
25334 0.00 0.00 0.00 0
25335 0.00 0.00 0.00 0
25336 0.00 0.00 0.00 0
25337 0.00 0.00 0.00 0
25338 0.00 0.00 0.00 0
25339 0.00 0.00 0.00 0
25340 0.00 0.00 0.00 0
26482 0.00 0.00 0.00 0
26494 0.00 0.00 0.00 0
26495 0.00 0.00 0.00 0
26496 0.00 0.00 0.00 0
26497 0.00 0.00 0.00 0
26498 0.00 0.00 0.00 0
26506 0.00 0.00 0.00 0
26507 0.00 0.00 0.00 0
26508 0.00 0.00 0.00 0
26509 0.00 0.00 0.00 0
26513 0.00 0.00 0.00 0
26514 0.00 0.00 0.00 0
26515 0.00 0.00 0.00 0
26516 0.00 0.00 0.00 0
26517 0.00 0.00 0.00 0
26521 0.00 0.00 0.00 0
26522 0.00 0.00 0.00 0
26523 0.00 0.00 0.00 0
26524 0.00 0.00 0.00 0
26525 0.00 0.00 0.00 0
26526 0.00 0.00 0.00 0
26536 0.00 0.00 0.00 0
26537 0.00 0.00 0.00 0
26538 0.00 0.00 0.00 0
26539 0.00 0.00 0.00 0
26540 0.00 0.00 0.00 0
26541 0.00 0.00 0.00 0
26542 0.00 0.00 0.00 0
26543 0.00 0.00 0.00 0
26544 0.00 0.00 0.00 0
26545 0.00 0.00 0.00 0
26546 0.00 0.00 0.00 0
26547 0.00 0.00 0.00 0
26561 0.00 0.00 0.00 0
26562 0.00 0.00 0.00 0
26563 0.00 0.00 0.00 0
26564 0.00 0.00 0.00 0
26565 0.00 0.00 0.00 0
26566 0.00 0.00 0.00 0
26567 0.00 0.00 0.00 0
26568 0.00 0.00 0.00 0
26569 0.00 0.00 0.00 0
26570 0.00 0.00 0.00 0
26571 0.00 0.00 0.00 0
26579 0.00 0.00 0.00 0
26580 0.00 0.00 0.00 0
26581 0.00 0.00 0.00 0
26582 0.00 0.00 0.00 0
26587 0.00 0.00 0.00 0
26588 0.00 0.00 0.00 0
26589 0.00 0.00 0.00 0
26590 0.00 0.00 0.00 0
26591 0.00 0.00 0.00 0
26592 0.00 0.00 0.00 0
26593 0.00 0.00 0.00 0
26594 0.00 0.00 0.00 0
26595 0.00 0.00 0.00 0
26596 0.00 0.00 0.00 0
26597 0.00 0.00 0.00 0
26598 0.00 0.00 0.00 0
26599 0.00 0.00 0.00 0
26607 0.00 0.00 0.00 0
26608 0.00 0.00 0.00 0
26609 0.00 0.00 0.00 0
26610 0.00 0.00 0.00 0
27781 0.00 0.00 0.00 0
27782 0.00 0.00 0.00 0
27783 0.00 0.00 0.00 0
27784 0.00 0.00 0.00 0
27796 0.00 0.00 0.00 0
27797 0.00 0.00 0.00 0
27798 0.00 0.00 0.00 0
27799 0.00 0.00 0.00 0
27802 0.00 0.00 0.00 0
27803 0.00 0.00 0.00 0
27804 0.00 0.00 0.00 0
27805 0.00 0.00 0.00 0
27811 0.00 0.00 0.00 0
27812 0.00 0.00 0.00 0
27813 0.00 0.00 0.00 0
27814 0.00 0.00 0.00 0
27823 0.00 0.00 0.00 0
27824 0.00 0.00 0.00 0
27825 0.00 0.00 0.00 0
27826 0.00 0.00 0.00 0
27827 0.00 0.00 0.00 0
27828 0.00 0.00 0.00 0
27829 0.00 0.00 0.00 0
27830 0.00 0.00 0.00 0
27831 0.00 0.00 0.00 0
27832 0.00 0.00 0.00 0
27845 0.00 0.00 0.00 0
27846 0.00 0.00 0.00 0
27847 0.00 0.00 0.00 0
27848 0.00 0.00 0.00 0
27849 0.00 0.00 0.00 0
27850 0.00 0.00 0.00 0
27851 0.00 0.00 0.00 0
27852 0.00 0.00 0.00 0
27853 0.00 0.00 0.00 0
27854 0.00 0.00 0.00 0
27855 0.00 0.00 0.00 0
27856 0.00 0.00 0.00 0
27857 0.00 0.00 0.00 0
27858 0.00 0.00 0.00 0
27871 0.00 0.00 0.00 0
27872 0.00 0.00 0.00 0
27873 0.00 0.00 0.00 0
27874 0.00 0.00 0.00 0
27875 0.00 0.00 0.00 0
27881 0.00 0.00 0.00 0
27882 0.00 0.00 0.00 0
27883 0.00 0.00 0.00 0
27884 0.00 0.00 0.00 0
27887 0.00 0.00 0.00 0
27888 0.00 0.00 0.00 0
27889 0.00 0.00 0.00 0
27890 0.00 0.00 0.00 0
27891 0.00 0.00 0.00 0
27892 0.00 0.00 0.00 0
27904 0.00 0.00 0.00 0
27905 0.00 0.00 0.00 0
27906 0.00 0.00 0.00 0
27907 0.00 0.00 0.00 0
29147 0.00 0.00 0.00 0
29156 0.00 0.00 0.00 0
29157 0.00 0.00 0.00 0
29158 0.00 0.00 0.00 0
29168 0.00 0.00 0.00 0
29169 0.00 0.00 0.00 0
29170 0.00 0.00 0.00 0
29171 0.00 0.00 0.00 0
29174 0.00 0.00 0.00 0
29175 0.00 0.00 0.00 0
29176 0.00 0.00 0.00 0
29177 0.00 0.00 0.00 0
29186 0.00 0.00 0.00 0
29187 0.00 0.00 0.00 0
29188 0.00 0.00 0.00 0
29197 0.00 0.00 0.00 0
29198 0.00 0.00 0.00 0
29199 0.00 0.00 0.00 0
29200 0.00 0.00 0.00 0
29201 0.00 0.00 0.00 0
29204 0.00 0.00 0.00 0
29205 0.00 0.00 0.00 0
29206 0.00 0.00 0.00 0
29207 0.00 0.00 0.00 0
29217 0.00 0.00 0.00 0
29218 0.00 0.00 0.00 0
29219 0.00 0.00 0.00 0
29220 0.00 0.00 0.00 0
29221 0.00 0.00 0.00 0
29222 0.00 0.00 0.00 0
29223 0.00 0.00 0.00 0
29224 0.00 0.00 0.00 0
29225 0.00 0.00 0.00 0
29226 0.00 0.00 0.00 0
29227 0.00 0.00 0.00 0
29228 0.00 0.00 0.00 0
29229 0.00 0.00 0.00 0
29230 0.00 0.00 0.00 0
29243 0.00 0.00 0.00 0
29244 0.00 0.00 0.00 0
29245 0.00 0.00 0.00 0
29246 0.00 0.00 0.00 0
29247 0.00 0.00 0.00 0
29248 0.00 0.00 0.00 0
29263 0.00 0.00 0.00 0
29264 0.00 0.00 0.00 0
29265 0.00 0.00 0.00 0
29266 0.00 0.00 0.00 0
29267 0.00 0.00 0.00 0
29274 0.00 0.00 0.00 0
30487 0.00 0.00 0.00 0
30488 0.00 0.00 0.00 0
30500 0.00 0.00 0.00 0
30501 0.00 0.00 0.00 0
30504 0.00 0.00 0.00 0
30505 0.00 0.00 0.00 0
30506 0.00 0.00 0.00 0
30507 0.00 0.00 0.00 0
30515 0.00 0.00 0.00 0
30521 0.00 0.00 0.00 0
30522 0.00 0.00 0.00 0
30529 0.00 0.00 0.00 0
30530 0.00 0.00 0.00 0
30531 0.00 0.00 0.00 0
30532 0.00 0.00 0.00 0
30533 0.00 0.00 0.00 0
30534 0.00 0.00 0.00 0
30535 0.00 0.00 0.00 0
30536 0.00 0.00 0.00 0
30537 0.00 0.00 0.00 0
30538 0.00 0.00 0.00 0
30539 0.00 0.00 0.00 0
30544 0.00 0.00 0.00 0
30551 0.00 0.00 0.00 0
30552 0.00 0.00 0.00 0
30553 0.00 0.00 0.00 0
30554 0.00 0.00 0.00 0
30555 0.00 0.00 0.00 0
30556 0.00 0.00 0.00 0
30557 0.00 0.00 0.00 0
30562 0.00 0.00 0.00 0
30563 0.00 0.00 0.00 0
30596 0.00 0.00 0.00 0
30597 0.00 0.00 0.00 0
30598 0.00 0.00 0.00 0
31775 0.00 0.00 0.00 0
31776 0.00 0.00 0.00 0
31777 0.00 0.00 0.00 0
31783 0.00 0.00 0.00 0
31789 0.00 0.00 0.00 0
31790 0.00 0.00 0.00 0
31791 0.00 0.00 0.00 0
31792 0.00 0.00 0.00 0
31793 0.00 0.00 0.00 0
31794 0.00 0.00 0.00 0
31795 0.00 0.00 0.00 0
31800 0.00 0.00 0.00 0
31806 0.00 0.00 0.00 0
31807 0.00 0.00 0.00 0
31808 0.00 0.00 0.00 0
31809 0.00 0.00 0.00 0
31810 0.00 0.00 0.00 0
31811 0.00 0.00 0.00 0
31812 0.00 0.00 0.00 0
