# posteriorcingulate
2434
51810 0.00 0.00 0.00 0
51811 0.00 0.00 0.00 0
51812 0.00 0.00 0.00 0
51813 0.00 0.00 0.00 0
51823 0.00 0.00 0.00 0
51824 0.00 0.00 0.00 0
51825 0.00 0.00 0.00 0
51826 0.00 0.00 0.00 0
51827 0.00 0.00 0.00 0
51828 0.00 0.00 0.00 0
53009 0.00 0.00 0.00 0
53010 0.00 0.00 0.00 0
53030 0.00 0.00 0.00 0
53031 0.00 0.00 0.00 0
53032 0.00 0.00 0.00 0
53049 0.00 0.00 0.00 0
53050 0.00 0.00 0.00 0
53051 0.00 0.00 0.00 0
53052 0.00 0.00 0.00 0
53053 0.00 0.00 0.00 0
53054 0.00 0.00 0.00 0
53055 0.00 0.00 0.00 0
54247 0.00 0.00 0.00 0
54248 0.00 0.00 0.00 0
54249 0.00 0.00 0.00 0
54266 0.00 0.00 0.00 0
54267 0.00 0.00 0.00 0
54268 0.00 0.00 0.00 0
54269 0.00 0.00 0.00 0
54270 0.00 0.00 0.00 0
54289 0.00 0.00 0.00 0
54290 0.00 0.00 0.00 0
54291 0.00 0.00 0.00 0
54292 0.00 0.00 0.00 0
54293 0.00 0.00 0.00 0
54294 0.00 0.00 0.00 0
54295 0.00 0.00 0.00 0
54306 0.00 0.00 0.00 0
54307 0.00 0.00 0.00 0
55436 0.00 0.00 0.00 0
55437 0.00 0.00 0.00 0
55438 0.00 0.00 0.00 0
55451 0.00 0.00 0.00 0
55452 0.00 0.00 0.00 0
55453 0.00 0.00 0.00 0
55461 0.00 0.00 0.00 0
55462 0.00 0.00 0.00 0
55463 0.00 0.00 0.00 0
55464 0.00 0.00 0.00 0
55472 0.00 0.00 0.00 0
55473 0.00 0.00 0.00 0
55474 0.00 0.00 0.00 0
55475 0.00 0.00 0.00 0
55476 0.00 0.00 0.00 0
55489 0.00 0.00 0.00 0
55490 0.00 0.00 0.00 0
55491 0.00 0.00 0.00 0
55492 0.00 0.00 0.00 0
55493 0.00 0.00 0.00 0
55514 0.00 0.00 0.00 0
55515 0.00 0.00 0.00 0
55516 0.00 0.00 0.00 0
55517 0.00 0.00 0.00 0
55518 0.00 0.00 0.00 0
55530 0.00 0.00 0.00 0
55531 0.00 0.00 0.00 0
55532 0.00 0.00 0.00 0
56692 0.00 0.00 0.00 0
56693 0.00 0.00 0.00 0
56694 0.00 0.00 0.00 0
56717 0.00 0.00 0.00 0
56718 0.00 0.00 0.00 0
56719 0.00 0.00 0.00 0
56720 0.00 0.00 0.00 0
56740 0.00 0.00 0.00 0
56741 0.00 0.00 0.00 0
56742 0.00 0.00 0.00 0
56754 0.00 0.00 0.00 0
56755 0.00 0.00 0.00 0
56756 0.00 0.00 0.00 0
56757 0.00 0.00 0.00 0
56758 0.00 0.00 0.00 0
56771 0.00 0.00 0.00 0
56772 0.00 0.00 0.00 0
56773 0.00 0.00 0.00 0
56774 0.00 0.00 0.00 0
56775 0.00 0.00 0.00 0
56776 0.00 0.00 0.00 0
56777 0.00 0.00 0.00 0
56789 0.00 0.00 0.00 0
56790 0.00 0.00 0.00 0
56791 0.00 0.00 0.00 0
56792 0.00 0.00 0.00 0
56793 0.00 0.00 0.00 0
56794 0.00 0.00 0.00 0
56795 0.00 0.00 0.00 0
56816 0.00 0.00 0.00 0
56817 0.00 0.00 0.00 0
56818 0.00 0.00 0.00 0
56819 0.00 0.00 0.00 0
56820 0.00 0.00 0.00 0
56821 0.00 0.00 0.00 0
56822 0.00 0.00 0.00 0
56834 0.00 0.00 0.00 0
58032 0.00 0.00 0.00 0
58033 0.00 0.00 0.00 0
58034 0.00 0.00 0.00 0
58035 0.00 0.00 0.00 0
58064 0.00 0.00 0.00 0
58065 0.00 0.00 0.00 0
58066 0.00 0.00 0.00 0
58067 0.00 0.00 0.00 0
58068 0.00 0.00 0.00 0
58092 0.00 0.00 0.00 0
58093 0.00 0.00 0.00 0
58094 0.00 0.00 0.00 0
58095 0.00 0.00 0.00 0
58115 0.00 0.00 0.00 0
58116 0.00 0.00 0.00 0
58117 0.00 0.00 0.00 0
58118 0.00 0.00 0.00 0
58136 0.00 0.00 0.00 0
58137 0.00 0.00 0.00 0
58138 0.00 0.00 0.00 0
58139 0.00 0.00 0.00 0
58140 0.00 0.00 0.00 0
58141 0.00 0.00 0.00 0
58162 0.00 0.00 0.00 0
58163 0.00 0.00 0.00 0
58164 0.00 0.00 0.00 0
58165 0.00 0.00 0.00 0
58166 0.00 0.00 0.00 0
58167 0.00 0.00 0.00 0
58168 0.00 0.00 0.00 0
58169 0.00 0.00 0.00 0
58188 0.00 0.00 0.00 0
58189 0.00 0.00 0.00 0
58190 0.00 0.00 0.00 0
58191 0.00 0.00 0.00 0
58192 0.00 0.00 0.00 0
58193 0.00 0.00 0.00 0
58210 0.00 0.00 0.00 0
58211 0.00 0.00 0.00 0
58212 0.00 0.00 0.00 0
58213 0.00 0.00 0.00 0
58214 0.00 0.00 0.00 0
59389 0.00 0.00 0.00 0
59390 0.00 0.00 0.00 0
59391 0.00 0.00 0.00 0
59392 0.00 0.00 0.00 0
59415 0.00 0.00 0.00 0
59416 0.00 0.00 0.00 0
59417 0.00 0.00 0.00 0
59418 0.00 0.00 0.00 0
59419 0.00 0.00 0.00 0
59440 0.00 0.00 0.00 0
59441 0.00 0.00 0.00 0
59442 0.00 0.00 0.00 0
59443 0.00 0.00 0.00 0
59444 0.00 0.00 0.00 0
59462 0.00 0.00 0.00 0
59463 0.00 0.00 0.00 0
59464 0.00 0.00 0.00 0
59465 0.00 0.00 0.00 0
59481 0.00 0.00 0.00 0
59482 0.00 0.00 0.00 0
59483 0.00 0.00 0.00 0
59484 0.00 0.00 0.00 0
59485 0.00 0.00 0.00 0
59496 0.00 0.00 0.00 0
59497 0.00 0.00 0.00 0
59498 0.00 0.00 0.00 0
59499 0.00 0.00 0.00 0
59508 0.00 0.00 0.00 0
59509 0.00 0.00 0.00 0
59517 0.00 0.00 0.00 0
59518 0.00 0.00 0.00 0
59519 0.00 0.00 0.00 0
59520 0.00 0.00 0.00 0
59523 0.00 0.00 0.00 0
59530 0.00 0.00 0.00 0
60626 0.00 0.00 0.00 0
60627 0.00 0.00 0.00 0
60628 0.00 0.00 0.00 0
60629 0.00 0.00 0.00 0
60642 0.00 0.00 0.00 0
60643 0.00 0.00 0.00 0
60644 0.00 0.00 0.00 0
60645 0.00 0.00 0.00 0
60646 0.00 0.00 0.00 0
60662 0.00 0.00 0.00 0
60663 0.00 0.00 0.00 0
60664 0.00 0.00 0.00 0
60665 0.00 0.00 0.00 0
60666 0.00 0.00 0.00 0
60667 0.00 0.00 0.00 0
60684 0.00 0.00 0.00 0
60685 0.00 0.00 0.00 0
60686 0.00 0.00 0.00 0
60687 0.00 0.00 0.00 0
60706 0.00 0.00 0.00 0
60707 0.00 0.00 0.00 0
60708 0.00 0.00 0.00 0
60709 0.00 0.00 0.00 0
60710 0.00 0.00 0.00 0
60723 0.00 0.00 0.00 0
60724 0.00 0.00 0.00 0
60725 0.00 0.00 0.00 0
60726 0.00 0.00 0.00 0
60732 0.00 0.00 0.00 0
60733 0.00 0.00 0.00 0
60736 0.00 0.00 0.00 0
60737 0.00 0.00 0.00 0
60738 0.00 0.00 0.00 0
60739 0.00 0.00 0.00 0
60740 0.00 0.00 0.00 0
60743 0.00 0.00 0.00 0
60744 0.00 0.00 0.00 0
60745 0.00 0.00 0.00 0
60746 0.00 0.00 0.00 0
61869 0.00 0.00 0.00 0
61870 0.00 0.00 0.00 0
61871 0.00 0.00 0.00 0
61884 0.00 0.00 0.00 0
61885 0.00 0.00 0.00 0
61886 0.00 0.00 0.00 0
61887 0.00 0.00 0.00 0
61901 0.00 0.00 0.00 0
61902 0.00 0.00 0.00 0
61903 0.00 0.00 0.00 0
61904 0.00 0.00 0.00 0
61905 0.00 0.00 0.00 0
61906 0.00 0.00 0.00 0
61923 0.00 0.00 0.00 0
61924 0.00 0.00 0.00 0
61925 0.00 0.00 0.00 0
61926 0.00 0.00 0.00 0
61927 0.00 0.00 0.00 0
61928 0.00 0.00 0.00 0
61929 0.00 0.00 0.00 0
61944 0.00 0.00 0.00 0
61945 0.00 0.00 0.00 0
61946 0.00 0.00 0.00 0
61947 0.00 0.00 0.00 0
61948 0.00 0.00 0.00 0
61949 0.00 0.00 0.00 0
61950 0.00 0.00 0.00 0
61963 0.00 0.00 0.00 0
61964 0.00 0.00 0.00 0
61965 0.00 0.00 0.00 0
61966 0.00 0.00 0.00 0
61976 0.00 0.00 0.00 0
61982 0.00 0.00 0.00 0
61983 0.00 0.00 0.00 0
61986 0.00 0.00 0.00 0
61987 0.00 0.00 0.00 0
61988 0.00 0.00 0.00 0
63089 0.00 0.00 0.00 0
63090 0.00 0.00 0.00 0
63091 0.00 0.00 0.00 0
63103 0.00 0.00 0.00 0
63104 0.00 0.00 0.00 0
63105 0.00 0.00 0.00 0
63106 0.00 0.00 0.00 0
63119 0.00 0.00 0.00 0
63120 0.00 0.00 0.00 0
63121 0.00 0.00 0.00 0
63122 0.00 0.00 0.00 0
63137 0.00 0.00 0.00 0
63138 0.00 0.00 0.00 0
63139 0.00 0.00 0.00 0
63140 0.00 0.00 0.00 0
63141 0.00 0.00 0.00 0
63142 0.00 0.00 0.00 0
63152 0.00 0.00 0.00 0
63153 0.00 0.00 0.00 0
63154 0.00 0.00 0.00 0
63155 0.00 0.00 0.00 0
63156 0.00 0.00 0.00 0
63157 0.00 0.00 0.00 0
63158 0.00 0.00 0.00 0
63168 0.00 0.00 0.00 0
63169 0.00 0.00 0.00 0
63182 0.00 0.00 0.00 0
63195 0.00 0.00 0.00 0
63196 0.00 0.00 0.00 0
63207 0.00 0.00 0.00 0
63208 0.00 0.00 0.00 0
63209 0.00 0.00 0.00 0
63223 0.00 0.00 0.00 0
63224 0.00 0.00 0.00 0
64332 0.00 0.00 0.00 0
64333 0.00 0.00 0.00 0
64334 0.00 0.00 0.00 0
64347 0.00 0.00 0.00 0
64348 0.00 0.00 0.00 0
64349 0.00 0.00 0.00 0
64350 0.00 0.00 0.00 0
64351 0.00 0.00 0.00 0
64366 0.00 0.00 0.00 0
64367 0.00 0.00 0.00 0
64368 0.00 0.00 0.00 0
64369 0.00 0.00 0.00 0
64370 0.00 0.00 0.00 0
64371 0.00 0.00 0.00 0
64388 0.00 0.00 0.00 0
64389 0.00 0.00 0.00 0
64390 0.00 0.00 0.00 0
64391 0.00 0.00 0.00 0
64392 0.00 0.00 0.00 0
64393 0.00 0.00 0.00 0
64412 0.00 0.00 0.00 0
64413 0.00 0.00 0.00 0
64431 0.00 0.00 0.00 0
64432 0.00 0.00 0.00 0
64433 0.00 0.00 0.00 0
64434 0.00 0.00 0.00 0
64452 0.00 0.00 0.00 0
64453 0.00 0.00 0.00 0
64454 0.00 0.00 0.00 0
64455 0.00 0.00 0.00 0
64472 0.00 0.00 0.00 0
64473 0.00 0.00 0.00 0
64474 0.00 0.00 0.00 0
64475 0.00 0.00 0.00 0
64476 0.00 0.00 0.00 0
64492 0.00 0.00 0.00 0
64493 0.00 0.00 0.00 0
64494 0.00 0.00 0.00 0
64495 0.00 0.00 0.00 0
64496 0.00 0.00 0.00 0
64497 0.00 0.00 0.00 0
64498 0.00 0.00 0.00 0
64499 0.00 0.00 0.00 0
64513 0.00 0.00 0.00 0
64514 0.00 0.00 0.00 0
64515 0.00 0.00 0.00 0
64516 0.00 0.00 0.00 0
64517 0.00 0.00 0.00 0
64518 0.00 0.00 0.00 0
64519 0.00 0.00 0.00 0
64520 0.00 0.00 0.00 0
64534 0.00 0.00 0.00 0
64535 0.00 0.00 0.00 0
64536 0.00 0.00 0.00 0
64547 0.00 0.00 0.00 0
64548 0.00 0.00 0.00 0
64558 0.00 0.00 0.00 0
64570 0.00 0.00 0.00 0
64571 0.00 0.00 0.00 0
64583 0.00 0.00 0.00 0
64584 0.00 0.00 0.00 0
64596 0.00 0.00 0.00 0
64597 0.00 0.00 0.00 0
64613 0.00 0.00 0.00 0
64639 0.00 0.00 0.00 0
64640 0.00 0.00 0.00 0
64641 0.00 0.00 0.00 0
65746 0.00 0.00 0.00 0
65747 0.00 0.00 0.00 0
65748 0.00 0.00 0.00 0
65765 0.00 0.00 0.00 0
65766 0.00 0.00 0.00 0
65767 0.00 0.00 0.00 0
65768 0.00 0.00 0.00 0
65769 0.00 0.00 0.00 0
65770 0.00 0.00 0.00 0
65771 0.00 0.00 0.00 0
65772 0.00 0.00 0.00 0
65773 0.00 0.00 0.00 0
65774 0.00 0.00 0.00 0
65793 0.00 0.00 0.00 0
65794 0.00 0.00 0.00 0
65795 0.00 0.00 0.00 0
65796 0.00 0.00 0.00 0
65797 0.00 0.00 0.00 0
65798 0.00 0.00 0.00 0
65799 0.00 0.00 0.00 0
65800 0.00 0.00 0.00 0
65822 0.00 0.00 0.00 0
65823 0.00 0.00 0.00 0
65824 0.00 0.00 0.00 0
65825 0.00 0.00 0.00 0
65826 0.00 0.00 0.00 0
65827 0.00 0.00 0.00 0
65828 0.00 0.00 0.00 0
65829 0.00 0.00 0.00 0
65830 0.00 0.00 0.00 0
65831 0.00 0.00 0.00 0
65850 0.00 0.00 0.00 0
65851 0.00 0.00 0.00 0
65852 0.00 0.00 0.00 0
65853 0.00 0.00 0.00 0
65854 0.00 0.00 0.00 0
65855 0.00 0.00 0.00 0
65856 0.00 0.00 0.00 0
65857 0.00 0.00 0.00 0
65858 0.00 0.00 0.00 0
65859 0.00 0.00 0.00 0
65877 0.00 0.00 0.00 0
65878 0.00 0.00 0.00 0
65879 0.00 0.00 0.00 0
65880 0.00 0.00 0.00 0
65881 0.00 0.00 0.00 0
65882 0.00 0.00 0.00 0
65883 0.00 0.00 0.00 0
65884 0.00 0.00 0.00 0
65885 0.00 0.00 0.00 0
65902 0.00 0.00 0.00 0
65903 0.00 0.00 0.00 0
65904 0.00 0.00 0.00 0
65905 0.00 0.00 0.00 0
65906 0.00 0.00 0.00 0
65907 0.00 0.00 0.00 0
65924 0.00 0.00 0.00 0
65925 0.00 0.00 0.00 0
65926 0.00 0.00 0.00 0
65927 0.00 0.00 0.00 0
65928 0.00 0.00 0.00 0
65929 0.00 0.00 0.00 0
65930 0.00 0.00 0.00 0
65931 0.00 0.00 0.00 0
65948 0.00 0.00 0.00 0
65949 0.00 0.00 0.00 0
65950 0.00 0.00 0.00 0
65951 0.00 0.00 0.00 0
65952 0.00 0.00 0.00 0
65953 0.00 0.00 0.00 0
65954 0.00 0.00 0.00 0
65955 0.00 0.00 0.00 0
65965 0.00 0.00 0.00 0
65966 0.00 0.00 0.00 0
65967 0.00 0.00 0.00 0
65968 0.00 0.00 0.00 0
65969 0.00 0.00 0.00 0
65970 0.00 0.00 0.00 0
65984 0.00 0.00 0.00 0
65985 0.00 0.00 0.00 0
66000 0.00 0.00 0.00 0
66001 0.00 0.00 0.00 0
66015 0.00 0.00 0.00 0
66016 0.00 0.00 0.00 0
66025 0.00 0.00 0.00 0
66026 0.00 0.00 0.00 0
66035 0.00 0.00 0.00 0
66042 0.00 0.00 0.00 0
66043 0.00 0.00 0.00 0
66051 0.00 0.00 0.00 0
66063 0.00 0.00 0.00 0
66075 0.00 0.00 0.00 0
66076 0.00 0.00 0.00 0
66077 0.00 0.00 0.00 0
66078 0.00 0.00 0.00 0
66093 0.00 0.00 0.00 0
66094 0.00 0.00 0.00 0
66095 0.00 0.00 0.00 0
66108 0.00 0.00 0.00 0
66109 0.00 0.00 0.00 0
67187 0.00 0.00 0.00 0
67188 0.00 0.00 0.00 0
67189 0.00 0.00 0.00 0
67190 0.00 0.00 0.00 0
67203 0.00 0.00 0.00 0
67204 0.00 0.00 0.00 0
67205 0.00 0.00 0.00 0
67206 0.00 0.00 0.00 0
67207 0.00 0.00 0.00 0
67208 0.00 0.00 0.00 0
67209 0.00 0.00 0.00 0
67210 0.00 0.00 0.00 0
67211 0.00 0.00 0.00 0
67212 0.00 0.00 0.00 0
67213 0.00 0.00 0.00 0
67214 0.00 0.00 0.00 0
67226 0.00 0.00 0.00 0
67227 0.00 0.00 0.00 0
67228 0.00 0.00 0.00 0
67240 0.00 0.00 0.00 0
67241 0.00 0.00 0.00 0
67252 0.00 0.00 0.00 0
67253 0.00 0.00 0.00 0
67254 0.00 0.00 0.00 0
67255 0.00 0.00 0.00 0
67256 0.00 0.00 0.00 0
67257 0.00 0.00 0.00 0
67258 0.00 0.00 0.00 0
67269 0.00 0.00 0.00 0
67270 0.00 0.00 0.00 0
67271 0.00 0.00 0.00 0
67272 0.00 0.00 0.00 0
67273 0.00 0.00 0.00 0
67274 0.00 0.00 0.00 0
67275 0.00 0.00 0.00 0
67276 0.00 0.00 0.00 0
67277 0.00 0.00 0.00 0
67288 0.00 0.00 0.00 0
67289 0.00 0.00 0.00 0
67290 0.00 0.00 0.00 0
67291 0.00 0.00 0.00 0
67292 0.00 0.00 0.00 0
67293 0.00 0.00 0.00 0
67294 0.00 0.00 0.00 0
67295 0.00 0.00 0.00 0
67296 0.00 0.00 0.00 0
67307 0.00 0.00 0.00 0
67308 0.00 0.00 0.00 0
67309 0.00 0.00 0.00 0
67310 0.00 0.00 0.00 0
67311 0.00 0.00 0.00 0
67312 0.00 0.00 0.00 0
67313 0.00 0.00 0.00 0
67314 0.00 0.00 0.00 0
67315 0.00 0.00 0.00 0
67328 0.00 0.00 0.00 0
67329 0.00 0.00 0.00 0
67330 0.00 0.00 0.00 0
67331 0.00 0.00 0.00 0
67332 0.00 0.00 0.00 0
67333 0.00 0.00 0.00 0
67345 0.00 0.00 0.00 0
67346 0.00 0.00 0.00 0
67347 0.00 0.00 0.00 0
67358 0.00 0.00 0.00 0
67359 0.00 0.00 0.00 0
67360 0.00 0.00 0.00 0
67361 0.00 0.00 0.00 0
67373 0.00 0.00 0.00 0
67374 0.00 0.00 0.00 0
67388 0.00 0.00 0.00 0
67389 0.00 0.00 0.00 0
67390 0.00 0.00 0.00 0
67401 0.00 0.00 0.00 0
67402 0.00 0.00 0.00 0
67409 0.00 0.00 0.00 0
67416 0.00 0.00 0.00 0
67417 0.00 0.00 0.00 0
67425 0.00 0.00 0.00 0
67433 0.00 0.00 0.00 0
67434 0.00 0.00 0.00 0
67435 0.00 0.00 0.00 0
67436 0.00 0.00 0.00 0
67437 0.00 0.00 0.00 0
67446 0.00 0.00 0.00 0
67447 0.00 0.00 0.00 0
67448 0.00 0.00 0.00 0
67449 0.00 0.00 0.00 0
67464 0.00 0.00 0.00 0
67465 0.00 0.00 0.00 0
67466 0.00 0.00 0.00 0
67467 0.00 0.00 0.00 0
67480 0.00 0.00 0.00 0
67481 0.00 0.00 0.00 0
67494 0.00 0.00 0.00 0
67495 0.00 0.00 0.00 0
67496 0.00 0.00 0.00 0
67497 0.00 0.00 0.00 0
67503 0.00 0.00 0.00 0
67504 0.00 0.00 0.00 0
67505 0.00 0.00 0.00 0
67506 0.00 0.00 0.00 0
67507 0.00 0.00 0.00 0
67508 0.00 0.00 0.00 0
68541 0.00 0.00 0.00 0
68542 0.00 0.00 0.00 0
68543 0.00 0.00 0.00 0
68552 0.00 0.00 0.00 0
68553 0.00 0.00 0.00 0
68554 0.00 0.00 0.00 0
68555 0.00 0.00 0.00 0
68556 0.00 0.00 0.00 0
68557 0.00 0.00 0.00 0
68558 0.00 0.00 0.00 0
68559 0.00 0.00 0.00 0
68560 0.00 0.00 0.00 0
68561 0.00 0.00 0.00 0
68562 0.00 0.00 0.00 0
68572 0.00 0.00 0.00 0
68573 0.00 0.00 0.00 0
68574 0.00 0.00 0.00 0
68575 0.00 0.00 0.00 0
68576 0.00 0.00 0.00 0
68577 0.00 0.00 0.00 0
68578 0.00 0.00 0.00 0
68579 0.00 0.00 0.00 0
68586 0.00 0.00 0.00 0
68587 0.00 0.00 0.00 0
68588 0.00 0.00 0.00 0
68589 0.00 0.00 0.00 0
68597 0.00 0.00 0.00 0
68598 0.00 0.00 0.00 0
68609 0.00 0.00 0.00 0
68610 0.00 0.00 0.00 0
68619 0.00 0.00 0.00 0
68620 0.00 0.00 0.00 0
68629 0.00 0.00 0.00 0
68630 0.00 0.00 0.00 0
68638 0.00 0.00 0.00 0
68639 0.00 0.00 0.00 0
68640 0.00 0.00 0.00 0
68641 0.00 0.00 0.00 0
68651 0.00 0.00 0.00 0
68652 0.00 0.00 0.00 0
68653 0.00 0.00 0.00 0
68661 0.00 0.00 0.00 0
68662 0.00 0.00 0.00 0
68663 0.00 0.00 0.00 0
68672 0.00 0.00 0.00 0
68673 0.00 0.00 0.00 0
68674 0.00 0.00 0.00 0
68685 0.00 0.00 0.00 0
68686 0.00 0.00 0.00 0
68687 0.00 0.00 0.00 0
68697 0.00 0.00 0.00 0
68698 0.00 0.00 0.00 0
68699 0.00 0.00 0.00 0
68705 0.00 0.00 0.00 0
68706 0.00 0.00 0.00 0
68713 0.00 0.00 0.00 0
68714 0.00 0.00 0.00 0
68722 0.00 0.00 0.00 0
68730 0.00 0.00 0.00 0
68731 0.00 0.00 0.00 0
68732 0.00 0.00 0.00 0
68733 0.00 0.00 0.00 0
68734 0.00 0.00 0.00 0
68743 0.00 0.00 0.00 0
68744 0.00 0.00 0.00 0
68745 0.00 0.00 0.00 0
68746 0.00 0.00 0.00 0
68757 0.00 0.00 0.00 0
68758 0.00 0.00 0.00 0
68759 0.00 0.00 0.00 0
68760 0.00 0.00 0.00 0
68761 0.00 0.00 0.00 0
68762 0.00 0.00 0.00 0
68772 0.00 0.00 0.00 0
68773 0.00 0.00 0.00 0
68774 0.00 0.00 0.00 0
68784 0.00 0.00 0.00 0
68785 0.00 0.00 0.00 0
68786 0.00 0.00 0.00 0
68787 0.00 0.00 0.00 0
68788 0.00 0.00 0.00 0
68789 0.00 0.00 0.00 0
68796 0.00 0.00 0.00 0
68797 0.00 0.00 0.00 0
68798 0.00 0.00 0.00 0
68799 0.00 0.00 0.00 0
68800 0.00 0.00 0.00 0
69700 0.00 0.00 0.00 0
69708 0.00 0.00 0.00 0
69709 0.00 0.00 0.00 0
69710 0.00 0.00 0.00 0
69711 0.00 0.00 0.00 0
69712 0.00 0.00 0.00 0
69713 0.00 0.00 0.00 0
69721 0.00 0.00 0.00 0
69722 0.00 0.00 0.00 0
69723 0.00 0.00 0.00 0
69724 0.00 0.00 0.00 0
69725 0.00 0.00 0.00 0
69726 0.00 0.00 0.00 0
69727 0.00 0.00 0.00 0
69728 0.00 0.00 0.00 0
69729 0.00 0.00 0.00 0
69730 0.00 0.00 0.00 0
69739 0.00 0.00 0.00 0
69740 0.00 0.00 0.00 0
69741 0.00 0.00 0.00 0
69742 0.00 0.00 0.00 0
69743 0.00 0.00 0.00 0
69744 0.00 0.00 0.00 0
69745 0.00 0.00 0.00 0
69757 0.00 0.00 0.00 0
69758 0.00 0.00 0.00 0
69759 0.00 0.00 0.00 0
69760 0.00 0.00 0.00 0
69761 0.00 0.00 0.00 0
69762 0.00 0.00 0.00 0
69763 0.00 0.00 0.00 0
69778 0.00 0.00 0.00 0
69779 0.00 0.00 0.00 0
69780 0.00 0.00 0.00 0
69795 0.00 0.00 0.00 0
69796 0.00 0.00 0.00 0
69810 0.00 0.00 0.00 0
69825 0.00 0.00 0.00 0
69826 0.00 0.00 0.00 0
69841 0.00 0.00 0.00 0
69842 0.00 0.00 0.00 0
69843 0.00 0.00 0.00 0
69844 0.00 0.00 0.00 0
69855 0.00 0.00 0.00 0
69856 0.00 0.00 0.00 0
69857 0.00 0.00 0.00 0
69867 0.00 0.00 0.00 0
69868 0.00 0.00 0.00 0
69876 0.00 0.00 0.00 0
69884 0.00 0.00 0.00 0
69885 0.00 0.00 0.00 0
69886 0.00 0.00 0.00 0
69889 0.00 0.00 0.00 0
69890 0.00 0.00 0.00 0
69891 0.00 0.00 0.00 0
69898 0.00 0.00 0.00 0
69899 0.00 0.00 0.00 0
69906 0.00 0.00 0.00 0
69907 0.00 0.00 0.00 0
69908 0.00 0.00 0.00 0
69909 0.00 0.00 0.00 0
69910 0.00 0.00 0.00 0
69911 0.00 0.00 0.00 0
69918 0.00 0.00 0.00 0
69919 0.00 0.00 0.00 0
69920 0.00 0.00 0.00 0
69921 0.00 0.00 0.00 0
69922 0.00 0.00 0.00 0
69923 0.00 0.00 0.00 0
69932 0.00 0.00 0.00 0
69933 0.00 0.00 0.00 0
69934 0.00 0.00 0.00 0
69935 0.00 0.00 0.00 0
69936 0.00 0.00 0.00 0
69945 0.00 0.00 0.00 0
69946 0.00 0.00 0.00 0
69947 0.00 0.00 0.00 0
69948 0.00 0.00 0.00 0
69949 0.00 0.00 0.00 0
69958 0.00 0.00 0.00 0
69959 0.00 0.00 0.00 0
69960 0.00 0.00 0.00 0
69969 0.00 0.00 0.00 0
69970 0.00 0.00 0.00 0
69971 0.00 0.00 0.00 0
69972 0.00 0.00 0.00 0
69973 0.00 0.00 0.00 0
69974 0.00 0.00 0.00 0
69975 0.00 0.00 0.00 0
69985 0.00 0.00 0.00 0
69986 0.00 0.00 0.00 0
69987 0.00 0.00 0.00 0
70976 0.00 0.00 0.00 0
70977 0.00 0.00 0.00 0
70989 0.00 0.00 0.00 0
70990 0.00 0.00 0.00 0
70991 0.00 0.00 0.00 0
70992 0.00 0.00 0.00 0
70993 0.00 0.00 0.00 0
70994 0.00 0.00 0.00 0
70995 0.00 0.00 0.00 0
71009 0.00 0.00 0.00 0
71010 0.00 0.00 0.00 0
71011 0.00 0.00 0.00 0
71012 0.00 0.00 0.00 0
71013 0.00 0.00 0.00 0
71014 0.00 0.00 0.00 0
71015 0.00 0.00 0.00 0
71016 0.00 0.00 0.00 0
71036 0.00 0.00 0.00 0
71037 0.00 0.00 0.00 0
71038 0.00 0.00 0.00 0
71039 0.00 0.00 0.00 0
71040 0.00 0.00 0.00 0
71041 0.00 0.00 0.00 0
71042 0.00 0.00 0.00 0
71063 0.00 0.00 0.00 0
71064 0.00 0.00 0.00 0
71065 0.00 0.00 0.00 0
71082 0.00 0.00 0.00 0
71083 0.00 0.00 0.00 0
71084 0.00 0.00 0.00 0
71101 0.00 0.00 0.00 0
71102 0.00 0.00 0.00 0
71118 0.00 0.00 0.00 0
71132 0.00 0.00 0.00 0
71133 0.00 0.00 0.00 0
71143 0.00 0.00 0.00 0
71144 0.00 0.00 0.00 0
71145 0.00 0.00 0.00 0
71153 0.00 0.00 0.00 0
71154 0.00 0.00 0.00 0
71161 0.00 0.00 0.00 0
71162 0.00 0.00 0.00 0
71171 0.00 0.00 0.00 0
71172 0.00 0.00 0.00 0
71175 0.00 0.00 0.00 0
71176 0.00 0.00 0.00 0
71177 0.00 0.00 0.00 0
71178 0.00 0.00 0.00 0
71179 0.00 0.00 0.00 0
71180 0.00 0.00 0.00 0
71186 0.00 0.00 0.00 0
71187 0.00 0.00 0.00 0
71188 0.00 0.00 0.00 0
71189 0.00 0.00 0.00 0
71190 0.00 0.00 0.00 0
71191 0.00 0.00 0.00 0
71192 0.00 0.00 0.00 0
71199 0.00 0.00 0.00 0
71200 0.00 0.00 0.00 0
71201 0.00 0.00 0.00 0
71202 0.00 0.00 0.00 0
71203 0.00 0.00 0.00 0
71204 0.00 0.00 0.00 0
71205 0.00 0.00 0.00 0
71206 0.00 0.00 0.00 0
71213 0.00 0.00 0.00 0
71214 0.00 0.00 0.00 0
71215 0.00 0.00 0.00 0
71216 0.00 0.00 0.00 0
71217 0.00 0.00 0.00 0
71218 0.00 0.00 0.00 0
71226 0.00 0.00 0.00 0
71227 0.00 0.00 0.00 0
71228 0.00 0.00 0.00 0
71229 0.00 0.00 0.00 0
71230 0.00 0.00 0.00 0
71231 0.00 0.00 0.00 0
71239 0.00 0.00 0.00 0
71240 0.00 0.00 0.00 0
71241 0.00 0.00 0.00 0
71242 0.00 0.00 0.00 0
71250 0.00 0.00 0.00 0
71251 0.00 0.00 0.00 0
71252 0.00 0.00 0.00 0
71253 0.00 0.00 0.00 0
71261 0.00 0.00 0.00 0
71262 0.00 0.00 0.00 0
71263 0.00 0.00 0.00 0
71264 0.00 0.00 0.00 0
71265 0.00 0.00 0.00 0
71266 0.00 0.00 0.00 0
72286 0.00 0.00 0.00 0
72287 0.00 0.00 0.00 0
72296 0.00 0.00 0.00 0
72297 0.00 0.00 0.00 0
72308 0.00 0.00 0.00 0
72309 0.00 0.00 0.00 0
72310 0.00 0.00 0.00 0
72311 0.00 0.00 0.00 0
72312 0.00 0.00 0.00 0
72313 0.00 0.00 0.00 0
72314 0.00 0.00 0.00 0
72315 0.00 0.00 0.00 0
72316 0.00 0.00 0.00 0
72328 0.00 0.00 0.00 0
72329 0.00 0.00 0.00 0
72330 0.00 0.00 0.00 0
72331 0.00 0.00 0.00 0
72332 0.00 0.00 0.00 0
72333 0.00 0.00 0.00 0
72334 0.00 0.00 0.00 0
72335 0.00 0.00 0.00 0
72336 0.00 0.00 0.00 0
72337 0.00 0.00 0.00 0
72352 0.00 0.00 0.00 0
72353 0.00 0.00 0.00 0
72354 0.00 0.00 0.00 0
72355 0.00 0.00 0.00 0
72356 0.00 0.00 0.00 0
72357 0.00 0.00 0.00 0
72358 0.00 0.00 0.00 0
72359 0.00 0.00 0.00 0
72371 0.00 0.00 0.00 0
72372 0.00 0.00 0.00 0
72373 0.00 0.00 0.00 0
72385 0.00 0.00 0.00 0
72386 0.00 0.00 0.00 0
72395 0.00 0.00 0.00 0
72396 0.00 0.00 0.00 0
72407 0.00 0.00 0.00 0
72408 0.00 0.00 0.00 0
72418 0.00 0.00 0.00 0
72419 0.00 0.00 0.00 0
72426 0.00 0.00 0.00 0
72427 0.00 0.00 0.00 0
72435 0.00 0.00 0.00 0
72436 0.00 0.00 0.00 0
72445 0.00 0.00 0.00 0
72446 0.00 0.00 0.00 0
72447 0.00 0.00 0.00 0
72448 0.00 0.00 0.00 0
72449 0.00 0.00 0.00 0
72453 0.00 0.00 0.00 0
72454 0.00 0.00 0.00 0
72455 0.00 0.00 0.00 0
72456 0.00 0.00 0.00 0
72457 0.00 0.00 0.00 0
72458 0.00 0.00 0.00 0
72466 0.00 0.00 0.00 0
72467 0.00 0.00 0.00 0
72468 0.00 0.00 0.00 0
72469 0.00 0.00 0.00 0
72470 0.00 0.00 0.00 0
72471 0.00 0.00 0.00 0
72475 0.00 0.00 0.00 0
72476 0.00 0.00 0.00 0
72477 0.00 0.00 0.00 0
72478 0.00 0.00 0.00 0
72479 0.00 0.00 0.00 0
72480 0.00 0.00 0.00 0
72481 0.00 0.00 0.00 0
72485 0.00 0.00 0.00 0
72486 0.00 0.00 0.00 0
72487 0.00 0.00 0.00 0
72488 0.00 0.00 0.00 0
72489 0.00 0.00 0.00 0
72496 0.00 0.00 0.00 0
72497 0.00 0.00 0.00 0
72498 0.00 0.00 0.00 0
72499 0.00 0.00 0.00 0
72500 0.00 0.00 0.00 0
72509 0.00 0.00 0.00 0
72510 0.00 0.00 0.00 0
72520 0.00 0.00 0.00 0
72521 0.00 0.00 0.00 0
72522 0.00 0.00 0.00 0
72523 0.00 0.00 0.00 0
72524 0.00 0.00 0.00 0
72535 0.00 0.00 0.00 0
72536 0.00 0.00 0.00 0
72537 0.00 0.00 0.00 0
72538 0.00 0.00 0.00 0
72539 0.00 0.00 0.00 0
73554 0.00 0.00 0.00 0
73555 0.00 0.00 0.00 0
73562 0.00 0.00 0.00 0
73568 0.00 0.00 0.00 0
73569 0.00 0.00 0.00 0
73570 0.00 0.00 0.00 0
73571 0.00 0.00 0.00 0
73572 0.00 0.00 0.00 0
73578 0.00 0.00 0.00 0
73579 0.00 0.00 0.00 0
73580 0.00 0.00 0.00 0
73581 0.00 0.00 0.00 0
73582 0.00 0.00 0.00 0
73583 0.00 0.00 0.00 0
73584 0.00 0.00 0.00 0
73585 0.00 0.00 0.00 0
73595 0.00 0.00 0.00 0
73596 0.00 0.00 0.00 0
73597 0.00 0.00 0.00 0
73598 0.00 0.00 0.00 0
73599 0.00 0.00 0.00 0
73600 0.00 0.00 0.00 0
73601 0.00 0.00 0.00 0
73602 0.00 0.00 0.00 0
73609 0.00 0.00 0.00 0
73610 0.00 0.00 0.00 0
73611 0.00 0.00 0.00 0
73618 0.00 0.00 0.00 0
73619 0.00 0.00 0.00 0
73627 0.00 0.00 0.00 0
73636 0.00 0.00 0.00 0
73637 0.00 0.00 0.00 0
73646 0.00 0.00 0.00 0
73647 0.00 0.00 0.00 0
73654 0.00 0.00 0.00 0
73655 0.00 0.00 0.00 0
73656 0.00 0.00 0.00 0
73665 0.00 0.00 0.00 0
73666 0.00 0.00 0.00 0
73667 0.00 0.00 0.00 0
73668 0.00 0.00 0.00 0
73669 0.00 0.00 0.00 0
73670 0.00 0.00 0.00 0
73678 0.00 0.00 0.00 0
73679 0.00 0.00 0.00 0
73680 0.00 0.00 0.00 0
73681 0.00 0.00 0.00 0
73682 0.00 0.00 0.00 0
73683 0.00 0.00 0.00 0
73684 0.00 0.00 0.00 0
73692 0.00 0.00 0.00 0
73693 0.00 0.00 0.00 0
73694 0.00 0.00 0.00 0
73695 0.00 0.00 0.00 0
73696 0.00 0.00 0.00 0
73697 0.00 0.00 0.00 0
73705 0.00 0.00 0.00 0
73706 0.00 0.00 0.00 0
73707 0.00 0.00 0.00 0
73708 0.00 0.00 0.00 0
73709 0.00 0.00 0.00 0
73710 0.00 0.00 0.00 0
73714 0.00 0.00 0.00 0
73715 0.00 0.00 0.00 0
73716 0.00 0.00 0.00 0
73717 0.00 0.00 0.00 0
73718 0.00 0.00 0.00 0
73722 0.00 0.00 0.00 0
73723 0.00 0.00 0.00 0
73724 0.00 0.00 0.00 0
73725 0.00 0.00 0.00 0
73728 0.00 0.00 0.00 0
73729 0.00 0.00 0.00 0
73730 0.00 0.00 0.00 0
73731 0.00 0.00 0.00 0
73732 0.00 0.00 0.00 0
73739 0.00 0.00 0.00 0
73740 0.00 0.00 0.00 0
73741 0.00 0.00 0.00 0
73742 0.00 0.00 0.00 0
73743 0.00 0.00 0.00 0
73744 0.00 0.00 0.00 0
73755 0.00 0.00 0.00 0
73756 0.00 0.00 0.00 0
73757 0.00 0.00 0.00 0
73758 0.00 0.00 0.00 0
73759 0.00 0.00 0.00 0
73760 0.00 0.00 0.00 0
73761 0.00 0.00 0.00 0
73770 0.00 0.00 0.00 0
73771 0.00 0.00 0.00 0
73772 0.00 0.00 0.00 0
73773 0.00 0.00 0.00 0
74749 0.00 0.00 0.00 0
74750 0.00 0.00 0.00 0
74751 0.00 0.00 0.00 0
74759 0.00 0.00 0.00 0
74760 0.00 0.00 0.00 0
74767 0.00 0.00 0.00 0
74768 0.00 0.00 0.00 0
74775 0.00 0.00 0.00 0
74776 0.00 0.00 0.00 0
74782 0.00 0.00 0.00 0
74783 0.00 0.00 0.00 0
74784 0.00 0.00 0.00 0
74790 0.00 0.00 0.00 0
74791 0.00 0.00 0.00 0
74792 0.00 0.00 0.00 0
74793 0.00 0.00 0.00 0
74794 0.00 0.00 0.00 0
74795 0.00 0.00 0.00 0
74796 0.00 0.00 0.00 0
74806 0.00 0.00 0.00 0
74807 0.00 0.00 0.00 0
74808 0.00 0.00 0.00 0
74809 0.00 0.00 0.00 0
74810 0.00 0.00 0.00 0
74811 0.00 0.00 0.00 0
74812 0.00 0.00 0.00 0
74813 0.00 0.00 0.00 0
74819 0.00 0.00 0.00 0
74820 0.00 0.00 0.00 0
74831 0.00 0.00 0.00 0
74832 0.00 0.00 0.00 0
74833 0.00 0.00 0.00 0
74845 0.00 0.00 0.00 0
74846 0.00 0.00 0.00 0
74860 0.00 0.00 0.00 0
74861 0.00 0.00 0.00 0
74862 0.00 0.00 0.00 0
74874 0.00 0.00 0.00 0
74875 0.00 0.00 0.00 0
74884 0.00 0.00 0.00 0
74885 0.00 0.00 0.00 0
74886 0.00 0.00 0.00 0
74887 0.00 0.00 0.00 0
74888 0.00 0.00 0.00 0
74889 0.00 0.00 0.00 0
74901 0.00 0.00 0.00 0
74902 0.00 0.00 0.00 0
74903 0.00 0.00 0.00 0
74904 0.00 0.00 0.00 0
74905 0.00 0.00 0.00 0
74906 0.00 0.00 0.00 0
74920 0.00 0.00 0.00 0
74921 0.00 0.00 0.00 0
74922 0.00 0.00 0.00 0
74923 0.00 0.00 0.00 0
74924 0.00 0.00 0.00 0
74925 0.00 0.00 0.00 0
74936 0.00 0.00 0.00 0
74937 0.00 0.00 0.00 0
74938 0.00 0.00 0.00 0
74939 0.00 0.00 0.00 0
74940 0.00 0.00 0.00 0
74949 0.00 0.00 0.00 0
74950 0.00 0.00 0.00 0
74951 0.00 0.00 0.00 0
74956 0.00 0.00 0.00 0
74957 0.00 0.00 0.00 0
74958 0.00 0.00 0.00 0
74959 0.00 0.00 0.00 0
74963 0.00 0.00 0.00 0
74964 0.00 0.00 0.00 0
74965 0.00 0.00 0.00 0
74966 0.00 0.00 0.00 0
74967 0.00 0.00 0.00 0
74972 0.00 0.00 0.00 0
74973 0.00 0.00 0.00 0
74974 0.00 0.00 0.00 0
74982 0.00 0.00 0.00 0
74983 0.00 0.00 0.00 0
75966 0.00 0.00 0.00 0
75986 0.00 0.00 0.00 0
75987 0.00 0.00 0.00 0
76003 0.00 0.00 0.00 0
76008 0.00 0.00 0.00 0
76009 0.00 0.00 0.00 0
76010 0.00 0.00 0.00 0
76011 0.00 0.00 0.00 0
76012 0.00 0.00 0.00 0
76029 0.00 0.00 0.00 0
76030 0.00 0.00 0.00 0
76031 0.00 0.00 0.00 0
76032 0.00 0.00 0.00 0
76033 0.00 0.00 0.00 0
76034 0.00 0.00 0.00 0
76035 0.00 0.00 0.00 0
76036 0.00 0.00 0.00 0
76037 0.00 0.00 0.00 0
76053 0.00 0.00 0.00 0
76054 0.00 0.00 0.00 0
76055 0.00 0.00 0.00 0
76056 0.00 0.00 0.00 0
76057 0.00 0.00 0.00 0
76058 0.00 0.00 0.00 0
76059 0.00 0.00 0.00 0
76074 0.00 0.00 0.00 0
76075 0.00 0.00 0.00 0
76076 0.00 0.00 0.00 0
76077 0.00 0.00 0.00 0
76078 0.00 0.00 0.00 0
76086 0.00 0.00 0.00 0
76087 0.00 0.00 0.00 0
76088 0.00 0.00 0.00 0
76089 0.00 0.00 0.00 0
76100 0.00 0.00 0.00 0
76101 0.00 0.00 0.00 0
76102 0.00 0.00 0.00 0
76116 0.00 0.00 0.00 0
76117 0.00 0.00 0.00 0
76118 0.00 0.00 0.00 0
76119 0.00 0.00 0.00 0
76120 0.00 0.00 0.00 0
76121 0.00 0.00 0.00 0
76122 0.00 0.00 0.00 0
76133 0.00 0.00 0.00 0
76147 0.00 0.00 0.00 0
76148 0.00 0.00 0.00 0
76162 0.00 0.00 0.00 0
76163 0.00 0.00 0.00 0
76180 0.00 0.00 0.00 0
76181 0.00 0.00 0.00 0
76198 0.00 0.00 0.00 0
76199 0.00 0.00 0.00 0
76216 0.00 0.00 0.00 0
76217 0.00 0.00 0.00 0
76218 0.00 0.00 0.00 0
76219 0.00 0.00 0.00 0
76220 0.00 0.00 0.00 0
76221 0.00 0.00 0.00 0
76243 0.00 0.00 0.00 0
76244 0.00 0.00 0.00 0
76245 0.00 0.00 0.00 0
76246 0.00 0.00 0.00 0
76247 0.00 0.00 0.00 0
76248 0.00 0.00 0.00 0
76261 0.00 0.00 0.00 0
76262 0.00 0.00 0.00 0
76263 0.00 0.00 0.00 0
76264 0.00 0.00 0.00 0
76265 0.00 0.00 0.00 0
76266 0.00 0.00 0.00 0
76274 0.00 0.00 0.00 0
76275 0.00 0.00 0.00 0
76276 0.00 0.00 0.00 0
76282 0.00 0.00 0.00 0
76283 0.00 0.00 0.00 0
76284 0.00 0.00 0.00 0
76285 0.00 0.00 0.00 0
76291 0.00 0.00 0.00 0
76292 0.00 0.00 0.00 0
76293 0.00 0.00 0.00 0
76294 0.00 0.00 0.00 0
76300 0.00 0.00 0.00 0
76301 0.00 0.00 0.00 0
77238 0.00 0.00 0.00 0
77248 0.00 0.00 0.00 0
77249 0.00 0.00 0.00 0
77261 0.00 0.00 0.00 0
77262 0.00 0.00 0.00 0
77275 0.00 0.00 0.00 0
77276 0.00 0.00 0.00 0
77277 0.00 0.00 0.00 0
77292 0.00 0.00 0.00 0
77293 0.00 0.00 0.00 0
77294 0.00 0.00 0.00 0
77316 0.00 0.00 0.00 0
77317 0.00 0.00 0.00 0
77333 0.00 0.00 0.00 0
77334 0.00 0.00 0.00 0
77345 0.00 0.00 0.00 0
77346 0.00 0.00 0.00 0
77354 0.00 0.00 0.00 0
77355 0.00 0.00 0.00 0
77356 0.00 0.00 0.00 0
77357 0.00 0.00 0.00 0
77358 0.00 0.00 0.00 0
77359 0.00 0.00 0.00 0
77366 0.00 0.00 0.00 0
77375 0.00 0.00 0.00 0
77383 0.00 0.00 0.00 0
77395 0.00 0.00 0.00 0
77396 0.00 0.00 0.00 0
77405 0.00 0.00 0.00 0
77406 0.00 0.00 0.00 0
77407 0.00 0.00 0.00 0
77408 0.00 0.00 0.00 0
77409 0.00 0.00 0.00 0
77418 0.00 0.00 0.00 0
77419 0.00 0.00 0.00 0
77420 0.00 0.00 0.00 0
77421 0.00 0.00 0.00 0
77422 0.00 0.00 0.00 0
77423 0.00 0.00 0.00 0
77424 0.00 0.00 0.00 0
77438 0.00 0.00 0.00 0
77439 0.00 0.00 0.00 0
77440 0.00 0.00 0.00 0
77441 0.00 0.00 0.00 0
77442 0.00 0.00 0.00 0
77450 0.00 0.00 0.00 0
77451 0.00 0.00 0.00 0
77452 0.00 0.00 0.00 0
77456 0.00 0.00 0.00 0
77457 0.00 0.00 0.00 0
77458 0.00 0.00 0.00 0
77459 0.00 0.00 0.00 0
77465 0.00 0.00 0.00 0
77466 0.00 0.00 0.00 0
77467 0.00 0.00 0.00 0
77468 0.00 0.00 0.00 0
77469 0.00 0.00 0.00 0
77476 0.00 0.00 0.00 0
77477 0.00 0.00 0.00 0
77478 0.00 0.00 0.00 0
78546 0.00 0.00 0.00 0
78547 0.00 0.00 0.00 0
78548 0.00 0.00 0.00 0
78556 0.00 0.00 0.00 0
78557 0.00 0.00 0.00 0
78558 0.00 0.00 0.00 0
78566 0.00 0.00 0.00 0
78567 0.00 0.00 0.00 0
78568 0.00 0.00 0.00 0
78569 0.00 0.00 0.00 0
78580 0.00 0.00 0.00 0
78581 0.00 0.00 0.00 0
78600 0.00 0.00 0.00 0
78601 0.00 0.00 0.00 0
78624 0.00 0.00 0.00 0
78625 0.00 0.00 0.00 0
78641 0.00 0.00 0.00 0
78642 0.00 0.00 0.00 0
78651 0.00 0.00 0.00 0
78652 0.00 0.00 0.00 0
78653 0.00 0.00 0.00 0
78654 0.00 0.00 0.00 0
78655 0.00 0.00 0.00 0
78656 0.00 0.00 0.00 0
78665 0.00 0.00 0.00 0
78666 0.00 0.00 0.00 0
78677 0.00 0.00 0.00 0
78689 0.00 0.00 0.00 0
78705 0.00 0.00 0.00 0
78706 0.00 0.00 0.00 0
78715 0.00 0.00 0.00 0
78716 0.00 0.00 0.00 0
78717 0.00 0.00 0.00 0
78718 0.00 0.00 0.00 0
78719 0.00 0.00 0.00 0
78720 0.00 0.00 0.00 0
78727 0.00 0.00 0.00 0
78728 0.00 0.00 0.00 0
78729 0.00 0.00 0.00 0
78730 0.00 0.00 0.00 0
78731 0.00 0.00 0.00 0
78732 0.00 0.00 0.00 0
78747 0.00 0.00 0.00 0
78748 0.00 0.00 0.00 0
78765 0.00 0.00 0.00 0
78766 0.00 0.00 0.00 0
78767 0.00 0.00 0.00 0
78768 0.00 0.00 0.00 0
78779 0.00 0.00 0.00 0
78780 0.00 0.00 0.00 0
78781 0.00 0.00 0.00 0
78782 0.00 0.00 0.00 0
78788 0.00 0.00 0.00 0
78789 0.00 0.00 0.00 0
78790 0.00 0.00 0.00 0
79892 0.00 0.00 0.00 0
79893 0.00 0.00 0.00 0
79894 0.00 0.00 0.00 0
79895 0.00 0.00 0.00 0
79909 0.00 0.00 0.00 0
79910 0.00 0.00 0.00 0
79911 0.00 0.00 0.00 0
79918 0.00 0.00 0.00 0
79919 0.00 0.00 0.00 0
79920 0.00 0.00 0.00 0
79921 0.00 0.00 0.00 0
79928 0.00 0.00 0.00 0
79929 0.00 0.00 0.00 0
79940 0.00 0.00 0.00 0
79941 0.00 0.00 0.00 0
79959 0.00 0.00 0.00 0
79977 0.00 0.00 0.00 0
79986 0.00 0.00 0.00 0
79987 0.00 0.00 0.00 0
79988 0.00 0.00 0.00 0
79989 0.00 0.00 0.00 0
79990 0.00 0.00 0.00 0
79999 0.00 0.00 0.00 0
80000 0.00 0.00 0.00 0
80009 0.00 0.00 0.00 0
80010 0.00 0.00 0.00 0
80020 0.00 0.00 0.00 0
80038 0.00 0.00 0.00 0
80039 0.00 0.00 0.00 0
80040 0.00 0.00 0.00 0
80041 0.00 0.00 0.00 0
80042 0.00 0.00 0.00 0
80062 0.00 0.00 0.00 0
80063 0.00 0.00 0.00 0
80064 0.00 0.00 0.00 0
80065 0.00 0.00 0.00 0
80066 0.00 0.00 0.00 0
80067 0.00 0.00 0.00 0
80068 0.00 0.00 0.00 0
80085 0.00 0.00 0.00 0
80086 0.00 0.00 0.00 0
80087 0.00 0.00 0.00 0
80088 0.00 0.00 0.00 0
80104 0.00 0.00 0.00 0
80105 0.00 0.00 0.00 0
80106 0.00 0.00 0.00 0
80122 0.00 0.00 0.00 0
80123 0.00 0.00 0.00 0
80124 0.00 0.00 0.00 0
80125 0.00 0.00 0.00 0
80145 0.00 0.00 0.00 0
80146 0.00 0.00 0.00 0
80147 0.00 0.00 0.00 0
80164 0.00 0.00 0.00 0
81225 0.00 0.00 0.00 0
81226 0.00 0.00 0.00 0
81227 0.00 0.00 0.00 0
81228 0.00 0.00 0.00 0
81229 0.00 0.00 0.00 0
81249 0.00 0.00 0.00 0
81250 0.00 0.00 0.00 0
81251 0.00 0.00 0.00 0
81252 0.00 0.00 0.00 0
81266 0.00 0.00 0.00 0
81267 0.00 0.00 0.00 0
81268 0.00 0.00 0.00 0
81280 0.00 0.00 0.00 0
81281 0.00 0.00 0.00 0
81282 0.00 0.00 0.00 0
81288 0.00 0.00 0.00 0
81289 0.00 0.00 0.00 0
81306 0.00 0.00 0.00 0
81319 0.00 0.00 0.00 0
81320 0.00 0.00 0.00 0
81323 0.00 0.00 0.00 0
81324 0.00 0.00 0.00 0
81325 0.00 0.00 0.00 0
81326 0.00 0.00 0.00 0
81327 0.00 0.00 0.00 0
81330 0.00 0.00 0.00 0
81331 0.00 0.00 0.00 0
81332 0.00 0.00 0.00 0
81339 0.00 0.00 0.00 0
81340 0.00 0.00 0.00 0
81348 0.00 0.00 0.00 0
81349 0.00 0.00 0.00 0
81350 0.00 0.00 0.00 0
81351 0.00 0.00 0.00 0
81362 0.00 0.00 0.00 0
81363 0.00 0.00 0.00 0
81364 0.00 0.00 0.00 0
81365 0.00 0.00 0.00 0
81366 0.00 0.00 0.00 0
81379 0.00 0.00 0.00 0
81380 0.00 0.00 0.00 0
81381 0.00 0.00 0.00 0
81382 0.00 0.00 0.00 0
81383 0.00 0.00 0.00 0
81392 0.00 0.00 0.00 0
81393 0.00 0.00 0.00 0
81394 0.00 0.00 0.00 0
81395 0.00 0.00 0.00 0
81402 0.00 0.00 0.00 0
81403 0.00 0.00 0.00 0
81404 0.00 0.00 0.00 0
81405 0.00 0.00 0.00 0
81411 0.00 0.00 0.00 0
81412 0.00 0.00 0.00 0
81413 0.00 0.00 0.00 0
81414 0.00 0.00 0.00 0
81415 0.00 0.00 0.00 0
81425 0.00 0.00 0.00 0
81426 0.00 0.00 0.00 0
82465 0.00 0.00 0.00 0
82466 0.00 0.00 0.00 0
82483 0.00 0.00 0.00 0
82484 0.00 0.00 0.00 0
82485 0.00 0.00 0.00 0
82486 0.00 0.00 0.00 0
82507 0.00 0.00 0.00 0
82508 0.00 0.00 0.00 0
82509 0.00 0.00 0.00 0
82525 0.00 0.00 0.00 0
82526 0.00 0.00 0.00 0
82527 0.00 0.00 0.00 0
82543 0.00 0.00 0.00 0
82544 0.00 0.00 0.00 0
82545 0.00 0.00 0.00 0
82546 0.00 0.00 0.00 0
82561 0.00 0.00 0.00 0
82562 0.00 0.00 0.00 0
82581 0.00 0.00 0.00 0
82590 0.00 0.00 0.00 0
82591 0.00 0.00 0.00 0
82594 0.00 0.00 0.00 0
82595 0.00 0.00 0.00 0
82599 0.00 0.00 0.00 0
82600 0.00 0.00 0.00 0
82601 0.00 0.00 0.00 0
82606 0.00 0.00 0.00 0
82613 0.00 0.00 0.00 0
82614 0.00 0.00 0.00 0
82615 0.00 0.00 0.00 0
82616 0.00 0.00 0.00 0
82617 0.00 0.00 0.00 0
82625 0.00 0.00 0.00 0
82626 0.00 0.00 0.00 0
82627 0.00 0.00 0.00 0
82628 0.00 0.00 0.00 0
82629 0.00 0.00 0.00 0
82630 0.00 0.00 0.00 0
82640 0.00 0.00 0.00 0
82641 0.00 0.00 0.00 0
82642 0.00 0.00 0.00 0
82643 0.00 0.00 0.00 0
82644 0.00 0.00 0.00 0
82655 0.00 0.00 0.00 0
82656 0.00 0.00 0.00 0
82664 0.00 0.00 0.00 0
82665 0.00 0.00 0.00 0
82666 0.00 0.00 0.00 0
82667 0.00 0.00 0.00 0
82674 0.00 0.00 0.00 0
82675 0.00 0.00 0.00 0
82676 0.00 0.00 0.00 0
83654 0.00 0.00 0.00 0
83655 0.00 0.00 0.00 0
83656 0.00 0.00 0.00 0
83670 0.00 0.00 0.00 0
83671 0.00 0.00 0.00 0
83672 0.00 0.00 0.00 0
83673 0.00 0.00 0.00 0
83674 0.00 0.00 0.00 0
83693 0.00 0.00 0.00 0
83694 0.00 0.00 0.00 0
83710 0.00 0.00 0.00 0
83711 0.00 0.00 0.00 0
83727 0.00 0.00 0.00 0
83728 0.00 0.00 0.00 0
83729 0.00 0.00 0.00 0
83730 0.00 0.00 0.00 0
83750 0.00 0.00 0.00 0
83751 0.00 0.00 0.00 0
83752 0.00 0.00 0.00 0
83753 0.00 0.00 0.00 0
83776 0.00 0.00 0.00 0
83777 0.00 0.00 0.00 0
83784 0.00 0.00 0.00 0
83785 0.00 0.00 0.00 0
83786 0.00 0.00 0.00 0
83789 0.00 0.00 0.00 0
83790 0.00 0.00 0.00 0
83791 0.00 0.00 0.00 0
83797 0.00 0.00 0.00 0
83798 0.00 0.00 0.00 0
83799 0.00 0.00 0.00 0
83805 0.00 0.00 0.00 0
83806 0.00 0.00 0.00 0
83813 0.00 0.00 0.00 0
83814 0.00 0.00 0.00 0
83815 0.00 0.00 0.00 0
83816 0.00 0.00 0.00 0
83817 0.00 0.00 0.00 0
83818 0.00 0.00 0.00 0
83824 0.00 0.00 0.00 0
83825 0.00 0.00 0.00 0
83826 0.00 0.00 0.00 0
83827 0.00 0.00 0.00 0
83828 0.00 0.00 0.00 0
83829 0.00 0.00 0.00 0
83837 0.00 0.00 0.00 0
83838 0.00 0.00 0.00 0
83839 0.00 0.00 0.00 0
83840 0.00 0.00 0.00 0
83841 0.00 0.00 0.00 0
83851 0.00 0.00 0.00 0
83852 0.00 0.00 0.00 0
83853 0.00 0.00 0.00 0
83863 0.00 0.00 0.00 0
83864 0.00 0.00 0.00 0
83865 0.00 0.00 0.00 0
83866 0.00 0.00 0.00 0
83878 0.00 0.00 0.00 0
83879 0.00 0.00 0.00 0
84871 0.00 0.00 0.00 0
84872 0.00 0.00 0.00 0
84886 0.00 0.00 0.00 0
84887 0.00 0.00 0.00 0
84888 0.00 0.00 0.00 0
84889 0.00 0.00 0.00 0
84902 0.00 0.00 0.00 0
84903 0.00 0.00 0.00 0
84904 0.00 0.00 0.00 0
84905 0.00 0.00 0.00 0
84906 0.00 0.00 0.00 0
84921 0.00 0.00 0.00 0
84922 0.00 0.00 0.00 0
84934 0.00 0.00 0.00 0
84935 0.00 0.00 0.00 0
84947 0.00 0.00 0.00 0
84948 0.00 0.00 0.00 0
84963 0.00 0.00 0.00 0
84964 0.00 0.00 0.00 0
84965 0.00 0.00 0.00 0
84981 0.00 0.00 0.00 0
84982 0.00 0.00 0.00 0
84983 0.00 0.00 0.00 0
84995 0.00 0.00 0.00 0
84996 0.00 0.00 0.00 0
84997 0.00 0.00 0.00 0
85008 0.00 0.00 0.00 0
85009 0.00 0.00 0.00 0
85017 0.00 0.00 0.00 0
85018 0.00 0.00 0.00 0
85019 0.00 0.00 0.00 0
85025 0.00 0.00 0.00 0
85026 0.00 0.00 0.00 0
85027 0.00 0.00 0.00 0
85028 0.00 0.00 0.00 0
85029 0.00 0.00 0.00 0
85037 0.00 0.00 0.00 0
85038 0.00 0.00 0.00 0
85039 0.00 0.00 0.00 0
85040 0.00 0.00 0.00 0
85041 0.00 0.00 0.00 0
85042 0.00 0.00 0.00 0
85043 0.00 0.00 0.00 0
85050 0.00 0.00 0.00 0
85051 0.00 0.00 0.00 0
85052 0.00 0.00 0.00 0
85053 0.00 0.00 0.00 0
85054 0.00 0.00 0.00 0
85067 0.00 0.00 0.00 0
85068 0.00 0.00 0.00 0
85084 0.00 0.00 0.00 0
85085 0.00 0.00 0.00 0
85086 0.00 0.00 0.00 0
85104 0.00 0.00 0.00 0
85105 0.00 0.00 0.00 0
85106 0.00 0.00 0.00 0
85107 0.00 0.00 0.00 0
85121 0.00 0.00 0.00 0
85122 0.00 0.00 0.00 0
86059 0.00 0.00 0.00 0
86060 0.00 0.00 0.00 0
86061 0.00 0.00 0.00 0
86062 0.00 0.00 0.00 0
86077 0.00 0.00 0.00 0
86078 0.00 0.00 0.00 0
86079 0.00 0.00 0.00 0
86080 0.00 0.00 0.00 0
86081 0.00 0.00 0.00 0
86082 0.00 0.00 0.00 0
86095 0.00 0.00 0.00 0
86096 0.00 0.00 0.00 0
86097 0.00 0.00 0.00 0
86098 0.00 0.00 0.00 0
86099 0.00 0.00 0.00 0
86109 0.00 0.00 0.00 0
86110 0.00 0.00 0.00 0
86123 0.00 0.00 0.00 0
86124 0.00 0.00 0.00 0
86136 0.00 0.00 0.00 0
86137 0.00 0.00 0.00 0
86152 0.00 0.00 0.00 0
86164 0.00 0.00 0.00 0
86165 0.00 0.00 0.00 0
86180 0.00 0.00 0.00 0
86181 0.00 0.00 0.00 0
86182 0.00 0.00 0.00 0
86199 0.00 0.00 0.00 0
86200 0.00 0.00 0.00 0
86201 0.00 0.00 0.00 0
86209 0.00 0.00 0.00 0
86210 0.00 0.00 0.00 0
86211 0.00 0.00 0.00 0
86212 0.00 0.00 0.00 0
86217 0.00 0.00 0.00 0
86218 0.00 0.00 0.00 0
86219 0.00 0.00 0.00 0
86220 0.00 0.00 0.00 0
86221 0.00 0.00 0.00 0
86222 0.00 0.00 0.00 0
86226 0.00 0.00 0.00 0
86227 0.00 0.00 0.00 0
86228 0.00 0.00 0.00 0
86229 0.00 0.00 0.00 0
86230 0.00 0.00 0.00 0
86231 0.00 0.00 0.00 0
86232 0.00 0.00 0.00 0
86233 0.00 0.00 0.00 0
86238 0.00 0.00 0.00 0
86239 0.00 0.00 0.00 0
86240 0.00 0.00 0.00 0
86241 0.00 0.00 0.00 0
86242 0.00 0.00 0.00 0
86252 0.00 0.00 0.00 0
86253 0.00 0.00 0.00 0
86263 0.00 0.00 0.00 0
86264 0.00 0.00 0.00 0
86265 0.00 0.00 0.00 0
86279 0.00 0.00 0.00 0
86280 0.00 0.00 0.00 0
86281 0.00 0.00 0.00 0
86282 0.00 0.00 0.00 0
87278 0.00 0.00 0.00 0
87279 0.00 0.00 0.00 0
87280 0.00 0.00 0.00 0
87292 0.00 0.00 0.00 0
87293 0.00 0.00 0.00 0
87294 0.00 0.00 0.00 0
87295 0.00 0.00 0.00 0
87296 0.00 0.00 0.00 0
87313 0.00 0.00 0.00 0
87314 0.00 0.00 0.00 0
87315 0.00 0.00 0.00 0
87316 0.00 0.00 0.00 0
87317 0.00 0.00 0.00 0
87318 0.00 0.00 0.00 0
87335 0.00 0.00 0.00 0
87336 0.00 0.00 0.00 0
87337 0.00 0.00 0.00 0
87338 0.00 0.00 0.00 0
87352 0.00 0.00 0.00 0
87353 0.00 0.00 0.00 0
87367 0.00 0.00 0.00 0
87368 0.00 0.00 0.00 0
87385 0.00 0.00 0.00 0
87386 0.00 0.00 0.00 0
87404 0.00 0.00 0.00 0
87405 0.00 0.00 0.00 0
87417 0.00 0.00 0.00 0
87418 0.00 0.00 0.00 0
87419 0.00 0.00 0.00 0
87432 0.00 0.00 0.00 0
87433 0.00 0.00 0.00 0
87434 0.00 0.00 0.00 0
87446 0.00 0.00 0.00 0
87447 0.00 0.00 0.00 0
87448 0.00 0.00 0.00 0
87451 0.00 0.00 0.00 0
87452 0.00 0.00 0.00 0
87453 0.00 0.00 0.00 0
87454 0.00 0.00 0.00 0
87458 0.00 0.00 0.00 0
87459 0.00 0.00 0.00 0
87460 0.00 0.00 0.00 0
87461 0.00 0.00 0.00 0
87462 0.00 0.00 0.00 0
87463 0.00 0.00 0.00 0
87464 0.00 0.00 0.00 0
87468 0.00 0.00 0.00 0
87469 0.00 0.00 0.00 0
87470 0.00 0.00 0.00 0
87471 0.00 0.00 0.00 0
87472 0.00 0.00 0.00 0
87473 0.00 0.00 0.00 0
87477 0.00 0.00 0.00 0
87478 0.00 0.00 0.00 0
87482 0.00 0.00 0.00 0
87483 0.00 0.00 0.00 0
87487 0.00 0.00 0.00 0
87488 0.00 0.00 0.00 0
87489 0.00 0.00 0.00 0
87490 0.00 0.00 0.00 0
87491 0.00 0.00 0.00 0
87492 0.00 0.00 0.00 0
87493 0.00 0.00 0.00 0
87499 0.00 0.00 0.00 0
87500 0.00 0.00 0.00 0
87501 0.00 0.00 0.00 0
87502 0.00 0.00 0.00 0
87503 0.00 0.00 0.00 0
88457 0.00 0.00 0.00 0
88458 0.00 0.00 0.00 0
88459 0.00 0.00 0.00 0
88469 0.00 0.00 0.00 0
88470 0.00 0.00 0.00 0
88471 0.00 0.00 0.00 0
88472 0.00 0.00 0.00 0
88488 0.00 0.00 0.00 0
88489 0.00 0.00 0.00 0
88490 0.00 0.00 0.00 0
88491 0.00 0.00 0.00 0
88492 0.00 0.00 0.00 0
88493 0.00 0.00 0.00 0
88512 0.00 0.00 0.00 0
88513 0.00 0.00 0.00 0
88514 0.00 0.00 0.00 0
88527 0.00 0.00 0.00 0
88528 0.00 0.00 0.00 0
88541 0.00 0.00 0.00 0
88556 0.00 0.00 0.00 0
88569 0.00 0.00 0.00 0
88570 0.00 0.00 0.00 0
88580 0.00 0.00 0.00 0
88581 0.00 0.00 0.00 0
88582 0.00 0.00 0.00 0
88583 0.00 0.00 0.00 0
88593 0.00 0.00 0.00 0
88594 0.00 0.00 0.00 0
88602 0.00 0.00 0.00 0
88603 0.00 0.00 0.00 0
88605 0.00 0.00 0.00 0
88606 0.00 0.00 0.00 0
88607 0.00 0.00 0.00 0
88608 0.00 0.00 0.00 0
88609 0.00 0.00 0.00 0
88610 0.00 0.00 0.00 0
88614 0.00 0.00 0.00 0
88615 0.00 0.00 0.00 0
88616 0.00 0.00 0.00 0
88617 0.00 0.00 0.00 0
88618 0.00 0.00 0.00 0
88619 0.00 0.00 0.00 0
88620 0.00 0.00 0.00 0
88621 0.00 0.00 0.00 0
88625 0.00 0.00 0.00 0
88626 0.00 0.00 0.00 0
88627 0.00 0.00 0.00 0
88628 0.00 0.00 0.00 0
88633 0.00 0.00 0.00 0
88634 0.00 0.00 0.00 0
88638 0.00 0.00 0.00 0
88639 0.00 0.00 0.00 0
88640 0.00 0.00 0.00 0
88644 0.00 0.00 0.00 0
88645 0.00 0.00 0.00 0
88646 0.00 0.00 0.00 0
88647 0.00 0.00 0.00 0
88648 0.00 0.00 0.00 0
88649 0.00 0.00 0.00 0
89670 0.00 0.00 0.00 0
89671 0.00 0.00 0.00 0
89672 0.00 0.00 0.00 0
89681 0.00 0.00 0.00 0
89682 0.00 0.00 0.00 0
89683 0.00 0.00 0.00 0
89684 0.00 0.00 0.00 0
89697 0.00 0.00 0.00 0
89698 0.00 0.00 0.00 0
89699 0.00 0.00 0.00 0
89700 0.00 0.00 0.00 0
89701 0.00 0.00 0.00 0
89702 0.00 0.00 0.00 0
89703 0.00 0.00 0.00 0
89723 0.00 0.00 0.00 0
89724 0.00 0.00 0.00 0
89725 0.00 0.00 0.00 0
89726 0.00 0.00 0.00 0
89727 0.00 0.00 0.00 0
89728 0.00 0.00 0.00 0
89741 0.00 0.00 0.00 0
89742 0.00 0.00 0.00 0
89755 0.00 0.00 0.00 0
89756 0.00 0.00 0.00 0
89769 0.00 0.00 0.00 0
89778 0.00 0.00 0.00 0
89790 0.00 0.00 0.00 0
89791 0.00 0.00 0.00 0
89792 0.00 0.00 0.00 0
89793 0.00 0.00 0.00 0
89808 0.00 0.00 0.00 0
89809 0.00 0.00 0.00 0
89821 0.00 0.00 0.00 0
89834 0.00 0.00 0.00 0
89835 0.00 0.00 0.00 0
89836 0.00 0.00 0.00 0
89837 0.00 0.00 0.00 0
89838 0.00 0.00 0.00 0
89839 0.00 0.00 0.00 0
89840 0.00 0.00 0.00 0
89841 0.00 0.00 0.00 0
89854 0.00 0.00 0.00 0
89855 0.00 0.00 0.00 0
89856 0.00 0.00 0.00 0
89857 0.00 0.00 0.00 0
89858 0.00 0.00 0.00 0
89870 0.00 0.00 0.00 0
89871 0.00 0.00 0.00 0
89877 0.00 0.00 0.00 0
89878 0.00 0.00 0.00 0
89883 0.00 0.00 0.00 0
89884 0.00 0.00 0.00 0
89885 0.00 0.00 0.00 0
89886 0.00 0.00 0.00 0
89887 0.00 0.00 0.00 0
89888 0.00 0.00 0.00 0
89896 0.00 0.00 0.00 0
89897 0.00 0.00 0.00 0
89898 0.00 0.00 0.00 0
89899 0.00 0.00 0.00 0
89900 0.00 0.00 0.00 0
90948 0.00 0.00 0.00 0
90949 0.00 0.00 0.00 0
90950 0.00 0.00 0.00 0
90959 0.00 0.00 0.00 0
90960 0.00 0.00 0.00 0
90961 0.00 0.00 0.00 0
90962 0.00 0.00 0.00 0
90963 0.00 0.00 0.00 0
90983 0.00 0.00 0.00 0
90984 0.00 0.00 0.00 0
90985 0.00 0.00 0.00 0
90986 0.00 0.00 0.00 0
90987 0.00 0.00 0.00 0
90988 0.00 0.00 0.00 0
90989 0.00 0.00 0.00 0
90990 0.00 0.00 0.00 0
91012 0.00 0.00 0.00 0
91013 0.00 0.00 0.00 0
91014 0.00 0.00 0.00 0
91015 0.00 0.00 0.00 0
91040 0.00 0.00 0.00 0
91041 0.00 0.00 0.00 0
91061 0.00 0.00 0.00 0
91080 0.00 0.00 0.00 0
91097 0.00 0.00 0.00 0
91098 0.00 0.00 0.00 0
91099 0.00 0.00 0.00 0
91100 0.00 0.00 0.00 0
91113 0.00 0.00 0.00 0
91114 0.00 0.00 0.00 0
91125 0.00 0.00 0.00 0
91126 0.00 0.00 0.00 0
91127 0.00 0.00 0.00 0
91128 0.00 0.00 0.00 0
91129 0.00 0.00 0.00 0
91130 0.00 0.00 0.00 0
91131 0.00 0.00 0.00 0
91144 0.00 0.00 0.00 0
91145 0.00 0.00 0.00 0
91146 0.00 0.00 0.00 0
91147 0.00 0.00 0.00 0
91148 0.00 0.00 0.00 0
91149 0.00 0.00 0.00 0
91150 0.00 0.00 0.00 0
91151 0.00 0.00 0.00 0
91165 0.00 0.00 0.00 0
91166 0.00 0.00 0.00 0
91187 0.00 0.00 0.00 0
91188 0.00 0.00 0.00 0
91204 0.00 0.00 0.00 0
91205 0.00 0.00 0.00 0
91206 0.00 0.00 0.00 0
91207 0.00 0.00 0.00 0
91208 0.00 0.00 0.00 0
91209 0.00 0.00 0.00 0
91210 0.00 0.00 0.00 0
91220 0.00 0.00 0.00 0
91221 0.00 0.00 0.00 0
91222 0.00 0.00 0.00 0
91223 0.00 0.00 0.00 0
91224 0.00 0.00 0.00 0
91225 0.00 0.00 0.00 0
91226 0.00 0.00 0.00 0
92221 0.00 0.00 0.00 0
92222 0.00 0.00 0.00 0
92232 0.00 0.00 0.00 0
92233 0.00 0.00 0.00 0
92234 0.00 0.00 0.00 0
92235 0.00 0.00 0.00 0
92246 0.00 0.00 0.00 0
92247 0.00 0.00 0.00 0
92248 0.00 0.00 0.00 0
92249 0.00 0.00 0.00 0
92250 0.00 0.00 0.00 0
92251 0.00 0.00 0.00 0
92265 0.00 0.00 0.00 0
92266 0.00 0.00 0.00 0
92267 0.00 0.00 0.00 0
92268 0.00 0.00 0.00 0
92269 0.00 0.00 0.00 0
92270 0.00 0.00 0.00 0
92287 0.00 0.00 0.00 0
92288 0.00 0.00 0.00 0
92301 0.00 0.00 0.00 0
92314 0.00 0.00 0.00 0
92315 0.00 0.00 0.00 0
92324 0.00 0.00 0.00 0
92325 0.00 0.00 0.00 0
92326 0.00 0.00 0.00 0
92327 0.00 0.00 0.00 0
92328 0.00 0.00 0.00 0
92337 0.00 0.00 0.00 0
92338 0.00 0.00 0.00 0
92346 0.00 0.00 0.00 0
92347 0.00 0.00 0.00 0
92348 0.00 0.00 0.00 0
92349 0.00 0.00 0.00 0
92350 0.00 0.00 0.00 0
92351 0.00 0.00 0.00 0
92352 0.00 0.00 0.00 0
92353 0.00 0.00 0.00 0
92359 0.00 0.00 0.00 0
92360 0.00 0.00 0.00 0
92366 0.00 0.00 0.00 0
92367 0.00 0.00 0.00 0
92381 0.00 0.00 0.00 0
92382 0.00 0.00 0.00 0
92383 0.00 0.00 0.00 0
92384 0.00 0.00 0.00 0
92385 0.00 0.00 0.00 0
92402 0.00 0.00 0.00 0
92403 0.00 0.00 0.00 0
92404 0.00 0.00 0.00 0
92405 0.00 0.00 0.00 0
92406 0.00 0.00 0.00 0
92407 0.00 0.00 0.00 0
92408 0.00 0.00 0.00 0
93416 0.00 0.00 0.00 0
93417 0.00 0.00 0.00 0
93418 0.00 0.00 0.00 0
93419 0.00 0.00 0.00 0
93429 0.00 0.00 0.00 0
93430 0.00 0.00 0.00 0
93431 0.00 0.00 0.00 0
93432 0.00 0.00 0.00 0
93433 0.00 0.00 0.00 0
93444 0.00 0.00 0.00 0
93445 0.00 0.00 0.00 0
93446 0.00 0.00 0.00 0
93447 0.00 0.00 0.00 0
93448 0.00 0.00 0.00 0
93458 0.00 0.00 0.00 0
93459 0.00 0.00 0.00 0
93460 0.00 0.00 0.00 0
93461 0.00 0.00 0.00 0
93469 0.00 0.00 0.00 0
93470 0.00 0.00 0.00 0
93475 0.00 0.00 0.00 0
93476 0.00 0.00 0.00 0
93480 0.00 0.00 0.00 0
93481 0.00 0.00 0.00 0
93482 0.00 0.00 0.00 0
93483 0.00 0.00 0.00 0
93486 0.00 0.00 0.00 0
93489 0.00 0.00 0.00 0
93490 0.00 0.00 0.00 0
93491 0.00 0.00 0.00 0
93492 0.00 0.00 0.00 0
93493 0.00 0.00 0.00 0
93494 0.00 0.00 0.00 0
93495 0.00 0.00 0.00 0
93496 0.00 0.00 0.00 0
93499 0.00 0.00 0.00 0
93502 0.00 0.00 0.00 0
93503 0.00 0.00 0.00 0
93504 0.00 0.00 0.00 0
93510 0.00 0.00 0.00 0
93511 0.00 0.00 0.00 0
93512 0.00 0.00 0.00 0
93513 0.00 0.00 0.00 0
93514 0.00 0.00 0.00 0
93515 0.00 0.00 0.00 0
93516 0.00 0.00 0.00 0
93524 0.00 0.00 0.00 0
93525 0.00 0.00 0.00 0
93526 0.00 0.00 0.00 0
94560 0.00 0.00 0.00 0
94561 0.00 0.00 0.00 0
94574 0.00 0.00 0.00 0
94575 0.00 0.00 0.00 0
94576 0.00 0.00 0.00 0
94577 0.00 0.00 0.00 0
94589 0.00 0.00 0.00 0
94590 0.00 0.00 0.00 0
94591 0.00 0.00 0.00 0
94592 0.00 0.00 0.00 0
94593 0.00 0.00 0.00 0
94601 0.00 0.00 0.00 0
94602 0.00 0.00 0.00 0
94603 0.00 0.00 0.00 0
94604 0.00 0.00 0.00 0
94605 0.00 0.00 0.00 0
94609 0.00 0.00 0.00 0
94610 0.00 0.00 0.00 0
94611 0.00 0.00 0.00 0
94612 0.00 0.00 0.00 0
94616 0.00 0.00 0.00 0
94620 0.00 0.00 0.00 0
94621 0.00 0.00 0.00 0
94624 0.00 0.00 0.00 0
94625 0.00 0.00 0.00 0
94626 0.00 0.00 0.00 0
94627 0.00 0.00 0.00 0
94631 0.00 0.00 0.00 0
94632 0.00 0.00 0.00 0
94642 0.00 0.00 0.00 0
94643 0.00 0.00 0.00 0
94644 0.00 0.00 0.00 0
94645 0.00 0.00 0.00 0
94646 0.00 0.00 0.00 0
94647 0.00 0.00 0.00 0
94648 0.00 0.00 0.00 0
94649 0.00 0.00 0.00 0
94659 0.00 0.00 0.00 0
94660 0.00 0.00 0.00 0
94669 0.00 0.00 0.00 0
94670 0.00 0.00 0.00 0
94671 0.00 0.00 0.00 0
94678 0.00 0.00 0.00 0
94679 0.00 0.00 0.00 0
94680 0.00 0.00 0.00 0
94681 0.00 0.00 0.00 0
94682 0.00 0.00 0.00 0
94683 0.00 0.00 0.00 0
95701 0.00 0.00 0.00 0
95702 0.00 0.00 0.00 0
95703 0.00 0.00 0.00 0
95713 0.00 0.00 0.00 0
95714 0.00 0.00 0.00 0
95715 0.00 0.00 0.00 0
95716 0.00 0.00 0.00 0
95717 0.00 0.00 0.00 0
95725 0.00 0.00 0.00 0
95726 0.00 0.00 0.00 0
95727 0.00 0.00 0.00 0
95728 0.00 0.00 0.00 0
95729 0.00 0.00 0.00 0
95730 0.00 0.00 0.00 0
95734 0.00 0.00 0.00 0
95735 0.00 0.00 0.00 0
95736 0.00 0.00 0.00 0
95737 0.00 0.00 0.00 0
95738 0.00 0.00 0.00 0
95739 0.00 0.00 0.00 0
95743 0.00 0.00 0.00 0
95744 0.00 0.00 0.00 0
95745 0.00 0.00 0.00 0
95746 0.00 0.00 0.00 0
95748 0.00 0.00 0.00 0
95751 0.00 0.00 0.00 0
95752 0.00 0.00 0.00 0
95753 0.00 0.00 0.00 0
95765 0.00 0.00 0.00 0
95766 0.00 0.00 0.00 0
95779 0.00 0.00 0.00 0
95780 0.00 0.00 0.00 0
95781 0.00 0.00 0.00 0
95782 0.00 0.00 0.00 0
95795 0.00 0.00 0.00 0
95796 0.00 0.00 0.00 0
95797 0.00 0.00 0.00 0
95798 0.00 0.00 0.00 0
95799 0.00 0.00 0.00 0
95800 0.00 0.00 0.00 0
95801 0.00 0.00 0.00 0
95805 0.00 0.00 0.00 0
95806 0.00 0.00 0.00 0
95810 0.00 0.00 0.00 0
95811 0.00 0.00 0.00 0
95812 0.00 0.00 0.00 0
95817 0.00 0.00 0.00 0
95818 0.00 0.00 0.00 0
95819 0.00 0.00 0.00 0
95820 0.00 0.00 0.00 0
95821 0.00 0.00 0.00 0
95822 0.00 0.00 0.00 0
96797 0.00 0.00 0.00 0
96798 0.00 0.00 0.00 0
96799 0.00 0.00 0.00 0
96800 0.00 0.00 0.00 0
96807 0.00 0.00 0.00 0
96808 0.00 0.00 0.00 0
96809 0.00 0.00 0.00 0
96810 0.00 0.00 0.00 0
96816 0.00 0.00 0.00 0
96817 0.00 0.00 0.00 0
96818 0.00 0.00 0.00 0
96819 0.00 0.00 0.00 0
96824 0.00 0.00 0.00 0
96825 0.00 0.00 0.00 0
96826 0.00 0.00 0.00 0
96827 0.00 0.00 0.00 0
96831 0.00 0.00 0.00 0
96832 0.00 0.00 0.00 0
96842 0.00 0.00 0.00 0
96843 0.00 0.00 0.00 0
96859 0.00 0.00 0.00 0
96860 0.00 0.00 0.00 0
96861 0.00 0.00 0.00 0
96876 0.00 0.00 0.00 0
96883 0.00 0.00 0.00 0
96884 0.00 0.00 0.00 0
96885 0.00 0.00 0.00 0
96886 0.00 0.00 0.00 0
96887 0.00 0.00 0.00 0
96892 0.00 0.00 0.00 0
96893 0.00 0.00 0.00 0
96894 0.00 0.00 0.00 0
96895 0.00 0.00 0.00 0
96896 0.00 0.00 0.00 0
96900 0.00 0.00 0.00 0
96903 0.00 0.00 0.00 0
96904 0.00 0.00 0.00 0
96905 0.00 0.00 0.00 0
96912 0.00 0.00 0.00 0
96913 0.00 0.00 0.00 0
96914 0.00 0.00 0.00 0
96915 0.00 0.00 0.00 0
97838 0.00 0.00 0.00 0
97839 0.00 0.00 0.00 0
97840 0.00 0.00 0.00 0
97850 0.00 0.00 0.00 0
97851 0.00 0.00 0.00 0
97852 0.00 0.00 0.00 0
97853 0.00 0.00 0.00 0
97859 0.00 0.00 0.00 0
97860 0.00 0.00 0.00 0
97861 0.00 0.00 0.00 0
97862 0.00 0.00 0.00 0
97863 0.00 0.00 0.00 0
97868 0.00 0.00 0.00 0
97869 0.00 0.00 0.00 0
97870 0.00 0.00 0.00 0
97871 0.00 0.00 0.00 0
97884 0.00 0.00 0.00 0
97900 0.00 0.00 0.00 0
97911 0.00 0.00 0.00 0
97912 0.00 0.00 0.00 0
97914 0.00 0.00 0.00 0
97923 0.00 0.00 0.00 0
97924 0.00 0.00 0.00 0
97925 0.00 0.00 0.00 0
97926 0.00 0.00 0.00 0
97927 0.00 0.00 0.00 0
97928 0.00 0.00 0.00 0
97937 0.00 0.00 0.00 0
97938 0.00 0.00 0.00 0
97939 0.00 0.00 0.00 0
97940 0.00 0.00 0.00 0
97941 0.00 0.00 0.00 0
97947 0.00 0.00 0.00 0
97948 0.00 0.00 0.00 0
97949 0.00 0.00 0.00 0
97955 0.00 0.00 0.00 0
97956 0.00 0.00 0.00 0
97957 0.00 0.00 0.00 0
97958 0.00 0.00 0.00 0
97967 0.00 0.00 0.00 0
97968 0.00 0.00 0.00 0
98853 0.00 0.00 0.00 0
98854 0.00 0.00 0.00 0
98855 0.00 0.00 0.00 0
98856 0.00 0.00 0.00 0
98870 0.00 0.00 0.00 0
98871 0.00 0.00 0.00 0
98872 0.00 0.00 0.00 0
98873 0.00 0.00 0.00 0
98874 0.00 0.00 0.00 0
98889 0.00 0.00 0.00 0
98890 0.00 0.00 0.00 0
98891 0.00 0.00 0.00 0
98892 0.00 0.00 0.00 0
98893 0.00 0.00 0.00 0
98894 0.00 0.00 0.00 0
98909 0.00 0.00 0.00 0
98910 0.00 0.00 0.00 0
98911 0.00 0.00 0.00 0
98912 0.00 0.00 0.00 0
98913 0.00 0.00 0.00 0
98927 0.00 0.00 0.00 0
98928 0.00 0.00 0.00 0
98933 0.00 0.00 0.00 0
98936 0.00 0.00 0.00 0
98937 0.00 0.00 0.00 0
98947 0.00 0.00 0.00 0
98958 0.00 0.00 0.00 0
98959 0.00 0.00 0.00 0
98960 0.00 0.00 0.00 0
98961 0.00 0.00 0.00 0
98962 0.00 0.00 0.00 0
98963 0.00 0.00 0.00 0
98964 0.00 0.00 0.00 0
98970 0.00 0.00 0.00 0
98971 0.00 0.00 0.00 0
98972 0.00 0.00 0.00 0
98973 0.00 0.00 0.00 0
98981 0.00 0.00 0.00 0
98982 0.00 0.00 0.00 0
98983 0.00 0.00 0.00 0
98997 0.00 0.00 0.00 0
98998 0.00 0.00 0.00 0
98999 0.00 0.00 0.00 0
99931 0.00 0.00 0.00 0
99932 0.00 0.00 0.00 0
99933 0.00 0.00 0.00 0
99939 0.00 0.00 0.00 0
99940 0.00 0.00 0.00 0
99941 0.00 0.00 0.00 0
99942 0.00 0.00 0.00 0
99948 0.00 0.00 0.00 0
99949 0.00 0.00 0.00 0
99950 0.00 0.00 0.00 0
99951 0.00 0.00 0.00 0
99952 0.00 0.00 0.00 0
99956 0.00 0.00 0.00 0
99957 0.00 0.00 0.00 0
99958 0.00 0.00 0.00 0
99959 0.00 0.00 0.00 0
99963 0.00 0.00 0.00 0
99964 0.00 0.00 0.00 0
99965 0.00 0.00 0.00 0
99968 0.00 0.00 0.00 0
99969 0.00 0.00 0.00 0
99978 0.00 0.00 0.00 0
99979 0.00 0.00 0.00 0
99990 0.00 0.00 0.00 0
99994 0.00 0.00 0.00 0
99995 0.00 0.00 0.00 0
99996 0.00 0.00 0.00 0
99997 0.00 0.00 0.00 0
99998 0.00 0.00 0.00 0
99999 0.00 0.00 0.00 0
100000 0.00 0.00 0.00 0
100005 0.00 0.00 0.00 0
100012 0.00 0.00 0.00 0
100013 0.00 0.00 0.00 0
100014 0.00 0.00 0.00 0
100028 0.00 0.00 0.00 0
100029 0.00 0.00 0.00 0
100030 0.00 0.00 0.00 0
100031 0.00 0.00 0.00 0
100964 0.00 0.00 0.00 0
100965 0.00 0.00 0.00 0
100966 0.00 0.00 0.00 0
100967 0.00 0.00 0.00 0
100973 0.00 0.00 0.00 0
100974 0.00 0.00 0.00 0
100975 0.00 0.00 0.00 0
100976 0.00 0.00 0.00 0
100984 0.00 0.00 0.00 0
100985 0.00 0.00 0.00 0
100986 0.00 0.00 0.00 0
100987 0.00 0.00 0.00 0
100992 0.00 0.00 0.00 0
100993 0.00 0.00 0.00 0
100994 0.00 0.00 0.00 0
100995 0.00 0.00 0.00 0
100996 0.00 0.00 0.00 0
100999 0.00 0.00 0.00 0
101000 0.00 0.00 0.00 0
101001 0.00 0.00 0.00 0
101002 0.00 0.00 0.00 0
101003 0.00 0.00 0.00 0
101004 0.00 0.00 0.00 0
101007 0.00 0.00 0.00 0
101008 0.00 0.00 0.00 0
101011 0.00 0.00 0.00 0
101012 0.00 0.00 0.00 0
101013 0.00 0.00 0.00 0
101021 0.00 0.00 0.00 0
101022 0.00 0.00 0.00 0
101023 0.00 0.00 0.00 0
101033 0.00 0.00 0.00 0
101034 0.00 0.00 0.00 0
101039 0.00 0.00 0.00 0
101042 0.00 0.00 0.00 0
101043 0.00 0.00 0.00 0
101044 0.00 0.00 0.00 0
101045 0.00 0.00 0.00 0
101046 0.00 0.00 0.00 0
101047 0.00 0.00 0.00 0
101048 0.00 0.00 0.00 0
101055 0.00 0.00 0.00 0
101056 0.00 0.00 0.00 0
101057 0.00 0.00 0.00 0
101065 0.00 0.00 0.00 0
101066 0.00 0.00 0.00 0
101079 0.00 0.00 0.00 0
101080 0.00 0.00 0.00 0
101081 0.00 0.00 0.00 0
102054 0.00 0.00 0.00 0
102055 0.00 0.00 0.00 0
102056 0.00 0.00 0.00 0
102067 0.00 0.00 0.00 0
102068 0.00 0.00 0.00 0
102069 0.00 0.00 0.00 0
102070 0.00 0.00 0.00 0
102075 0.00 0.00 0.00 0
102076 0.00 0.00 0.00 0
102077 0.00 0.00 0.00 0
102078 0.00 0.00 0.00 0
102087 0.00 0.00 0.00 0
102088 0.00 0.00 0.00 0
102089 0.00 0.00 0.00 0
102090 0.00 0.00 0.00 0
102091 0.00 0.00 0.00 0
102092 0.00 0.00 0.00 0
102099 0.00 0.00 0.00 0
102100 0.00 0.00 0.00 0
102101 0.00 0.00 0.00 0
102102 0.00 0.00 0.00 0
102103 0.00 0.00 0.00 0
102106 0.00 0.00 0.00 0
102107 0.00 0.00 0.00 0
102108 0.00 0.00 0.00 0
102110 0.00 0.00 0.00 0
102112 0.00 0.00 0.00 0
102113 0.00 0.00 0.00 0
102122 0.00 0.00 0.00 0
102123 0.00 0.00 0.00 0
102124 0.00 0.00 0.00 0
102129 0.00 0.00 0.00 0
102130 0.00 0.00 0.00 0
102131 0.00 0.00 0.00 0
102132 0.00 0.00 0.00 0
102136 0.00 0.00 0.00 0
102137 0.00 0.00 0.00 0
102138 0.00 0.00 0.00 0
102139 0.00 0.00 0.00 0
102143 0.00 0.00 0.00 0
102144 0.00 0.00 0.00 0
102145 0.00 0.00 0.00 0
102146 0.00 0.00 0.00 0
102147 0.00 0.00 0.00 0
102148 0.00 0.00 0.00 0
102149 0.00 0.00 0.00 0
102159 0.00 0.00 0.00 0
102160 0.00 0.00 0.00 0
102161 0.00 0.00 0.00 0
102167 0.00 0.00 0.00 0
102168 0.00 0.00 0.00 0
102169 0.00 0.00 0.00 0
102182 0.00 0.00 0.00 0
102183 0.00 0.00 0.00 0
103186 0.00 0.00 0.00 0
103206 0.00 0.00 0.00 0
103208 0.00 0.00 0.00 0
103220 0.00 0.00 0.00 0
103221 0.00 0.00 0.00 0
103222 0.00 0.00 0.00 0
103223 0.00 0.00 0.00 0
103224 0.00 0.00 0.00 0
103234 0.00 0.00 0.00 0
103235 0.00 0.00 0.00 0
103236 0.00 0.00 0.00 0
103237 0.00 0.00 0.00 0
103238 0.00 0.00 0.00 0
103251 0.00 0.00 0.00 0
103252 0.00 0.00 0.00 0
103258 0.00 0.00 0.00 0
103259 0.00 0.00 0.00 0
103261 0.00 0.00 0.00 0
103262 0.00 0.00 0.00 0
103266 0.00 0.00 0.00 0
103267 0.00 0.00 0.00 0
103276 0.00 0.00 0.00 0
103277 0.00 0.00 0.00 0
103281 0.00 0.00 0.00 0
103282 0.00 0.00 0.00 0
103283 0.00 0.00 0.00 0
103290 0.00 0.00 0.00 0
103291 0.00 0.00 0.00 0
103292 0.00 0.00 0.00 0
103293 0.00 0.00 0.00 0
103294 0.00 0.00 0.00 0
103305 0.00 0.00 0.00 0
103306 0.00 0.00 0.00 0
103307 0.00 0.00 0.00 0
103308 0.00 0.00 0.00 0
103309 0.00 0.00 0.00 0
103310 0.00 0.00 0.00 0
103311 0.00 0.00 0.00 0
103321 0.00 0.00 0.00 0
103322 0.00 0.00 0.00 0
103323 0.00 0.00 0.00 0
103329 0.00 0.00 0.00 0
103330 0.00 0.00 0.00 0
104385 0.00 0.00 0.00 0
104402 0.00 0.00 0.00 0
104403 0.00 0.00 0.00 0
104407 0.00 0.00 0.00 0
104408 0.00 0.00 0.00 0
104412 0.00 0.00 0.00 0
104426 0.00 0.00 0.00 0
104427 0.00 0.00 0.00 0
104438 0.00 0.00 0.00 0
104439 0.00 0.00 0.00 0
104453 0.00 0.00 0.00 0
104454 0.00 0.00 0.00 0
104455 0.00 0.00 0.00 0
104456 0.00 0.00 0.00 0
104457 0.00 0.00 0.00 0
104468 0.00 0.00 0.00 0
104469 0.00 0.00 0.00 0
104470 0.00 0.00 0.00 0
104471 0.00 0.00 0.00 0
104472 0.00 0.00 0.00 0
104473 0.00 0.00 0.00 0
104474 0.00 0.00 0.00 0
104477 0.00 0.00 0.00 0
105516 0.00 0.00 0.00 0
105535 0.00 0.00 0.00 0
105536 0.00 0.00 0.00 0
105547 0.00 0.00 0.00 0
105548 0.00 0.00 0.00 0
105560 0.00 0.00 0.00 0
