# posteriorcingulate
2132
48769 0.00 0.00 0.00 0
48770 0.00 0.00 0.00 0
48771 0.00 0.00 0.00 0
48783 0.00 0.00 0.00 0
48784 0.00 0.00 0.00 0
48785 0.00 0.00 0.00 0
48795 0.00 0.00 0.00 0
49959 0.00 0.00 0.00 0
49960 0.00 0.00 0.00 0
49961 0.00 0.00 0.00 0
49962 0.00 0.00 0.00 0
49963 0.00 0.00 0.00 0
49964 0.00 0.00 0.00 0
49965 0.00 0.00 0.00 0
49966 0.00 0.00 0.00 0
49982 0.00 0.00 0.00 0
49983 0.00 0.00 0.00 0
49984 0.00 0.00 0.00 0
49985 0.00 0.00 0.00 0
49986 0.00 0.00 0.00 0
49987 0.00 0.00 0.00 0
49988 0.00 0.00 0.00 0
49989 0.00 0.00 0.00 0
49990 0.00 0.00 0.00 0
50002 0.00 0.00 0.00 0
50003 0.00 0.00 0.00 0
50004 0.00 0.00 0.00 0
50005 0.00 0.00 0.00 0
50006 0.00 0.00 0.00 0
50007 0.00 0.00 0.00 0
50008 0.00 0.00 0.00 0
50019 0.00 0.00 0.00 0
51355 0.00 0.00 0.00 0
51356 0.00 0.00 0.00 0
51357 0.00 0.00 0.00 0
51358 0.00 0.00 0.00 0
51359 0.00 0.00 0.00 0
51360 0.00 0.00 0.00 0
51361 0.00 0.00 0.00 0
51362 0.00 0.00 0.00 0
51363 0.00 0.00 0.00 0
51377 0.00 0.00 0.00 0
51378 0.00 0.00 0.00 0
51379 0.00 0.00 0.00 0
51380 0.00 0.00 0.00 0
51381 0.00 0.00 0.00 0
51382 0.00 0.00 0.00 0
51383 0.00 0.00 0.00 0
51394 0.00 0.00 0.00 0
51395 0.00 0.00 0.00 0
51396 0.00 0.00 0.00 0
51397 0.00 0.00 0.00 0
51398 0.00 0.00 0.00 0
51399 0.00 0.00 0.00 0
51400 0.00 0.00 0.00 0
51401 0.00 0.00 0.00 0
51402 0.00 0.00 0.00 0
51403 0.00 0.00 0.00 0
51414 0.00 0.00 0.00 0
51415 0.00 0.00 0.00 0
51416 0.00 0.00 0.00 0
51417 0.00 0.00 0.00 0
51418 0.00 0.00 0.00 0
51419 0.00 0.00 0.00 0
51420 0.00 0.00 0.00 0
51422 0.00 0.00 0.00 0
51437 0.00 0.00 0.00 0
51438 0.00 0.00 0.00 0
52745 0.00 0.00 0.00 0
52746 0.00 0.00 0.00 0
52747 0.00 0.00 0.00 0
52748 0.00 0.00 0.00 0
52749 0.00 0.00 0.00 0
52750 0.00 0.00 0.00 0
52751 0.00 0.00 0.00 0
52752 0.00 0.00 0.00 0
52766 0.00 0.00 0.00 0
52767 0.00 0.00 0.00 0
52768 0.00 0.00 0.00 0
52769 0.00 0.00 0.00 0
52770 0.00 0.00 0.00 0
52771 0.00 0.00 0.00 0
52772 0.00 0.00 0.00 0
52773 0.00 0.00 0.00 0
52774 0.00 0.00 0.00 0
52782 0.00 0.00 0.00 0
52783 0.00 0.00 0.00 0
52784 0.00 0.00 0.00 0
52785 0.00 0.00 0.00 0
52786 0.00 0.00 0.00 0
52787 0.00 0.00 0.00 0
52788 0.00 0.00 0.00 0
52797 0.00 0.00 0.00 0
52798 0.00 0.00 0.00 0
52799 0.00 0.00 0.00 0
52800 0.00 0.00 0.00 0
52801 0.00 0.00 0.00 0
52802 0.00 0.00 0.00 0
52803 0.00 0.00 0.00 0
52806 0.00 0.00 0.00 0
52807 0.00 0.00 0.00 0
52819 0.00 0.00 0.00 0
52820 0.00 0.00 0.00 0
52821 0.00 0.00 0.00 0
52822 0.00 0.00 0.00 0
52823 0.00 0.00 0.00 0
52838 0.00 0.00 0.00 0
52839 0.00 0.00 0.00 0
52840 0.00 0.00 0.00 0
52841 0.00 0.00 0.00 0
54082 0.00 0.00 0.00 0
54083 0.00 0.00 0.00 0
54084 0.00 0.00 0.00 0
54085 0.00 0.00 0.00 0
54103 0.00 0.00 0.00 0
54104 0.00 0.00 0.00 0
54105 0.00 0.00 0.00 0
54106 0.00 0.00 0.00 0
54107 0.00 0.00 0.00 0
54108 0.00 0.00 0.00 0
54109 0.00 0.00 0.00 0
54110 0.00 0.00 0.00 0
54111 0.00 0.00 0.00 0
54112 0.00 0.00 0.00 0
54124 0.00 0.00 0.00 0
54125 0.00 0.00 0.00 0
54126 0.00 0.00 0.00 0
54127 0.00 0.00 0.00 0
54128 0.00 0.00 0.00 0
54129 0.00 0.00 0.00 0
54130 0.00 0.00 0.00 0
54143 0.00 0.00 0.00 0
54144 0.00 0.00 0.00 0
54145 0.00 0.00 0.00 0
54146 0.00 0.00 0.00 0
54148 0.00 0.00 0.00 0
54149 0.00 0.00 0.00 0
54150 0.00 0.00 0.00 0
54166 0.00 0.00 0.00 0
54167 0.00 0.00 0.00 0
54168 0.00 0.00 0.00 0
54169 0.00 0.00 0.00 0
54170 0.00 0.00 0.00 0
54188 0.00 0.00 0.00 0
54189 0.00 0.00 0.00 0
54190 0.00 0.00 0.00 0
54191 0.00 0.00 0.00 0
54192 0.00 0.00 0.00 0
54193 0.00 0.00 0.00 0
55357 0.00 0.00 0.00 0
55358 0.00 0.00 0.00 0
55374 0.00 0.00 0.00 0
55375 0.00 0.00 0.00 0
55376 0.00 0.00 0.00 0
55377 0.00 0.00 0.00 0
55393 0.00 0.00 0.00 0
55394 0.00 0.00 0.00 0
55395 0.00 0.00 0.00 0
55396 0.00 0.00 0.00 0
55397 0.00 0.00 0.00 0
55398 0.00 0.00 0.00 0
55399 0.00 0.00 0.00 0
55411 0.00 0.00 0.00 0
55412 0.00 0.00 0.00 0
55413 0.00 0.00 0.00 0
55414 0.00 0.00 0.00 0
55415 0.00 0.00 0.00 0
55416 0.00 0.00 0.00 0
55417 0.00 0.00 0.00 0
55418 0.00 0.00 0.00 0
55431 0.00 0.00 0.00 0
55432 0.00 0.00 0.00 0
55433 0.00 0.00 0.00 0
55434 0.00 0.00 0.00 0
55435 0.00 0.00 0.00 0
55436 0.00 0.00 0.00 0
55449 0.00 0.00 0.00 0
55450 0.00 0.00 0.00 0
55451 0.00 0.00 0.00 0
55462 0.00 0.00 0.00 0
55463 0.00 0.00 0.00 0
55464 0.00 0.00 0.00 0
55465 0.00 0.00 0.00 0
55466 0.00 0.00 0.00 0
55479 0.00 0.00 0.00 0
55480 0.00 0.00 0.00 0
55481 0.00 0.00 0.00 0
56613 0.00 0.00 0.00 0
56614 0.00 0.00 0.00 0
56615 0.00 0.00 0.00 0
56628 0.00 0.00 0.00 0
56629 0.00 0.00 0.00 0
56630 0.00 0.00 0.00 0
56631 0.00 0.00 0.00 0
56632 0.00 0.00 0.00 0
56646 0.00 0.00 0.00 0
56647 0.00 0.00 0.00 0
56648 0.00 0.00 0.00 0
56649 0.00 0.00 0.00 0
56650 0.00 0.00 0.00 0
56651 0.00 0.00 0.00 0
56652 0.00 0.00 0.00 0
56665 0.00 0.00 0.00 0
56666 0.00 0.00 0.00 0
56667 0.00 0.00 0.00 0
56668 0.00 0.00 0.00 0
56669 0.00 0.00 0.00 0
56670 0.00 0.00 0.00 0
56684 0.00 0.00 0.00 0
56685 0.00 0.00 0.00 0
56686 0.00 0.00 0.00 0
56687 0.00 0.00 0.00 0
56688 0.00 0.00 0.00 0
56689 0.00 0.00 0.00 0
56701 0.00 0.00 0.00 0
56702 0.00 0.00 0.00 0
56710 0.00 0.00 0.00 0
56711 0.00 0.00 0.00 0
56712 0.00 0.00 0.00 0
56713 0.00 0.00 0.00 0
56725 0.00 0.00 0.00 0
56726 0.00 0.00 0.00 0
56727 0.00 0.00 0.00 0
56728 0.00 0.00 0.00 0
56729 0.00 0.00 0.00 0
57798 0.00 0.00 0.00 0
57799 0.00 0.00 0.00 0
57800 0.00 0.00 0.00 0
57816 0.00 0.00 0.00 0
57817 0.00 0.00 0.00 0
57818 0.00 0.00 0.00 0
57819 0.00 0.00 0.00 0
57835 0.00 0.00 0.00 0
57836 0.00 0.00 0.00 0
57837 0.00 0.00 0.00 0
57838 0.00 0.00 0.00 0
57839 0.00 0.00 0.00 0
57840 0.00 0.00 0.00 0
57841 0.00 0.00 0.00 0
57856 0.00 0.00 0.00 0
57857 0.00 0.00 0.00 0
57858 0.00 0.00 0.00 0
57859 0.00 0.00 0.00 0
57860 0.00 0.00 0.00 0
57873 0.00 0.00 0.00 0
57874 0.00 0.00 0.00 0
57875 0.00 0.00 0.00 0
57876 0.00 0.00 0.00 0
57877 0.00 0.00 0.00 0
57878 0.00 0.00 0.00 0
57879 0.00 0.00 0.00 0
57880 0.00 0.00 0.00 0
57881 0.00 0.00 0.00 0
57890 0.00 0.00 0.00 0
57891 0.00 0.00 0.00 0
57892 0.00 0.00 0.00 0
57893 0.00 0.00 0.00 0
57894 0.00 0.00 0.00 0
57895 0.00 0.00 0.00 0
57896 0.00 0.00 0.00 0
57908 0.00 0.00 0.00 0
57909 0.00 0.00 0.00 0
57910 0.00 0.00 0.00 0
57923 0.00 0.00 0.00 0
57924 0.00 0.00 0.00 0
57925 0.00 0.00 0.00 0
57926 0.00 0.00 0.00 0
57927 0.00 0.00 0.00 0
57928 0.00 0.00 0.00 0
57939 0.00 0.00 0.00 0
57940 0.00 0.00 0.00 0
57941 0.00 0.00 0.00 0
57942 0.00 0.00 0.00 0
57943 0.00 0.00 0.00 0
57944 0.00 0.00 0.00 0
58964 0.00 0.00 0.00 0
58965 0.00 0.00 0.00 0
58966 0.00 0.00 0.00 0
58967 0.00 0.00 0.00 0
58986 0.00 0.00 0.00 0
58987 0.00 0.00 0.00 0
58988 0.00 0.00 0.00 0
58989 0.00 0.00 0.00 0
59007 0.00 0.00 0.00 0
59008 0.00 0.00 0.00 0
59009 0.00 0.00 0.00 0
59010 0.00 0.00 0.00 0
59011 0.00 0.00 0.00 0
59012 0.00 0.00 0.00 0
59013 0.00 0.00 0.00 0
59027 0.00 0.00 0.00 0
59028 0.00 0.00 0.00 0
59029 0.00 0.00 0.00 0
59030 0.00 0.00 0.00 0
59031 0.00 0.00 0.00 0
59032 0.00 0.00 0.00 0
59040 0.00 0.00 0.00 0
59041 0.00 0.00 0.00 0
59042 0.00 0.00 0.00 0
59043 0.00 0.00 0.00 0
59044 0.00 0.00 0.00 0
59045 0.00 0.00 0.00 0
59046 0.00 0.00 0.00 0
59057 0.00 0.00 0.00 0
59058 0.00 0.00 0.00 0
59059 0.00 0.00 0.00 0
59060 0.00 0.00 0.00 0
59061 0.00 0.00 0.00 0
59062 0.00 0.00 0.00 0
59077 0.00 0.00 0.00 0
59078 0.00 0.00 0.00 0
59079 0.00 0.00 0.00 0
59080 0.00 0.00 0.00 0
59093 0.00 0.00 0.00 0
59094 0.00 0.00 0.00 0
59095 0.00 0.00 0.00 0
59096 0.00 0.00 0.00 0
59110 0.00 0.00 0.00 0
59111 0.00 0.00 0.00 0
59112 0.00 0.00 0.00 0
59113 0.00 0.00 0.00 0
59114 0.00 0.00 0.00 0
59115 0.00 0.00 0.00 0
59129 0.00 0.00 0.00 0
59130 0.00 0.00 0.00 0
59131 0.00 0.00 0.00 0
59132 0.00 0.00 0.00 0
59133 0.00 0.00 0.00 0
59134 0.00 0.00 0.00 0
59151 0.00 0.00 0.00 0
60123 0.00 0.00 0.00 0
60124 0.00 0.00 0.00 0
60125 0.00 0.00 0.00 0
60126 0.00 0.00 0.00 0
60136 0.00 0.00 0.00 0
60137 0.00 0.00 0.00 0
60138 0.00 0.00 0.00 0
60139 0.00 0.00 0.00 0
60149 0.00 0.00 0.00 0
60150 0.00 0.00 0.00 0
60151 0.00 0.00 0.00 0
60152 0.00 0.00 0.00 0
60153 0.00 0.00 0.00 0
60154 0.00 0.00 0.00 0
60156 0.00 0.00 0.00 0
60164 0.00 0.00 0.00 0
60165 0.00 0.00 0.00 0
60166 0.00 0.00 0.00 0
60167 0.00 0.00 0.00 0
60168 0.00 0.00 0.00 0
60169 0.00 0.00 0.00 0
60170 0.00 0.00 0.00 0
60171 0.00 0.00 0.00 0
60180 0.00 0.00 0.00 0
60181 0.00 0.00 0.00 0
60182 0.00 0.00 0.00 0
60183 0.00 0.00 0.00 0
60184 0.00 0.00 0.00 0
60185 0.00 0.00 0.00 0
60186 0.00 0.00 0.00 0
60187 0.00 0.00 0.00 0
60198 0.00 0.00 0.00 0
60199 0.00 0.00 0.00 0
60200 0.00 0.00 0.00 0
60201 0.00 0.00 0.00 0
60202 0.00 0.00 0.00 0
60214 0.00 0.00 0.00 0
60215 0.00 0.00 0.00 0
60216 0.00 0.00 0.00 0
60217 0.00 0.00 0.00 0
60226 0.00 0.00 0.00 0
60227 0.00 0.00 0.00 0
60228 0.00 0.00 0.00 0
60229 0.00 0.00 0.00 0
60240 0.00 0.00 0.00 0
60241 0.00 0.00 0.00 0
60242 0.00 0.00 0.00 0
60255 0.00 0.00 0.00 0
60272 0.00 0.00 0.00 0
60284 0.00 0.00 0.00 0
61342 0.00 0.00 0.00 0
61343 0.00 0.00 0.00 0
61344 0.00 0.00 0.00 0
61345 0.00 0.00 0.00 0
61354 0.00 0.00 0.00 0
61355 0.00 0.00 0.00 0
61356 0.00 0.00 0.00 0
61357 0.00 0.00 0.00 0
61366 0.00 0.00 0.00 0
61367 0.00 0.00 0.00 0
61368 0.00 0.00 0.00 0
61369 0.00 0.00 0.00 0
61371 0.00 0.00 0.00 0
61378 0.00 0.00 0.00 0
61379 0.00 0.00 0.00 0
61380 0.00 0.00 0.00 0
61381 0.00 0.00 0.00 0
61382 0.00 0.00 0.00 0
61383 0.00 0.00 0.00 0
61384 0.00 0.00 0.00 0
61393 0.00 0.00 0.00 0
61394 0.00 0.00 0.00 0
61395 0.00 0.00 0.00 0
61396 0.00 0.00 0.00 0
61397 0.00 0.00 0.00 0
61398 0.00 0.00 0.00 0
61399 0.00 0.00 0.00 0
61400 0.00 0.00 0.00 0
61409 0.00 0.00 0.00 0
61410 0.00 0.00 0.00 0
61411 0.00 0.00 0.00 0
61412 0.00 0.00 0.00 0
61413 0.00 0.00 0.00 0
61420 0.00 0.00 0.00 0
61421 0.00 0.00 0.00 0
61429 0.00 0.00 0.00 0
61430 0.00 0.00 0.00 0
61431 0.00 0.00 0.00 0
61439 0.00 0.00 0.00 0
61440 0.00 0.00 0.00 0
61441 0.00 0.00 0.00 0
61442 0.00 0.00 0.00 0
61451 0.00 0.00 0.00 0
61452 0.00 0.00 0.00 0
61462 0.00 0.00 0.00 0
61475 0.00 0.00 0.00 0
61481 0.00 0.00 0.00 0
61482 0.00 0.00 0.00 0
61483 0.00 0.00 0.00 0
61484 0.00 0.00 0.00 0
61485 0.00 0.00 0.00 0
61486 0.00 0.00 0.00 0
61495 0.00 0.00 0.00 0
61501 0.00 0.00 0.00 0
62589 0.00 0.00 0.00 0
62590 0.00 0.00 0.00 0
62591 0.00 0.00 0.00 0
62592 0.00 0.00 0.00 0
62604 0.00 0.00 0.00 0
62605 0.00 0.00 0.00 0
62606 0.00 0.00 0.00 0
62607 0.00 0.00 0.00 0
62608 0.00 0.00 0.00 0
62619 0.00 0.00 0.00 0
62620 0.00 0.00 0.00 0
62621 0.00 0.00 0.00 0
62622 0.00 0.00 0.00 0
62623 0.00 0.00 0.00 0
62624 0.00 0.00 0.00 0
62625 0.00 0.00 0.00 0
62635 0.00 0.00 0.00 0
62636 0.00 0.00 0.00 0
62637 0.00 0.00 0.00 0
62638 0.00 0.00 0.00 0
62639 0.00 0.00 0.00 0
62640 0.00 0.00 0.00 0
62641 0.00 0.00 0.00 0
62642 0.00 0.00 0.00 0
62653 0.00 0.00 0.00 0
62654 0.00 0.00 0.00 0
62655 0.00 0.00 0.00 0
62656 0.00 0.00 0.00 0
62657 0.00 0.00 0.00 0
62658 0.00 0.00 0.00 0
62659 0.00 0.00 0.00 0
62660 0.00 0.00 0.00 0
62661 0.00 0.00 0.00 0
62669 0.00 0.00 0.00 0
62670 0.00 0.00 0.00 0
62671 0.00 0.00 0.00 0
62672 0.00 0.00 0.00 0
62673 0.00 0.00 0.00 0
62679 0.00 0.00 0.00 0
62680 0.00 0.00 0.00 0
62688 0.00 0.00 0.00 0
62689 0.00 0.00 0.00 0
62698 0.00 0.00 0.00 0
62699 0.00 0.00 0.00 0
62700 0.00 0.00 0.00 0
62708 0.00 0.00 0.00 0
62709 0.00 0.00 0.00 0
62710 0.00 0.00 0.00 0
62720 0.00 0.00 0.00 0
62721 0.00 0.00 0.00 0
62736 0.00 0.00 0.00 0
62737 0.00 0.00 0.00 0
62738 0.00 0.00 0.00 0
62739 0.00 0.00 0.00 0
62746 0.00 0.00 0.00 0
62747 0.00 0.00 0.00 0
62748 0.00 0.00 0.00 0
62749 0.00 0.00 0.00 0
62750 0.00 0.00 0.00 0
62751 0.00 0.00 0.00 0
62752 0.00 0.00 0.00 0
62756 0.00 0.00 0.00 0
62757 0.00 0.00 0.00 0
62758 0.00 0.00 0.00 0
62759 0.00 0.00 0.00 0
62760 0.00 0.00 0.00 0
62766 0.00 0.00 0.00 0
62767 0.00 0.00 0.00 0
63744 0.00 0.00 0.00 0
63745 0.00 0.00 0.00 0
63746 0.00 0.00 0.00 0
63761 0.00 0.00 0.00 0
63762 0.00 0.00 0.00 0
63763 0.00 0.00 0.00 0
63805 0.00 0.00 0.00 0
63815 0.00 0.00 0.00 0
63816 0.00 0.00 0.00 0
63817 0.00 0.00 0.00 0
63818 0.00 0.00 0.00 0
63819 0.00 0.00 0.00 0
63820 0.00 0.00 0.00 0
63830 0.00 0.00 0.00 0
63831 0.00 0.00 0.00 0
63832 0.00 0.00 0.00 0
63833 0.00 0.00 0.00 0
63834 0.00 0.00 0.00 0
63835 0.00 0.00 0.00 0
63836 0.00 0.00 0.00 0
63837 0.00 0.00 0.00 0
63847 0.00 0.00 0.00 0
63848 0.00 0.00 0.00 0
63849 0.00 0.00 0.00 0
63850 0.00 0.00 0.00 0
63851 0.00 0.00 0.00 0
63852 0.00 0.00 0.00 0
63861 0.00 0.00 0.00 0
63862 0.00 0.00 0.00 0
63863 0.00 0.00 0.00 0
63864 0.00 0.00 0.00 0
63865 0.00 0.00 0.00 0
63866 0.00 0.00 0.00 0
63867 0.00 0.00 0.00 0
63868 0.00 0.00 0.00 0
63878 0.00 0.00 0.00 0
63879 0.00 0.00 0.00 0
63880 0.00 0.00 0.00 0
63881 0.00 0.00 0.00 0
63882 0.00 0.00 0.00 0
63883 0.00 0.00 0.00 0
63884 0.00 0.00 0.00 0
63892 0.00 0.00 0.00 0
63893 0.00 0.00 0.00 0
63901 0.00 0.00 0.00 0
63902 0.00 0.00 0.00 0
63911 0.00 0.00 0.00 0
63912 0.00 0.00 0.00 0
63920 0.00 0.00 0.00 0
63921 0.00 0.00 0.00 0
63931 0.00 0.00 0.00 0
63932 0.00 0.00 0.00 0
63944 0.00 0.00 0.00 0
63945 0.00 0.00 0.00 0
63946 0.00 0.00 0.00 0
63947 0.00 0.00 0.00 0
63948 0.00 0.00 0.00 0
63949 0.00 0.00 0.00 0
63964 0.00 0.00 0.00 0
63965 0.00 0.00 0.00 0
63966 0.00 0.00 0.00 0
63967 0.00 0.00 0.00 0
63968 0.00 0.00 0.00 0
63977 0.00 0.00 0.00 0
63978 0.00 0.00 0.00 0
63979 0.00 0.00 0.00 0
63980 0.00 0.00 0.00 0
63981 0.00 0.00 0.00 0
63982 0.00 0.00 0.00 0
63990 0.00 0.00 0.00 0
63991 0.00 0.00 0.00 0
63992 0.00 0.00 0.00 0
64002 0.00 0.00 0.00 0
64003 0.00 0.00 0.00 0
64004 0.00 0.00 0.00 0
64984 0.00 0.00 0.00 0
64985 0.00 0.00 0.00 0
64986 0.00 0.00 0.00 0
65006 0.00 0.00 0.00 0
65007 0.00 0.00 0.00 0
65008 0.00 0.00 0.00 0
65009 0.00 0.00 0.00 0
65010 0.00 0.00 0.00 0
65011 0.00 0.00 0.00 0
65012 0.00 0.00 0.00 0
65013 0.00 0.00 0.00 0
65014 0.00 0.00 0.00 0
65015 0.00 0.00 0.00 0
65033 0.00 0.00 0.00 0
65034 0.00 0.00 0.00 0
65035 0.00 0.00 0.00 0
65036 0.00 0.00 0.00 0
65037 0.00 0.00 0.00 0
65038 0.00 0.00 0.00 0
65039 0.00 0.00 0.00 0
65040 0.00 0.00 0.00 0
65041 0.00 0.00 0.00 0
65042 0.00 0.00 0.00 0
65061 0.00 0.00 0.00 0
65062 0.00 0.00 0.00 0
65063 0.00 0.00 0.00 0
65064 0.00 0.00 0.00 0
65065 0.00 0.00 0.00 0
65066 0.00 0.00 0.00 0
65067 0.00 0.00 0.00 0
65068 0.00 0.00 0.00 0
65069 0.00 0.00 0.00 0
65070 0.00 0.00 0.00 0
65089 0.00 0.00 0.00 0
65090 0.00 0.00 0.00 0
65091 0.00 0.00 0.00 0
65092 0.00 0.00 0.00 0
65093 0.00 0.00 0.00 0
65094 0.00 0.00 0.00 0
65095 0.00 0.00 0.00 0
65096 0.00 0.00 0.00 0
65097 0.00 0.00 0.00 0
65116 0.00 0.00 0.00 0
65117 0.00 0.00 0.00 0
65118 0.00 0.00 0.00 0
65119 0.00 0.00 0.00 0
65120 0.00 0.00 0.00 0
65121 0.00 0.00 0.00 0
65138 0.00 0.00 0.00 0
65139 0.00 0.00 0.00 0
65140 0.00 0.00 0.00 0
65141 0.00 0.00 0.00 0
65142 0.00 0.00 0.00 0
65159 0.00 0.00 0.00 0
65160 0.00 0.00 0.00 0
65161 0.00 0.00 0.00 0
65162 0.00 0.00 0.00 0
65163 0.00 0.00 0.00 0
65164 0.00 0.00 0.00 0
65165 0.00 0.00 0.00 0
65181 0.00 0.00 0.00 0
65182 0.00 0.00 0.00 0
65183 0.00 0.00 0.00 0
65184 0.00 0.00 0.00 0
65185 0.00 0.00 0.00 0
65186 0.00 0.00 0.00 0
65187 0.00 0.00 0.00 0
65201 0.00 0.00 0.00 0
65202 0.00 0.00 0.00 0
65203 0.00 0.00 0.00 0
65204 0.00 0.00 0.00 0
65205 0.00 0.00 0.00 0
65206 0.00 0.00 0.00 0
65207 0.00 0.00 0.00 0
65217 0.00 0.00 0.00 0
65218 0.00 0.00 0.00 0
65219 0.00 0.00 0.00 0
65220 0.00 0.00 0.00 0
65221 0.00 0.00 0.00 0
65222 0.00 0.00 0.00 0
65223 0.00 0.00 0.00 0
65231 0.00 0.00 0.00 0
65232 0.00 0.00 0.00 0
65233 0.00 0.00 0.00 0
65234 0.00 0.00 0.00 0
65241 0.00 0.00 0.00 0
65242 0.00 0.00 0.00 0
65243 0.00 0.00 0.00 0
65250 0.00 0.00 0.00 0
65251 0.00 0.00 0.00 0
65258 0.00 0.00 0.00 0
65259 0.00 0.00 0.00 0
65267 0.00 0.00 0.00 0
65268 0.00 0.00 0.00 0
65281 0.00 0.00 0.00 0
65299 0.00 0.00 0.00 0
65300 0.00 0.00 0.00 0
65301 0.00 0.00 0.00 0
65302 0.00 0.00 0.00 0
65303 0.00 0.00 0.00 0
65304 0.00 0.00 0.00 0
65320 0.00 0.00 0.00 0
65321 0.00 0.00 0.00 0
65322 0.00 0.00 0.00 0
65323 0.00 0.00 0.00 0
65324 0.00 0.00 0.00 0
65325 0.00 0.00 0.00 0
65334 0.00 0.00 0.00 0
65335 0.00 0.00 0.00 0
65336 0.00 0.00 0.00 0
65337 0.00 0.00 0.00 0
65338 0.00 0.00 0.00 0
65339 0.00 0.00 0.00 0
65348 0.00 0.00 0.00 0
65349 0.00 0.00 0.00 0
65350 0.00 0.00 0.00 0
65351 0.00 0.00 0.00 0
65367 0.00 0.00 0.00 0
65368 0.00 0.00 0.00 0
65369 0.00 0.00 0.00 0
65370 0.00 0.00 0.00 0
66310 0.00 0.00 0.00 0
66311 0.00 0.00 0.00 0
66312 0.00 0.00 0.00 0
66323 0.00 0.00 0.00 0
66324 0.00 0.00 0.00 0
66325 0.00 0.00 0.00 0
66326 0.00 0.00 0.00 0
66327 0.00 0.00 0.00 0
66328 0.00 0.00 0.00 0
66329 0.00 0.00 0.00 0
66330 0.00 0.00 0.00 0
66331 0.00 0.00 0.00 0
66346 0.00 0.00 0.00 0
66347 0.00 0.00 0.00 0
66348 0.00 0.00 0.00 0
66349 0.00 0.00 0.00 0
66350 0.00 0.00 0.00 0
66365 0.00 0.00 0.00 0
66366 0.00 0.00 0.00 0
66367 0.00 0.00 0.00 0
66381 0.00 0.00 0.00 0
66382 0.00 0.00 0.00 0
66383 0.00 0.00 0.00 0
66384 0.00 0.00 0.00 0
66385 0.00 0.00 0.00 0
66386 0.00 0.00 0.00 0
66387 0.00 0.00 0.00 0
66388 0.00 0.00 0.00 0
66402 0.00 0.00 0.00 0
66403 0.00 0.00 0.00 0
66404 0.00 0.00 0.00 0
66405 0.00 0.00 0.00 0
66406 0.00 0.00 0.00 0
66407 0.00 0.00 0.00 0
66408 0.00 0.00 0.00 0
66409 0.00 0.00 0.00 0
66410 0.00 0.00 0.00 0
66411 0.00 0.00 0.00 0
66412 0.00 0.00 0.00 0
66413 0.00 0.00 0.00 0
66425 0.00 0.00 0.00 0
66426 0.00 0.00 0.00 0
66427 0.00 0.00 0.00 0
66428 0.00 0.00 0.00 0
66429 0.00 0.00 0.00 0
66430 0.00 0.00 0.00 0
66431 0.00 0.00 0.00 0
66432 0.00 0.00 0.00 0
66433 0.00 0.00 0.00 0
66434 0.00 0.00 0.00 0
66445 0.00 0.00 0.00 0
66446 0.00 0.00 0.00 0
66447 0.00 0.00 0.00 0
66448 0.00 0.00 0.00 0
66449 0.00 0.00 0.00 0
66450 0.00 0.00 0.00 0
66451 0.00 0.00 0.00 0
66452 0.00 0.00 0.00 0
66464 0.00 0.00 0.00 0
66465 0.00 0.00 0.00 0
66466 0.00 0.00 0.00 0
66467 0.00 0.00 0.00 0
66468 0.00 0.00 0.00 0
66469 0.00 0.00 0.00 0
66470 0.00 0.00 0.00 0
66483 0.00 0.00 0.00 0
66484 0.00 0.00 0.00 0
66485 0.00 0.00 0.00 0
66486 0.00 0.00 0.00 0
66487 0.00 0.00 0.00 0
66488 0.00 0.00 0.00 0
66489 0.00 0.00 0.00 0
66490 0.00 0.00 0.00 0
66491 0.00 0.00 0.00 0
66501 0.00 0.00 0.00 0
66502 0.00 0.00 0.00 0
66503 0.00 0.00 0.00 0
66504 0.00 0.00 0.00 0
66505 0.00 0.00 0.00 0
66513 0.00 0.00 0.00 0
66522 0.00 0.00 0.00 0
66523 0.00 0.00 0.00 0
66531 0.00 0.00 0.00 0
66532 0.00 0.00 0.00 0
66540 0.00 0.00 0.00 0
66541 0.00 0.00 0.00 0
66553 0.00 0.00 0.00 0
66554 0.00 0.00 0.00 0
66572 0.00 0.00 0.00 0
66573 0.00 0.00 0.00 0
66574 0.00 0.00 0.00 0
66575 0.00 0.00 0.00 0
66576 0.00 0.00 0.00 0
66596 0.00 0.00 0.00 0
66597 0.00 0.00 0.00 0
66598 0.00 0.00 0.00 0
66599 0.00 0.00 0.00 0
66600 0.00 0.00 0.00 0
66601 0.00 0.00 0.00 0
66611 0.00 0.00 0.00 0
66612 0.00 0.00 0.00 0
66613 0.00 0.00 0.00 0
66614 0.00 0.00 0.00 0
66615 0.00 0.00 0.00 0
66616 0.00 0.00 0.00 0
66625 0.00 0.00 0.00 0
66626 0.00 0.00 0.00 0
66627 0.00 0.00 0.00 0
66636 0.00 0.00 0.00 0
66637 0.00 0.00 0.00 0
66638 0.00 0.00 0.00 0
66639 0.00 0.00 0.00 0
66640 0.00 0.00 0.00 0
66655 0.00 0.00 0.00 0
66656 0.00 0.00 0.00 0
66657 0.00 0.00 0.00 0
66658 0.00 0.00 0.00 0
67629 0.00 0.00 0.00 0
67630 0.00 0.00 0.00 0
67631 0.00 0.00 0.00 0
67632 0.00 0.00 0.00 0
67633 0.00 0.00 0.00 0
67634 0.00 0.00 0.00 0
67635 0.00 0.00 0.00 0
67636 0.00 0.00 0.00 0
67637 0.00 0.00 0.00 0
67648 0.00 0.00 0.00 0
67649 0.00 0.00 0.00 0
67650 0.00 0.00 0.00 0
67651 0.00 0.00 0.00 0
67652 0.00 0.00 0.00 0
67653 0.00 0.00 0.00 0
67654 0.00 0.00 0.00 0
67655 0.00 0.00 0.00 0
67656 0.00 0.00 0.00 0
67663 0.00 0.00 0.00 0
67675 0.00 0.00 0.00 0
67686 0.00 0.00 0.00 0
67687 0.00 0.00 0.00 0
67688 0.00 0.00 0.00 0
67689 0.00 0.00 0.00 0
67690 0.00 0.00 0.00 0
67691 0.00 0.00 0.00 0
67692 0.00 0.00 0.00 0
67703 0.00 0.00 0.00 0
67704 0.00 0.00 0.00 0
67705 0.00 0.00 0.00 0
67706 0.00 0.00 0.00 0
67707 0.00 0.00 0.00 0
67708 0.00 0.00 0.00 0
67709 0.00 0.00 0.00 0
67710 0.00 0.00 0.00 0
67711 0.00 0.00 0.00 0
67720 0.00 0.00 0.00 0
67721 0.00 0.00 0.00 0
67722 0.00 0.00 0.00 0
67723 0.00 0.00 0.00 0
67724 0.00 0.00 0.00 0
67725 0.00 0.00 0.00 0
67726 0.00 0.00 0.00 0
67727 0.00 0.00 0.00 0
67728 0.00 0.00 0.00 0
67729 0.00 0.00 0.00 0
67738 0.00 0.00 0.00 0
67739 0.00 0.00 0.00 0
67740 0.00 0.00 0.00 0
67741 0.00 0.00 0.00 0
67742 0.00 0.00 0.00 0
67743 0.00 0.00 0.00 0
67744 0.00 0.00 0.00 0
67745 0.00 0.00 0.00 0
67746 0.00 0.00 0.00 0
67758 0.00 0.00 0.00 0
67759 0.00 0.00 0.00 0
67760 0.00 0.00 0.00 0
67761 0.00 0.00 0.00 0
67762 0.00 0.00 0.00 0
67763 0.00 0.00 0.00 0
67774 0.00 0.00 0.00 0
67783 0.00 0.00 0.00 0
67794 0.00 0.00 0.00 0
67795 0.00 0.00 0.00 0
67806 0.00 0.00 0.00 0
67807 0.00 0.00 0.00 0
67818 0.00 0.00 0.00 0
67819 0.00 0.00 0.00 0
67834 0.00 0.00 0.00 0
67835 0.00 0.00 0.00 0
67836 0.00 0.00 0.00 0
67837 0.00 0.00 0.00 0
67838 0.00 0.00 0.00 0
67857 0.00 0.00 0.00 0
67858 0.00 0.00 0.00 0
67859 0.00 0.00 0.00 0
67860 0.00 0.00 0.00 0
67861 0.00 0.00 0.00 0
67877 0.00 0.00 0.00 0
67878 0.00 0.00 0.00 0
67879 0.00 0.00 0.00 0
67880 0.00 0.00 0.00 0
67888 0.00 0.00 0.00 0
67889 0.00 0.00 0.00 0
67890 0.00 0.00 0.00 0
67891 0.00 0.00 0.00 0
67892 0.00 0.00 0.00 0
67900 0.00 0.00 0.00 0
67901 0.00 0.00 0.00 0
67902 0.00 0.00 0.00 0
67903 0.00 0.00 0.00 0
67904 0.00 0.00 0.00 0
67916 0.00 0.00 0.00 0
67917 0.00 0.00 0.00 0
67918 0.00 0.00 0.00 0
67919 0.00 0.00 0.00 0
67920 0.00 0.00 0.00 0
67934 0.00 0.00 0.00 0
67935 0.00 0.00 0.00 0
68916 0.00 0.00 0.00 0
68917 0.00 0.00 0.00 0
68918 0.00 0.00 0.00 0
68919 0.00 0.00 0.00 0
68920 0.00 0.00 0.00 0
68921 0.00 0.00 0.00 0
68931 0.00 0.00 0.00 0
68932 0.00 0.00 0.00 0
68933 0.00 0.00 0.00 0
68934 0.00 0.00 0.00 0
68935 0.00 0.00 0.00 0
68936 0.00 0.00 0.00 0
68937 0.00 0.00 0.00 0
68938 0.00 0.00 0.00 0
68939 0.00 0.00 0.00 0
68940 0.00 0.00 0.00 0
68941 0.00 0.00 0.00 0
68954 0.00 0.00 0.00 0
68955 0.00 0.00 0.00 0
68956 0.00 0.00 0.00 0
68957 0.00 0.00 0.00 0
68958 0.00 0.00 0.00 0
68959 0.00 0.00 0.00 0
68960 0.00 0.00 0.00 0
68961 0.00 0.00 0.00 0
68976 0.00 0.00 0.00 0
68977 0.00 0.00 0.00 0
68994 0.00 0.00 0.00 0
68995 0.00 0.00 0.00 0
69012 0.00 0.00 0.00 0
69013 0.00 0.00 0.00 0
69028 0.00 0.00 0.00 0
69029 0.00 0.00 0.00 0
69030 0.00 0.00 0.00 0
69031 0.00 0.00 0.00 0
69042 0.00 0.00 0.00 0
69043 0.00 0.00 0.00 0
69044 0.00 0.00 0.00 0
69045 0.00 0.00 0.00 0
69057 0.00 0.00 0.00 0
69058 0.00 0.00 0.00 0
69069 0.00 0.00 0.00 0
69070 0.00 0.00 0.00 0
69079 0.00 0.00 0.00 0
69090 0.00 0.00 0.00 0
69091 0.00 0.00 0.00 0
69104 0.00 0.00 0.00 0
69118 0.00 0.00 0.00 0
69119 0.00 0.00 0.00 0
69120 0.00 0.00 0.00 0
69121 0.00 0.00 0.00 0
69137 0.00 0.00 0.00 0
69138 0.00 0.00 0.00 0
69139 0.00 0.00 0.00 0
69140 0.00 0.00 0.00 0
69141 0.00 0.00 0.00 0
69142 0.00 0.00 0.00 0
69157 0.00 0.00 0.00 0
69158 0.00 0.00 0.00 0
69159 0.00 0.00 0.00 0
69160 0.00 0.00 0.00 0
69175 0.00 0.00 0.00 0
69176 0.00 0.00 0.00 0
69184 0.00 0.00 0.00 0
69185 0.00 0.00 0.00 0
69186 0.00 0.00 0.00 0
69187 0.00 0.00 0.00 0
69198 0.00 0.00 0.00 0
69199 0.00 0.00 0.00 0
69200 0.00 0.00 0.00 0
69201 0.00 0.00 0.00 0
69202 0.00 0.00 0.00 0
69203 0.00 0.00 0.00 0
69214 0.00 0.00 0.00 0
69215 0.00 0.00 0.00 0
69216 0.00 0.00 0.00 0
70292 0.00 0.00 0.00 0
70293 0.00 0.00 0.00 0
70294 0.00 0.00 0.00 0
70295 0.00 0.00 0.00 0
70296 0.00 0.00 0.00 0
70316 0.00 0.00 0.00 0
70317 0.00 0.00 0.00 0
70318 0.00 0.00 0.00 0
70319 0.00 0.00 0.00 0
70320 0.00 0.00 0.00 0
70321 0.00 0.00 0.00 0
70322 0.00 0.00 0.00 0
70323 0.00 0.00 0.00 0
70342 0.00 0.00 0.00 0
70343 0.00 0.00 0.00 0
70344 0.00 0.00 0.00 0
70345 0.00 0.00 0.00 0
70346 0.00 0.00 0.00 0
70347 0.00 0.00 0.00 0
70348 0.00 0.00 0.00 0
70349 0.00 0.00 0.00 0
70350 0.00 0.00 0.00 0
70351 0.00 0.00 0.00 0
70367 0.00 0.00 0.00 0
70368 0.00 0.00 0.00 0
70369 0.00 0.00 0.00 0
70370 0.00 0.00 0.00 0
70371 0.00 0.00 0.00 0
70372 0.00 0.00 0.00 0
70385 0.00 0.00 0.00 0
70395 0.00 0.00 0.00 0
70405 0.00 0.00 0.00 0
70413 0.00 0.00 0.00 0
70414 0.00 0.00 0.00 0
70422 0.00 0.00 0.00 0
70423 0.00 0.00 0.00 0
70432 0.00 0.00 0.00 0
70433 0.00 0.00 0.00 0
70441 0.00 0.00 0.00 0
70449 0.00 0.00 0.00 0
70450 0.00 0.00 0.00 0
70458 0.00 0.00 0.00 0
70459 0.00 0.00 0.00 0
70460 0.00 0.00 0.00 0
70466 0.00 0.00 0.00 0
70467 0.00 0.00 0.00 0
70468 0.00 0.00 0.00 0
70469 0.00 0.00 0.00 0
70470 0.00 0.00 0.00 0
70471 0.00 0.00 0.00 0
70481 0.00 0.00 0.00 0
70482 0.00 0.00 0.00 0
70483 0.00 0.00 0.00 0
70484 0.00 0.00 0.00 0
70485 0.00 0.00 0.00 0
70498 0.00 0.00 0.00 0
70499 0.00 0.00 0.00 0
70514 0.00 0.00 0.00 0
70515 0.00 0.00 0.00 0
70516 0.00 0.00 0.00 0
70517 0.00 0.00 0.00 0
70518 0.00 0.00 0.00 0
70533 0.00 0.00 0.00 0
70534 0.00 0.00 0.00 0
70535 0.00 0.00 0.00 0
70536 0.00 0.00 0.00 0
70537 0.00 0.00 0.00 0
70538 0.00 0.00 0.00 0
70547 0.00 0.00 0.00 0
70548 0.00 0.00 0.00 0
70549 0.00 0.00 0.00 0
70550 0.00 0.00 0.00 0
71674 0.00 0.00 0.00 0
71675 0.00 0.00 0.00 0
71676 0.00 0.00 0.00 0
71677 0.00 0.00 0.00 0
71690 0.00 0.00 0.00 0
71691 0.00 0.00 0.00 0
71692 0.00 0.00 0.00 0
71693 0.00 0.00 0.00 0
71694 0.00 0.00 0.00 0
71695 0.00 0.00 0.00 0
71696 0.00 0.00 0.00 0
71703 0.00 0.00 0.00 0
71704 0.00 0.00 0.00 0
71705 0.00 0.00 0.00 0
71706 0.00 0.00 0.00 0
71707 0.00 0.00 0.00 0
71708 0.00 0.00 0.00 0
71709 0.00 0.00 0.00 0
71710 0.00 0.00 0.00 0
71717 0.00 0.00 0.00 0
71718 0.00 0.00 0.00 0
71719 0.00 0.00 0.00 0
71720 0.00 0.00 0.00 0
71721 0.00 0.00 0.00 0
71722 0.00 0.00 0.00 0
71723 0.00 0.00 0.00 0
71724 0.00 0.00 0.00 0
71725 0.00 0.00 0.00 0
71732 0.00 0.00 0.00 0
71733 0.00 0.00 0.00 0
71742 0.00 0.00 0.00 0
71749 0.00 0.00 0.00 0
71757 0.00 0.00 0.00 0
71764 0.00 0.00 0.00 0
71765 0.00 0.00 0.00 0
71774 0.00 0.00 0.00 0
71775 0.00 0.00 0.00 0
71778 0.00 0.00 0.00 0
71781 0.00 0.00 0.00 0
71782 0.00 0.00 0.00 0
71787 0.00 0.00 0.00 0
71788 0.00 0.00 0.00 0
71789 0.00 0.00 0.00 0
71790 0.00 0.00 0.00 0
71791 0.00 0.00 0.00 0
71797 0.00 0.00 0.00 0
71798 0.00 0.00 0.00 0
71799 0.00 0.00 0.00 0
71800 0.00 0.00 0.00 0
71801 0.00 0.00 0.00 0
71802 0.00 0.00 0.00 0
71807 0.00 0.00 0.00 0
71808 0.00 0.00 0.00 0
71814 0.00 0.00 0.00 0
71815 0.00 0.00 0.00 0
71816 0.00 0.00 0.00 0
71817 0.00 0.00 0.00 0
71818 0.00 0.00 0.00 0
71823 0.00 0.00 0.00 0
71824 0.00 0.00 0.00 0
71825 0.00 0.00 0.00 0
71826 0.00 0.00 0.00 0
71827 0.00 0.00 0.00 0
71828 0.00 0.00 0.00 0
71835 0.00 0.00 0.00 0
71836 0.00 0.00 0.00 0
71837 0.00 0.00 0.00 0
72814 0.00 0.00 0.00 0
72815 0.00 0.00 0.00 0
72817 0.00 0.00 0.00 0
72825 0.00 0.00 0.00 0
72826 0.00 0.00 0.00 0
72827 0.00 0.00 0.00 0
72828 0.00 0.00 0.00 0
72829 0.00 0.00 0.00 0
72830 0.00 0.00 0.00 0
72837 0.00 0.00 0.00 0
72838 0.00 0.00 0.00 0
72839 0.00 0.00 0.00 0
72840 0.00 0.00 0.00 0
72841 0.00 0.00 0.00 0
72842 0.00 0.00 0.00 0
72851 0.00 0.00 0.00 0
72852 0.00 0.00 0.00 0
72853 0.00 0.00 0.00 0
72854 0.00 0.00 0.00 0
72855 0.00 0.00 0.00 0
72856 0.00 0.00 0.00 0
72857 0.00 0.00 0.00 0
72858 0.00 0.00 0.00 0
72859 0.00 0.00 0.00 0
72866 0.00 0.00 0.00 0
72867 0.00 0.00 0.00 0
72868 0.00 0.00 0.00 0
72869 0.00 0.00 0.00 0
72870 0.00 0.00 0.00 0
72871 0.00 0.00 0.00 0
72880 0.00 0.00 0.00 0
72881 0.00 0.00 0.00 0
72889 0.00 0.00 0.00 0
72890 0.00 0.00 0.00 0
72899 0.00 0.00 0.00 0
72900 0.00 0.00 0.00 0
72908 0.00 0.00 0.00 0
72909 0.00 0.00 0.00 0
72910 0.00 0.00 0.00 0
72920 0.00 0.00 0.00 0
72921 0.00 0.00 0.00 0
72928 0.00 0.00 0.00 0
72929 0.00 0.00 0.00 0
72932 0.00 0.00 0.00 0
72933 0.00 0.00 0.00 0
72934 0.00 0.00 0.00 0
72935 0.00 0.00 0.00 0
72937 0.00 0.00 0.00 0
72938 0.00 0.00 0.00 0
72939 0.00 0.00 0.00 0
72940 0.00 0.00 0.00 0
72943 0.00 0.00 0.00 0
72946 0.00 0.00 0.00 0
72947 0.00 0.00 0.00 0
72948 0.00 0.00 0.00 0
72949 0.00 0.00 0.00 0
72955 0.00 0.00 0.00 0
72956 0.00 0.00 0.00 0
72957 0.00 0.00 0.00 0
72958 0.00 0.00 0.00 0
72959 0.00 0.00 0.00 0
72960 0.00 0.00 0.00 0
72967 0.00 0.00 0.00 0
72968 0.00 0.00 0.00 0
72969 0.00 0.00 0.00 0
73898 0.00 0.00 0.00 0
73899 0.00 0.00 0.00 0
73910 0.00 0.00 0.00 0
73911 0.00 0.00 0.00 0
73912 0.00 0.00 0.00 0
73913 0.00 0.00 0.00 0
73921 0.00 0.00 0.00 0
73922 0.00 0.00 0.00 0
73923 0.00 0.00 0.00 0
73924 0.00 0.00 0.00 0
73925 0.00 0.00 0.00 0
73926 0.00 0.00 0.00 0
73927 0.00 0.00 0.00 0
73936 0.00 0.00 0.00 0
73937 0.00 0.00 0.00 0
73938 0.00 0.00 0.00 0
73939 0.00 0.00 0.00 0
73940 0.00 0.00 0.00 0
73941 0.00 0.00 0.00 0
73942 0.00 0.00 0.00 0
73943 0.00 0.00 0.00 0
73951 0.00 0.00 0.00 0
73952 0.00 0.00 0.00 0
73953 0.00 0.00 0.00 0
73954 0.00 0.00 0.00 0
73955 0.00 0.00 0.00 0
73956 0.00 0.00 0.00 0
73965 0.00 0.00 0.00 0
73966 0.00 0.00 0.00 0
73976 0.00 0.00 0.00 0
73977 0.00 0.00 0.00 0
73986 0.00 0.00 0.00 0
73987 0.00 0.00 0.00 0
73997 0.00 0.00 0.00 0
73998 0.00 0.00 0.00 0
73999 0.00 0.00 0.00 0
74010 0.00 0.00 0.00 0
74011 0.00 0.00 0.00 0
74021 0.00 0.00 0.00 0
74022 0.00 0.00 0.00 0
74023 0.00 0.00 0.00 0
74024 0.00 0.00 0.00 0
74025 0.00 0.00 0.00 0
74029 0.00 0.00 0.00 0
74030 0.00 0.00 0.00 0
74031 0.00 0.00 0.00 0
74032 0.00 0.00 0.00 0
74036 0.00 0.00 0.00 0
74039 0.00 0.00 0.00 0
74040 0.00 0.00 0.00 0
74041 0.00 0.00 0.00 0
74046 0.00 0.00 0.00 0
74047 0.00 0.00 0.00 0
74048 0.00 0.00 0.00 0
74049 0.00 0.00 0.00 0
74050 0.00 0.00 0.00 0
74051 0.00 0.00 0.00 0
74052 0.00 0.00 0.00 0
74058 0.00 0.00 0.00 0
74059 0.00 0.00 0.00 0
74060 0.00 0.00 0.00 0
74061 0.00 0.00 0.00 0
74068 0.00 0.00 0.00 0
75061 0.00 0.00 0.00 0
75062 0.00 0.00 0.00 0
75075 0.00 0.00 0.00 0
75076 0.00 0.00 0.00 0
75077 0.00 0.00 0.00 0
75079 0.00 0.00 0.00 0
75087 0.00 0.00 0.00 0
75088 0.00 0.00 0.00 0
75089 0.00 0.00 0.00 0
75090 0.00 0.00 0.00 0
75091 0.00 0.00 0.00 0
75092 0.00 0.00 0.00 0
75100 0.00 0.00 0.00 0
75101 0.00 0.00 0.00 0
75102 0.00 0.00 0.00 0
75103 0.00 0.00 0.00 0
75104 0.00 0.00 0.00 0
75105 0.00 0.00 0.00 0
75106 0.00 0.00 0.00 0
75116 0.00 0.00 0.00 0
75117 0.00 0.00 0.00 0
75118 0.00 0.00 0.00 0
75119 0.00 0.00 0.00 0
75120 0.00 0.00 0.00 0
75128 0.00 0.00 0.00 0
75139 0.00 0.00 0.00 0
75140 0.00 0.00 0.00 0
75149 0.00 0.00 0.00 0
75150 0.00 0.00 0.00 0
75159 0.00 0.00 0.00 0
75160 0.00 0.00 0.00 0
75170 0.00 0.00 0.00 0
75171 0.00 0.00 0.00 0
75172 0.00 0.00 0.00 0
75173 0.00 0.00 0.00 0
75184 0.00 0.00 0.00 0
75185 0.00 0.00 0.00 0
75186 0.00 0.00 0.00 0
75187 0.00 0.00 0.00 0
75188 0.00 0.00 0.00 0
75193 0.00 0.00 0.00 0
75198 0.00 0.00 0.00 0
75199 0.00 0.00 0.00 0
75200 0.00 0.00 0.00 0
75204 0.00 0.00 0.00 0
75205 0.00 0.00 0.00 0
75206 0.00 0.00 0.00 0
75207 0.00 0.00 0.00 0
75208 0.00 0.00 0.00 0
75209 0.00 0.00 0.00 0
75210 0.00 0.00 0.00 0
75216 0.00 0.00 0.00 0
75217 0.00 0.00 0.00 0
75218 0.00 0.00 0.00 0
75219 0.00 0.00 0.00 0
75220 0.00 0.00 0.00 0
76269 0.00 0.00 0.00 0
76270 0.00 0.00 0.00 0
76271 0.00 0.00 0.00 0
76287 0.00 0.00 0.00 0
76288 0.00 0.00 0.00 0
76289 0.00 0.00 0.00 0
76290 0.00 0.00 0.00 0
76291 0.00 0.00 0.00 0
76305 0.00 0.00 0.00 0
76306 0.00 0.00 0.00 0
76307 0.00 0.00 0.00 0
76308 0.00 0.00 0.00 0
76309 0.00 0.00 0.00 0
76310 0.00 0.00 0.00 0
76311 0.00 0.00 0.00 0
76312 0.00 0.00 0.00 0
76328 0.00 0.00 0.00 0
76329 0.00 0.00 0.00 0
76330 0.00 0.00 0.00 0
76331 0.00 0.00 0.00 0
76346 0.00 0.00 0.00 0
76347 0.00 0.00 0.00 0
76364 0.00 0.00 0.00 0
76365 0.00 0.00 0.00 0
76378 0.00 0.00 0.00 0
76390 0.00 0.00 0.00 0
76403 0.00 0.00 0.00 0
76404 0.00 0.00 0.00 0
76405 0.00 0.00 0.00 0
76406 0.00 0.00 0.00 0
76407 0.00 0.00 0.00 0
76422 0.00 0.00 0.00 0
76423 0.00 0.00 0.00 0
76424 0.00 0.00 0.00 0
76425 0.00 0.00 0.00 0
76426 0.00 0.00 0.00 0
76434 0.00 0.00 0.00 0
76435 0.00 0.00 0.00 0
76443 0.00 0.00 0.00 0
76444 0.00 0.00 0.00 0
76445 0.00 0.00 0.00 0
76446 0.00 0.00 0.00 0
76447 0.00 0.00 0.00 0
76456 0.00 0.00 0.00 0
76457 0.00 0.00 0.00 0
76458 0.00 0.00 0.00 0
76459 0.00 0.00 0.00 0
77466 0.00 0.00 0.00 0
77467 0.00 0.00 0.00 0
77468 0.00 0.00 0.00 0
77478 0.00 0.00 0.00 0
77479 0.00 0.00 0.00 0
77480 0.00 0.00 0.00 0
77481 0.00 0.00 0.00 0
77482 0.00 0.00 0.00 0
77483 0.00 0.00 0.00 0
77494 0.00 0.00 0.00 0
77495 0.00 0.00 0.00 0
77496 0.00 0.00 0.00 0
77497 0.00 0.00 0.00 0
77498 0.00 0.00 0.00 0
77499 0.00 0.00 0.00 0
77500 0.00 0.00 0.00 0
77501 0.00 0.00 0.00 0
77513 0.00 0.00 0.00 0
77514 0.00 0.00 0.00 0
77515 0.00 0.00 0.00 0
77526 0.00 0.00 0.00 0
77527 0.00 0.00 0.00 0
77537 0.00 0.00 0.00 0
77547 0.00 0.00 0.00 0
77555 0.00 0.00 0.00 0
77556 0.00 0.00 0.00 0
77557 0.00 0.00 0.00 0
77558 0.00 0.00 0.00 0
77559 0.00 0.00 0.00 0
77567 0.00 0.00 0.00 0
77568 0.00 0.00 0.00 0
77569 0.00 0.00 0.00 0
77570 0.00 0.00 0.00 0
77571 0.00 0.00 0.00 0
77582 0.00 0.00 0.00 0
77583 0.00 0.00 0.00 0
77588 0.00 0.00 0.00 0
77589 0.00 0.00 0.00 0
77590 0.00 0.00 0.00 0
77591 0.00 0.00 0.00 0
77599 0.00 0.00 0.00 0
77600 0.00 0.00 0.00 0
77601 0.00 0.00 0.00 0
77602 0.00 0.00 0.00 0
77603 0.00 0.00 0.00 0
77604 0.00 0.00 0.00 0
77615 0.00 0.00 0.00 0
77616 0.00 0.00 0.00 0
78761 0.00 0.00 0.00 0
78762 0.00 0.00 0.00 0
78763 0.00 0.00 0.00 0
78774 0.00 0.00 0.00 0
78775 0.00 0.00 0.00 0
78776 0.00 0.00 0.00 0
78777 0.00 0.00 0.00 0
78778 0.00 0.00 0.00 0
78779 0.00 0.00 0.00 0
78788 0.00 0.00 0.00 0
78789 0.00 0.00 0.00 0
78790 0.00 0.00 0.00 0
78791 0.00 0.00 0.00 0
78792 0.00 0.00 0.00 0
78793 0.00 0.00 0.00 0
78794 0.00 0.00 0.00 0
78802 0.00 0.00 0.00 0
78803 0.00 0.00 0.00 0
78814 0.00 0.00 0.00 0
78815 0.00 0.00 0.00 0
78825 0.00 0.00 0.00 0
78836 0.00 0.00 0.00 0
78844 0.00 0.00 0.00 0
78845 0.00 0.00 0.00 0
78846 0.00 0.00 0.00 0
78847 0.00 0.00 0.00 0
78848 0.00 0.00 0.00 0
78856 0.00 0.00 0.00 0
78866 0.00 0.00 0.00 0
78867 0.00 0.00 0.00 0
78868 0.00 0.00 0.00 0
78872 0.00 0.00 0.00 0
78873 0.00 0.00 0.00 0
78874 0.00 0.00 0.00 0
78875 0.00 0.00 0.00 0
78876 0.00 0.00 0.00 0
78877 0.00 0.00 0.00 0
78883 0.00 0.00 0.00 0
78884 0.00 0.00 0.00 0
78885 0.00 0.00 0.00 0
78886 0.00 0.00 0.00 0
80029 0.00 0.00 0.00 0
80030 0.00 0.00 0.00 0
80031 0.00 0.00 0.00 0
80032 0.00 0.00 0.00 0
80048 0.00 0.00 0.00 0
80049 0.00 0.00 0.00 0
80050 0.00 0.00 0.00 0
80051 0.00 0.00 0.00 0
80052 0.00 0.00 0.00 0
80053 0.00 0.00 0.00 0
80054 0.00 0.00 0.00 0
80065 0.00 0.00 0.00 0
80066 0.00 0.00 0.00 0
80067 0.00 0.00 0.00 0
80068 0.00 0.00 0.00 0
80069 0.00 0.00 0.00 0
80070 0.00 0.00 0.00 0
80071 0.00 0.00 0.00 0
80072 0.00 0.00 0.00 0
80082 0.00 0.00 0.00 0
80083 0.00 0.00 0.00 0
80084 0.00 0.00 0.00 0
80085 0.00 0.00 0.00 0
80086 0.00 0.00 0.00 0
80095 0.00 0.00 0.00 0
80105 0.00 0.00 0.00 0
80119 0.00 0.00 0.00 0
80138 0.00 0.00 0.00 0
80139 0.00 0.00 0.00 0
80140 0.00 0.00 0.00 0
80141 0.00 0.00 0.00 0
80142 0.00 0.00 0.00 0
80158 0.00 0.00 0.00 0
80159 0.00 0.00 0.00 0
80160 0.00 0.00 0.00 0
80161 0.00 0.00 0.00 0
80162 0.00 0.00 0.00 0
80178 0.00 0.00 0.00 0
80179 0.00 0.00 0.00 0
80197 0.00 0.00 0.00 0
80198 0.00 0.00 0.00 0
80199 0.00 0.00 0.00 0
80200 0.00 0.00 0.00 0
80217 0.00 0.00 0.00 0
80218 0.00 0.00 0.00 0
80219 0.00 0.00 0.00 0
80220 0.00 0.00 0.00 0
80233 0.00 0.00 0.00 0
81279 0.00 0.00 0.00 0
81280 0.00 0.00 0.00 0
81281 0.00 0.00 0.00 0
81294 0.00 0.00 0.00 0
81295 0.00 0.00 0.00 0
81296 0.00 0.00 0.00 0
81297 0.00 0.00 0.00 0
81298 0.00 0.00 0.00 0
81299 0.00 0.00 0.00 0
81319 0.00 0.00 0.00 0
81320 0.00 0.00 0.00 0
81321 0.00 0.00 0.00 0
81322 0.00 0.00 0.00 0
81323 0.00 0.00 0.00 0
81324 0.00 0.00 0.00 0
81325 0.00 0.00 0.00 0
81337 0.00 0.00 0.00 0
81338 0.00 0.00 0.00 0
81339 0.00 0.00 0.00 0
81340 0.00 0.00 0.00 0
81341 0.00 0.00 0.00 0
81342 0.00 0.00 0.00 0
81356 0.00 0.00 0.00 0
81357 0.00 0.00 0.00 0
81358 0.00 0.00 0.00 0
81372 0.00 0.00 0.00 0
81385 0.00 0.00 0.00 0
81400 0.00 0.00 0.00 0
81401 0.00 0.00 0.00 0
81402 0.00 0.00 0.00 0
81403 0.00 0.00 0.00 0
81419 0.00 0.00 0.00 0
81420 0.00 0.00 0.00 0
81421 0.00 0.00 0.00 0
81422 0.00 0.00 0.00 0
81423 0.00 0.00 0.00 0
81439 0.00 0.00 0.00 0
81455 0.00 0.00 0.00 0
81456 0.00 0.00 0.00 0
81457 0.00 0.00 0.00 0
81474 0.00 0.00 0.00 0
81475 0.00 0.00 0.00 0
81476 0.00 0.00 0.00 0
81477 0.00 0.00 0.00 0
81494 0.00 0.00 0.00 0
81495 0.00 0.00 0.00 0
82420 0.00 0.00 0.00 0
82421 0.00 0.00 0.00 0
82422 0.00 0.00 0.00 0
82444 0.00 0.00 0.00 0
82445 0.00 0.00 0.00 0
82446 0.00 0.00 0.00 0
82467 0.00 0.00 0.00 0
82468 0.00 0.00 0.00 0
82469 0.00 0.00 0.00 0
82470 0.00 0.00 0.00 0
82486 0.00 0.00 0.00 0
82487 0.00 0.00 0.00 0
82488 0.00 0.00 0.00 0
82489 0.00 0.00 0.00 0
82490 0.00 0.00 0.00 0
82491 0.00 0.00 0.00 0
82492 0.00 0.00 0.00 0
82505 0.00 0.00 0.00 0
82506 0.00 0.00 0.00 0
82507 0.00 0.00 0.00 0
82508 0.00 0.00 0.00 0
82509 0.00 0.00 0.00 0
82510 0.00 0.00 0.00 0
82523 0.00 0.00 0.00 0
82524 0.00 0.00 0.00 0
82525 0.00 0.00 0.00 0
82526 0.00 0.00 0.00 0
82527 0.00 0.00 0.00 0
82528 0.00 0.00 0.00 0
82529 0.00 0.00 0.00 0
82540 0.00 0.00 0.00 0
82541 0.00 0.00 0.00 0
82542 0.00 0.00 0.00 0
82543 0.00 0.00 0.00 0
82544 0.00 0.00 0.00 0
82545 0.00 0.00 0.00 0
82546 0.00 0.00 0.00 0
82547 0.00 0.00 0.00 0
82548 0.00 0.00 0.00 0
82561 0.00 0.00 0.00 0
82562 0.00 0.00 0.00 0
82563 0.00 0.00 0.00 0
82564 0.00 0.00 0.00 0
82565 0.00 0.00 0.00 0
82566 0.00 0.00 0.00 0
82567 0.00 0.00 0.00 0
82577 0.00 0.00 0.00 0
82578 0.00 0.00 0.00 0
82579 0.00 0.00 0.00 0
82580 0.00 0.00 0.00 0
82581 0.00 0.00 0.00 0
82592 0.00 0.00 0.00 0
82605 0.00 0.00 0.00 0
82617 0.00 0.00 0.00 0
82628 0.00 0.00 0.00 0
82629 0.00 0.00 0.00 0
82630 0.00 0.00 0.00 0
82631 0.00 0.00 0.00 0
82632 0.00 0.00 0.00 0
82641 0.00 0.00 0.00 0
82642 0.00 0.00 0.00 0
82643 0.00 0.00 0.00 0
82644 0.00 0.00 0.00 0
82653 0.00 0.00 0.00 0
82654 0.00 0.00 0.00 0
82664 0.00 0.00 0.00 0
82665 0.00 0.00 0.00 0
82666 0.00 0.00 0.00 0
82667 0.00 0.00 0.00 0
82668 0.00 0.00 0.00 0
82680 0.00 0.00 0.00 0
82681 0.00 0.00 0.00 0
82682 0.00 0.00 0.00 0
82683 0.00 0.00 0.00 0
83656 0.00 0.00 0.00 0
83657 0.00 0.00 0.00 0
83658 0.00 0.00 0.00 0
83659 0.00 0.00 0.00 0
83660 0.00 0.00 0.00 0
83661 0.00 0.00 0.00 0
83662 0.00 0.00 0.00 0
83679 0.00 0.00 0.00 0
83680 0.00 0.00 0.00 0
83681 0.00 0.00 0.00 0
83682 0.00 0.00 0.00 0
83683 0.00 0.00 0.00 0
83702 0.00 0.00 0.00 0
83703 0.00 0.00 0.00 0
83704 0.00 0.00 0.00 0
83705 0.00 0.00 0.00 0
83706 0.00 0.00 0.00 0
83707 0.00 0.00 0.00 0
83724 0.00 0.00 0.00 0
83725 0.00 0.00 0.00 0
83726 0.00 0.00 0.00 0
83727 0.00 0.00 0.00 0
83728 0.00 0.00 0.00 0
83729 0.00 0.00 0.00 0
83730 0.00 0.00 0.00 0
83731 0.00 0.00 0.00 0
83746 0.00 0.00 0.00 0
83747 0.00 0.00 0.00 0
83748 0.00 0.00 0.00 0
83749 0.00 0.00 0.00 0
83750 0.00 0.00 0.00 0
83751 0.00 0.00 0.00 0
83752 0.00 0.00 0.00 0
83753 0.00 0.00 0.00 0
83767 0.00 0.00 0.00 0
83768 0.00 0.00 0.00 0
83769 0.00 0.00 0.00 0
83770 0.00 0.00 0.00 0
83771 0.00 0.00 0.00 0
83772 0.00 0.00 0.00 0
83773 0.00 0.00 0.00 0
83783 0.00 0.00 0.00 0
83784 0.00 0.00 0.00 0
83785 0.00 0.00 0.00 0
83786 0.00 0.00 0.00 0
83787 0.00 0.00 0.00 0
83788 0.00 0.00 0.00 0
83800 0.00 0.00 0.00 0
83801 0.00 0.00 0.00 0
83805 0.00 0.00 0.00 0
83806 0.00 0.00 0.00 0
83807 0.00 0.00 0.00 0
83811 0.00 0.00 0.00 0
83812 0.00 0.00 0.00 0
83816 0.00 0.00 0.00 0
83817 0.00 0.00 0.00 0
83824 0.00 0.00 0.00 0
83833 0.00 0.00 0.00 0
83834 0.00 0.00 0.00 0
83835 0.00 0.00 0.00 0
83836 0.00 0.00 0.00 0
83837 0.00 0.00 0.00 0
83845 0.00 0.00 0.00 0
83846 0.00 0.00 0.00 0
83847 0.00 0.00 0.00 0
83854 0.00 0.00 0.00 0
83855 0.00 0.00 0.00 0
83856 0.00 0.00 0.00 0
83865 0.00 0.00 0.00 0
83866 0.00 0.00 0.00 0
83867 0.00 0.00 0.00 0
83868 0.00 0.00 0.00 0
83869 0.00 0.00 0.00 0
83882 0.00 0.00 0.00 0
84927 0.00 0.00 0.00 0
84928 0.00 0.00 0.00 0
84929 0.00 0.00 0.00 0
84930 0.00 0.00 0.00 0
84931 0.00 0.00 0.00 0
84932 0.00 0.00 0.00 0
84933 0.00 0.00 0.00 0
84934 0.00 0.00 0.00 0
84950 0.00 0.00 0.00 0
84951 0.00 0.00 0.00 0
84952 0.00 0.00 0.00 0
84953 0.00 0.00 0.00 0
84954 0.00 0.00 0.00 0
84955 0.00 0.00 0.00 0
84969 0.00 0.00 0.00 0
84970 0.00 0.00 0.00 0
84971 0.00 0.00 0.00 0
84972 0.00 0.00 0.00 0
84984 0.00 0.00 0.00 0
84985 0.00 0.00 0.00 0
84993 0.00 0.00 0.00 0
84994 0.00 0.00 0.00 0
85006 0.00 0.00 0.00 0
85015 0.00 0.00 0.00 0
85027 0.00 0.00 0.00 0
85031 0.00 0.00 0.00 0
85032 0.00 0.00 0.00 0
85036 0.00 0.00 0.00 0
85039 0.00 0.00 0.00 0
85040 0.00 0.00 0.00 0
85045 0.00 0.00 0.00 0
85046 0.00 0.00 0.00 0
85047 0.00 0.00 0.00 0
85054 0.00 0.00 0.00 0
85055 0.00 0.00 0.00 0
85056 0.00 0.00 0.00 0
85057 0.00 0.00 0.00 0
85058 0.00 0.00 0.00 0
85072 0.00 0.00 0.00 0
85073 0.00 0.00 0.00 0
85085 0.00 0.00 0.00 0
85086 0.00 0.00 0.00 0
85087 0.00 0.00 0.00 0
85088 0.00 0.00 0.00 0
85102 0.00 0.00 0.00 0
85103 0.00 0.00 0.00 0
85104 0.00 0.00 0.00 0
86229 0.00 0.00 0.00 0
86230 0.00 0.00 0.00 0
86231 0.00 0.00 0.00 0
86232 0.00 0.00 0.00 0
86233 0.00 0.00 0.00 0
86243 0.00 0.00 0.00 0
86244 0.00 0.00 0.00 0
86245 0.00 0.00 0.00 0
86246 0.00 0.00 0.00 0
86247 0.00 0.00 0.00 0
86248 0.00 0.00 0.00 0
86249 0.00 0.00 0.00 0
86250 0.00 0.00 0.00 0
86261 0.00 0.00 0.00 0
86262 0.00 0.00 0.00 0
86263 0.00 0.00 0.00 0
86264 0.00 0.00 0.00 0
86265 0.00 0.00 0.00 0
86266 0.00 0.00 0.00 0
86267 0.00 0.00 0.00 0
86280 0.00 0.00 0.00 0
86281 0.00 0.00 0.00 0
86282 0.00 0.00 0.00 0
86283 0.00 0.00 0.00 0
86284 0.00 0.00 0.00 0
86285 0.00 0.00 0.00 0
86294 0.00 0.00 0.00 0
86303 0.00 0.00 0.00 0
86311 0.00 0.00 0.00 0
86322 0.00 0.00 0.00 0
86323 0.00 0.00 0.00 0
86328 0.00 0.00 0.00 0
86329 0.00 0.00 0.00 0
86333 0.00 0.00 0.00 0
86334 0.00 0.00 0.00 0
86338 0.00 0.00 0.00 0
86339 0.00 0.00 0.00 0
86343 0.00 0.00 0.00 0
86344 0.00 0.00 0.00 0
86345 0.00 0.00 0.00 0
86346 0.00 0.00 0.00 0
86347 0.00 0.00 0.00 0
86352 0.00 0.00 0.00 0
86353 0.00 0.00 0.00 0
86354 0.00 0.00 0.00 0
86355 0.00 0.00 0.00 0
86356 0.00 0.00 0.00 0
86370 0.00 0.00 0.00 0
86371 0.00 0.00 0.00 0
86390 0.00 0.00 0.00 0
86391 0.00 0.00 0.00 0
86392 0.00 0.00 0.00 0
86393 0.00 0.00 0.00 0
86412 0.00 0.00 0.00 0
86413 0.00 0.00 0.00 0
87559 0.00 0.00 0.00 0
87560 0.00 0.00 0.00 0
87573 0.00 0.00 0.00 0
87574 0.00 0.00 0.00 0
87575 0.00 0.00 0.00 0
87576 0.00 0.00 0.00 0
87577 0.00 0.00 0.00 0
87591 0.00 0.00 0.00 0
87592 0.00 0.00 0.00 0
87593 0.00 0.00 0.00 0
87594 0.00 0.00 0.00 0
87595 0.00 0.00 0.00 0
87596 0.00 0.00 0.00 0
87606 0.00 0.00 0.00 0
87607 0.00 0.00 0.00 0
87608 0.00 0.00 0.00 0
87609 0.00 0.00 0.00 0
87610 0.00 0.00 0.00 0
87611 0.00 0.00 0.00 0
87612 0.00 0.00 0.00 0
87613 0.00 0.00 0.00 0
87614 0.00 0.00 0.00 0
87624 0.00 0.00 0.00 0
87625 0.00 0.00 0.00 0
87626 0.00 0.00 0.00 0
87627 0.00 0.00 0.00 0
87628 0.00 0.00 0.00 0
87629 0.00 0.00 0.00 0
87640 0.00 0.00 0.00 0
87641 0.00 0.00 0.00 0
87655 0.00 0.00 0.00 0
87656 0.00 0.00 0.00 0
87666 0.00 0.00 0.00 0
87667 0.00 0.00 0.00 0
87671 0.00 0.00 0.00 0
87672 0.00 0.00 0.00 0
87676 0.00 0.00 0.00 0
87677 0.00 0.00 0.00 0
87681 0.00 0.00 0.00 0
87685 0.00 0.00 0.00 0
87686 0.00 0.00 0.00 0
87687 0.00 0.00 0.00 0
87688 0.00 0.00 0.00 0
87689 0.00 0.00 0.00 0
87700 0.00 0.00 0.00 0
87701 0.00 0.00 0.00 0
87702 0.00 0.00 0.00 0
87703 0.00 0.00 0.00 0
87718 0.00 0.00 0.00 0
87719 0.00 0.00 0.00 0
87720 0.00 0.00 0.00 0
87738 0.00 0.00 0.00 0
87739 0.00 0.00 0.00 0
87740 0.00 0.00 0.00 0
87741 0.00 0.00 0.00 0
87742 0.00 0.00 0.00 0
88823 0.00 0.00 0.00 0
88824 0.00 0.00 0.00 0
88837 0.00 0.00 0.00 0
88838 0.00 0.00 0.00 0
88839 0.00 0.00 0.00 0
88856 0.00 0.00 0.00 0
88857 0.00 0.00 0.00 0
88858 0.00 0.00 0.00 0
88859 0.00 0.00 0.00 0
88874 0.00 0.00 0.00 0
88875 0.00 0.00 0.00 0
88876 0.00 0.00 0.00 0
88877 0.00 0.00 0.00 0
88878 0.00 0.00 0.00 0
88879 0.00 0.00 0.00 0
88888 0.00 0.00 0.00 0
88889 0.00 0.00 0.00 0
88890 0.00 0.00 0.00 0
88891 0.00 0.00 0.00 0
88892 0.00 0.00 0.00 0
88893 0.00 0.00 0.00 0
88894 0.00 0.00 0.00 0
88904 0.00 0.00 0.00 0
88905 0.00 0.00 0.00 0
88921 0.00 0.00 0.00 0
88922 0.00 0.00 0.00 0
88923 0.00 0.00 0.00 0
88930 0.00 0.00 0.00 0
88931 0.00 0.00 0.00 0
88936 0.00 0.00 0.00 0
88937 0.00 0.00 0.00 0
88941 0.00 0.00 0.00 0
88942 0.00 0.00 0.00 0
88946 0.00 0.00 0.00 0
88947 0.00 0.00 0.00 0
88952 0.00 0.00 0.00 0
88953 0.00 0.00 0.00 0
88954 0.00 0.00 0.00 0
88955 0.00 0.00 0.00 0
88956 0.00 0.00 0.00 0
88965 0.00 0.00 0.00 0
88970 0.00 0.00 0.00 0
88971 0.00 0.00 0.00 0
88972 0.00 0.00 0.00 0
88984 0.00 0.00 0.00 0
88985 0.00 0.00 0.00 0
88986 0.00 0.00 0.00 0
90044 0.00 0.00 0.00 0
90045 0.00 0.00 0.00 0
90057 0.00 0.00 0.00 0
90058 0.00 0.00 0.00 0
90059 0.00 0.00 0.00 0
90077 0.00 0.00 0.00 0
90078 0.00 0.00 0.00 0
90079 0.00 0.00 0.00 0
90080 0.00 0.00 0.00 0
90096 0.00 0.00 0.00 0
90097 0.00 0.00 0.00 0
90098 0.00 0.00 0.00 0
90099 0.00 0.00 0.00 0
90100 0.00 0.00 0.00 0
90101 0.00 0.00 0.00 0
90102 0.00 0.00 0.00 0
90116 0.00 0.00 0.00 0
90117 0.00 0.00 0.00 0
90134 0.00 0.00 0.00 0
90135 0.00 0.00 0.00 0
90144 0.00 0.00 0.00 0
90150 0.00 0.00 0.00 0
90151 0.00 0.00 0.00 0
90157 0.00 0.00 0.00 0
90158 0.00 0.00 0.00 0
90163 0.00 0.00 0.00 0
90164 0.00 0.00 0.00 0
90165 0.00 0.00 0.00 0
90166 0.00 0.00 0.00 0
90167 0.00 0.00 0.00 0
90172 0.00 0.00 0.00 0
90173 0.00 0.00 0.00 0
90174 0.00 0.00 0.00 0
90175 0.00 0.00 0.00 0
90176 0.00 0.00 0.00 0
90185 0.00 0.00 0.00 0
90190 0.00 0.00 0.00 0
90191 0.00 0.00 0.00 0
90192 0.00 0.00 0.00 0
90193 0.00 0.00 0.00 0
90204 0.00 0.00 0.00 0
90205 0.00 0.00 0.00 0
91230 0.00 0.00 0.00 0
91231 0.00 0.00 0.00 0
91246 0.00 0.00 0.00 0
91247 0.00 0.00 0.00 0
91248 0.00 0.00 0.00 0
91249 0.00 0.00 0.00 0
91266 0.00 0.00 0.00 0
91267 0.00 0.00 0.00 0
91268 0.00 0.00 0.00 0
91269 0.00 0.00 0.00 0
91270 0.00 0.00 0.00 0
91292 0.00 0.00 0.00 0
91293 0.00 0.00 0.00 0
91294 0.00 0.00 0.00 0
91308 0.00 0.00 0.00 0
91309 0.00 0.00 0.00 0
91317 0.00 0.00 0.00 0
91326 0.00 0.00 0.00 0
91327 0.00 0.00 0.00 0
91337 0.00 0.00 0.00 0
91346 0.00 0.00 0.00 0
91347 0.00 0.00 0.00 0
91348 0.00 0.00 0.00 0
91349 0.00 0.00 0.00 0
91350 0.00 0.00 0.00 0
91359 0.00 0.00 0.00 0
91360 0.00 0.00 0.00 0
91361 0.00 0.00 0.00 0
91370 0.00 0.00 0.00 0
91371 0.00 0.00 0.00 0
91374 0.00 0.00 0.00 0
91375 0.00 0.00 0.00 0
91376 0.00 0.00 0.00 0
91377 0.00 0.00 0.00 0
91378 0.00 0.00 0.00 0
91387 0.00 0.00 0.00 0
91388 0.00 0.00 0.00 0
92455 0.00 0.00 0.00 0
92456 0.00 0.00 0.00 0
92457 0.00 0.00 0.00 0
92471 0.00 0.00 0.00 0
92472 0.00 0.00 0.00 0
92473 0.00 0.00 0.00 0
92474 0.00 0.00 0.00 0
92494 0.00 0.00 0.00 0
92495 0.00 0.00 0.00 0
92508 0.00 0.00 0.00 0
92509 0.00 0.00 0.00 0
92515 0.00 0.00 0.00 0
92516 0.00 0.00 0.00 0
92519 0.00 0.00 0.00 0
92520 0.00 0.00 0.00 0
92525 0.00 0.00 0.00 0
92530 0.00 0.00 0.00 0
92531 0.00 0.00 0.00 0
92532 0.00 0.00 0.00 0
92533 0.00 0.00 0.00 0
92534 0.00 0.00 0.00 0
92536 0.00 0.00 0.00 0
92538 0.00 0.00 0.00 0
92539 0.00 0.00 0.00 0
92540 0.00 0.00 0.00 0
92542 0.00 0.00 0.00 0
92543 0.00 0.00 0.00 0
92544 0.00 0.00 0.00 0
92545 0.00 0.00 0.00 0
92550 0.00 0.00 0.00 0
93551 0.00 0.00 0.00 0
93552 0.00 0.00 0.00 0
93553 0.00 0.00 0.00 0
93569 0.00 0.00 0.00 0
93570 0.00 0.00 0.00 0
93571 0.00 0.00 0.00 0
93589 0.00 0.00 0.00 0
93590 0.00 0.00 0.00 0
93603 0.00 0.00 0.00 0
93604 0.00 0.00 0.00 0
93611 0.00 0.00 0.00 0
93612 0.00 0.00 0.00 0
93617 0.00 0.00 0.00 0
93619 0.00 0.00 0.00 0
93622 0.00 0.00 0.00 0
93623 0.00 0.00 0.00 0
93624 0.00 0.00 0.00 0
93625 0.00 0.00 0.00 0
93626 0.00 0.00 0.00 0
93628 0.00 0.00 0.00 0
93631 0.00 0.00 0.00 0
93632 0.00 0.00 0.00 0
93633 0.00 0.00 0.00 0
93637 0.00 0.00 0.00 0
93638 0.00 0.00 0.00 0
93639 0.00 0.00 0.00 0
93646 0.00 0.00 0.00 0
94611 0.00 0.00 0.00 0
94612 0.00 0.00 0.00 0
94623 0.00 0.00 0.00 0
94624 0.00 0.00 0.00 0
94636 0.00 0.00 0.00 0
94649 0.00 0.00 0.00 0
94650 0.00 0.00 0.00 0
94659 0.00 0.00 0.00 0
94660 0.00 0.00 0.00 0
94667 0.00 0.00 0.00 0
94669 0.00 0.00 0.00 0
94670 0.00 0.00 0.00 0
94671 0.00 0.00 0.00 0
94674 0.00 0.00 0.00 0
94675 0.00 0.00 0.00 0
94676 0.00 0.00 0.00 0
94677 0.00 0.00 0.00 0
94678 0.00 0.00 0.00 0
94681 0.00 0.00 0.00 0
94685 0.00 0.00 0.00 0
94686 0.00 0.00 0.00 0
94687 0.00 0.00 0.00 0
94688 0.00 0.00 0.00 0
94696 0.00 0.00 0.00 0
94697 0.00 0.00 0.00 0
95725 0.00 0.00 0.00 0
95738 0.00 0.00 0.00 0
95739 0.00 0.00 0.00 0
95751 0.00 0.00 0.00 0
95752 0.00 0.00 0.00 0
95762 0.00 0.00 0.00 0
95770 0.00 0.00 0.00 0
95772 0.00 0.00 0.00 0
95773 0.00 0.00 0.00 0
95774 0.00 0.00 0.00 0
95775 0.00 0.00 0.00 0
95780 0.00 0.00 0.00 0
95781 0.00 0.00 0.00 0
95782 0.00 0.00 0.00 0
95783 0.00 0.00 0.00 0
95784 0.00 0.00 0.00 0
95794 0.00 0.00 0.00 0
95795 0.00 0.00 0.00 0
95807 0.00 0.00 0.00 0
95808 0.00 0.00 0.00 0
95809 0.00 0.00 0.00 0
95810 0.00 0.00 0.00 0
95822 0.00 0.00 0.00 0
95823 0.00 0.00 0.00 0
96906 0.00 0.00 0.00 0
96907 0.00 0.00 0.00 0
96921 0.00 0.00 0.00 0
96922 0.00 0.00 0.00 0
96932 0.00 0.00 0.00 0
96940 0.00 0.00 0.00 0
96948 0.00 0.00 0.00 0
96949 0.00 0.00 0.00 0
96950 0.00 0.00 0.00 0
96951 0.00 0.00 0.00 0
96952 0.00 0.00 0.00 0
96966 0.00 0.00 0.00 0
96967 0.00 0.00 0.00 0
96968 0.00 0.00 0.00 0
96969 0.00 0.00 0.00 0
96984 0.00 0.00 0.00 0
96985 0.00 0.00 0.00 0
96996 0.00 0.00 0.00 0
96997 0.00 0.00 0.00 0
96998 0.00 0.00 0.00 0
96999 0.00 0.00 0.00 0
97009 0.00 0.00 0.00 0
97010 0.00 0.00 0.00 0
98123 0.00 0.00 0.00 0
98124 0.00 0.00 0.00 0
98135 0.00 0.00 0.00 0
98136 0.00 0.00 0.00 0
98152 0.00 0.00 0.00 0
98165 0.00 0.00 0.00 0
98166 0.00 0.00 0.00 0
98167 0.00 0.00 0.00 0
98168 0.00 0.00 0.00 0
98169 0.00 0.00 0.00 0
98182 0.00 0.00 0.00 0
98183 0.00 0.00 0.00 0
98184 0.00 0.00 0.00 0
98193 0.00 0.00 0.00 0
98194 0.00 0.00 0.00 0
98203 0.00 0.00 0.00 0
98204 0.00 0.00 0.00 0
98205 0.00 0.00 0.00 0
99379 0.00 0.00 0.00 0
99398 0.00 0.00 0.00 0
99408 0.00 0.00 0.00 0
99409 0.00 0.00 0.00 0
99410 0.00 0.00 0.00 0
99411 0.00 0.00 0.00 0
99432 0.00 0.00 0.00 0
99443 0.00 0.00 0.00 0
99444 0.00 0.00 0.00 0
