# rostralanteriorcingulate
1864
111658 0.00 0.00 0.00 0
111659 0.00 0.00 0.00 0
111665 0.00 0.00 0.00 0
111672 0.00 0.00 0.00 0
112720 0.00 0.00 0.00 0
112721 0.00 0.00 0.00 0
112724 0.00 0.00 0.00 0
112727 0.00 0.00 0.00 0
112739 0.00 0.00 0.00 0
112749 0.00 0.00 0.00 0
112750 0.00 0.00 0.00 0
113863 0.00 0.00 0.00 0
113873 0.00 0.00 0.00 0
113874 0.00 0.00 0.00 0
113884 0.00 0.00 0.00 0
113885 0.00 0.00 0.00 0
113886 0.00 0.00 0.00 0
113889 0.00 0.00 0.00 0
113890 0.00 0.00 0.00 0
113894 0.00 0.00 0.00 0
113895 0.00 0.00 0.00 0
113904 0.00 0.00 0.00 0
114948 0.00 0.00 0.00 0
114962 0.00 0.00 0.00 0
114971 0.00 0.00 0.00 0
114972 0.00 0.00 0.00 0
114973 0.00 0.00 0.00 0
114980 0.00 0.00 0.00 0
114981 0.00 0.00 0.00 0
114982 0.00 0.00 0.00 0
114984 0.00 0.00 0.00 0
114985 0.00 0.00 0.00 0
114989 0.00 0.00 0.00 0
114993 0.00 0.00 0.00 0
114994 0.00 0.00 0.00 0
114997 0.00 0.00 0.00 0
114998 0.00 0.00 0.00 0
115986 0.00 0.00 0.00 0
116001 0.00 0.00 0.00 0
116014 0.00 0.00 0.00 0
116015 0.00 0.00 0.00 0
116020 0.00 0.00 0.00 0
116021 0.00 0.00 0.00 0
116022 0.00 0.00 0.00 0
116023 0.00 0.00 0.00 0
116029 0.00 0.00 0.00 0
116030 0.00 0.00 0.00 0
116033 0.00 0.00 0.00 0
116034 0.00 0.00 0.00 0
116038 0.00 0.00 0.00 0
116039 0.00 0.00 0.00 0
116044 0.00 0.00 0.00 0
116045 0.00 0.00 0.00 0
117068 0.00 0.00 0.00 0
117069 0.00 0.00 0.00 0
117076 0.00 0.00 0.00 0
117077 0.00 0.00 0.00 0
117078 0.00 0.00 0.00 0
117085 0.00 0.00 0.00 0
117086 0.00 0.00 0.00 0
117087 0.00 0.00 0.00 0
117093 0.00 0.00 0.00 0
117094 0.00 0.00 0.00 0
117098 0.00 0.00 0.00 0
117099 0.00 0.00 0.00 0
117103 0.00 0.00 0.00 0
117106 0.00 0.00 0.00 0
118062 0.00 0.00 0.00 0
118063 0.00 0.00 0.00 0
118069 0.00 0.00 0.00 0
118070 0.00 0.00 0.00 0
118071 0.00 0.00 0.00 0
118077 0.00 0.00 0.00 0
118078 0.00 0.00 0.00 0
118079 0.00 0.00 0.00 0
118086 0.00 0.00 0.00 0
118087 0.00 0.00 0.00 0
118088 0.00 0.00 0.00 0
118095 0.00 0.00 0.00 0
118096 0.00 0.00 0.00 0
118097 0.00 0.00 0.00 0
118099 0.00 0.00 0.00 0
118100 0.00 0.00 0.00 0
119063 0.00 0.00 0.00 0
119070 0.00 0.00 0.00 0
119071 0.00 0.00 0.00 0
119072 0.00 0.00 0.00 0
119073 0.00 0.00 0.00 0
119079 0.00 0.00 0.00 0
119080 0.00 0.00 0.00 0
119081 0.00 0.00 0.00 0
119087 0.00 0.00 0.00 0
119088 0.00 0.00 0.00 0
119089 0.00 0.00 0.00 0
119096 0.00 0.00 0.00 0
119097 0.00 0.00 0.00 0
120006 0.00 0.00 0.00 0
120017 0.00 0.00 0.00 0
120018 0.00 0.00 0.00 0
120028 0.00 0.00 0.00 0
120029 0.00 0.00 0.00 0
120030 0.00 0.00 0.00 0
120037 0.00 0.00 0.00 0
120038 0.00 0.00 0.00 0
120044 0.00 0.00 0.00 0
120045 0.00 0.00 0.00 0
120050 0.00 0.00 0.00 0
120057 0.00 0.00 0.00 0
120933 0.00 0.00 0.00 0
120934 0.00 0.00 0.00 0
120946 0.00 0.00 0.00 0
120947 0.00 0.00 0.00 0
120958 0.00 0.00 0.00 0
120959 0.00 0.00 0.00 0
120971 0.00 0.00 0.00 0
120972 0.00 0.00 0.00 0
120982 0.00 0.00 0.00 0
120989 0.00 0.00 0.00 0
120990 0.00 0.00 0.00 0
120996 0.00 0.00 0.00 0
120997 0.00 0.00 0.00 0
121898 0.00 0.00 0.00 0
121906 0.00 0.00 0.00 0
121907 0.00 0.00 0.00 0
121915 0.00 0.00 0.00 0
121916 0.00 0.00 0.00 0
121923 0.00 0.00 0.00 0
121924 0.00 0.00 0.00 0
121925 0.00 0.00 0.00 0
121935 0.00 0.00 0.00 0
121936 0.00 0.00 0.00 0
121946 0.00 0.00 0.00 0
121957 0.00 0.00 0.00 0
121958 0.00 0.00 0.00 0
121967 0.00 0.00 0.00 0
121968 0.00 0.00 0.00 0
121976 0.00 0.00 0.00 0
122931 0.00 0.00 0.00 0
122932 0.00 0.00 0.00 0
122946 0.00 0.00 0.00 0
122947 0.00 0.00 0.00 0
122960 0.00 0.00 0.00 0
122961 0.00 0.00 0.00 0
122973 0.00 0.00 0.00 0
122974 0.00 0.00 0.00 0
122983 0.00 0.00 0.00 0
122989 0.00 0.00 0.00 0
122997 0.00 0.00 0.00 0
123007 0.00 0.00 0.00 0
123016 0.00 0.00 0.00 0
123940 0.00 0.00 0.00 0
123941 0.00 0.00 0.00 0
123948 0.00 0.00 0.00 0
123949 0.00 0.00 0.00 0
123950 0.00 0.00 0.00 0
123957 0.00 0.00 0.00 0
123958 0.00 0.00 0.00 0
123963 0.00 0.00 0.00 0
123964 0.00 0.00 0.00 0
123974 0.00 0.00 0.00 0
123975 0.00 0.00 0.00 0
123988 0.00 0.00 0.00 0
123989 0.00 0.00 0.00 0
124001 0.00 0.00 0.00 0
124002 0.00 0.00 0.00 0
124013 0.00 0.00 0.00 0
124022 0.00 0.00 0.00 0
124032 0.00 0.00 0.00 0
124902 0.00 0.00 0.00 0
124903 0.00 0.00 0.00 0
124909 0.00 0.00 0.00 0
124910 0.00 0.00 0.00 0
124916 0.00 0.00 0.00 0
124921 0.00 0.00 0.00 0
124922 0.00 0.00 0.00 0
124928 0.00 0.00 0.00 0
124929 0.00 0.00 0.00 0
124935 0.00 0.00 0.00 0
124936 0.00 0.00 0.00 0
124944 0.00 0.00 0.00 0
124945 0.00 0.00 0.00 0
124956 0.00 0.00 0.00 0
124957 0.00 0.00 0.00 0
124969 0.00 0.00 0.00 0
124978 0.00 0.00 0.00 0
124979 0.00 0.00 0.00 0
124981 0.00 0.00 0.00 0
124982 0.00 0.00 0.00 0
125822 0.00 0.00 0.00 0
125830 0.00 0.00 0.00 0
125831 0.00 0.00 0.00 0
125832 0.00 0.00 0.00 0
125838 0.00 0.00 0.00 0
125844 0.00 0.00 0.00 0
125850 0.00 0.00 0.00 0
125851 0.00 0.00 0.00 0
125857 0.00 0.00 0.00 0
125858 0.00 0.00 0.00 0
125865 0.00 0.00 0.00 0
125873 0.00 0.00 0.00 0
125882 0.00 0.00 0.00 0
125883 0.00 0.00 0.00 0
125893 0.00 0.00 0.00 0
125894 0.00 0.00 0.00 0
125901 0.00 0.00 0.00 0
125902 0.00 0.00 0.00 0
125906 0.00 0.00 0.00 0
125907 0.00 0.00 0.00 0
125912 0.00 0.00 0.00 0
125929 0.00 0.00 0.00 0
125930 0.00 0.00 0.00 0
125940 0.00 0.00 0.00 0
125956 0.00 0.00 0.00 0
126761 0.00 0.00 0.00 0
126762 0.00 0.00 0.00 0
126763 0.00 0.00 0.00 0
126772 0.00 0.00 0.00 0
126779 0.00 0.00 0.00 0
126786 0.00 0.00 0.00 0
126787 0.00 0.00 0.00 0
126793 0.00 0.00 0.00 0
126794 0.00 0.00 0.00 0
126801 0.00 0.00 0.00 0
126802 0.00 0.00 0.00 0
126808 0.00 0.00 0.00 0
126809 0.00 0.00 0.00 0
126812 0.00 0.00 0.00 0
126813 0.00 0.00 0.00 0
126816 0.00 0.00 0.00 0
126821 0.00 0.00 0.00 0
126822 0.00 0.00 0.00 0
126827 0.00 0.00 0.00 0
126829 0.00 0.00 0.00 0
126835 0.00 0.00 0.00 0
126836 0.00 0.00 0.00 0
126846 0.00 0.00 0.00 0
126857 0.00 0.00 0.00 0
126860 0.00 0.00 0.00 0
126877 0.00 0.00 0.00 0
126878 0.00 0.00 0.00 0
127681 0.00 0.00 0.00 0
127682 0.00 0.00 0.00 0
127683 0.00 0.00 0.00 0
127693 0.00 0.00 0.00 0
127694 0.00 0.00 0.00 0
127705 0.00 0.00 0.00 0
127717 0.00 0.00 0.00 0
127718 0.00 0.00 0.00 0
127719 0.00 0.00 0.00 0
127728 0.00 0.00 0.00 0
127729 0.00 0.00 0.00 0
127730 0.00 0.00 0.00 0
127736 0.00 0.00 0.00 0
127737 0.00 0.00 0.00 0
127742 0.00 0.00 0.00 0
127748 0.00 0.00 0.00 0
127749 0.00 0.00 0.00 0
127758 0.00 0.00 0.00 0
127759 0.00 0.00 0.00 0
127767 0.00 0.00 0.00 0
127768 0.00 0.00 0.00 0
127773 0.00 0.00 0.00 0
127774 0.00 0.00 0.00 0
127783 0.00 0.00 0.00 0
127784 0.00 0.00 0.00 0
127792 0.00 0.00 0.00 0
127793 0.00 0.00 0.00 0
127803 0.00 0.00 0.00 0
127822 0.00 0.00 0.00 0
128622 0.00 0.00 0.00 0
128623 0.00 0.00 0.00 0
128643 0.00 0.00 0.00 0
128644 0.00 0.00 0.00 0
128661 0.00 0.00 0.00 0
128677 0.00 0.00 0.00 0
128678 0.00 0.00 0.00 0
128679 0.00 0.00 0.00 0
128691 0.00 0.00 0.00 0
128692 0.00 0.00 0.00 0
128702 0.00 0.00 0.00 0
128711 0.00 0.00 0.00 0
128721 0.00 0.00 0.00 0
128730 0.00 0.00 0.00 0
128731 0.00 0.00 0.00 0
128737 0.00 0.00 0.00 0
128738 0.00 0.00 0.00 0
128739 0.00 0.00 0.00 0
128745 0.00 0.00 0.00 0
128746 0.00 0.00 0.00 0
128747 0.00 0.00 0.00 0
128754 0.00 0.00 0.00 0
128755 0.00 0.00 0.00 0
128758 0.00 0.00 0.00 0
128759 0.00 0.00 0.00 0
128763 0.00 0.00 0.00 0
128769 0.00 0.00 0.00 0
129541 0.00 0.00 0.00 0
129542 0.00 0.00 0.00 0
129558 0.00 0.00 0.00 0
129559 0.00 0.00 0.00 0
129571 0.00 0.00 0.00 0
129572 0.00 0.00 0.00 0
129588 0.00 0.00 0.00 0
129589 0.00 0.00 0.00 0
129590 0.00 0.00 0.00 0
129591 0.00 0.00 0.00 0
129604 0.00 0.00 0.00 0
129605 0.00 0.00 0.00 0
129615 0.00 0.00 0.00 0
129616 0.00 0.00 0.00 0
129622 0.00 0.00 0.00 0
129623 0.00 0.00 0.00 0
129626 0.00 0.00 0.00 0
129627 0.00 0.00 0.00 0
129629 0.00 0.00 0.00 0
129632 0.00 0.00 0.00 0
129633 0.00 0.00 0.00 0
129634 0.00 0.00 0.00 0
129637 0.00 0.00 0.00 0
129638 0.00 0.00 0.00 0
129642 0.00 0.00 0.00 0
129645 0.00 0.00 0.00 0
129649 0.00 0.00 0.00 0
129657 0.00 0.00 0.00 0
129658 0.00 0.00 0.00 0
130426 0.00 0.00 0.00 0
130427 0.00 0.00 0.00 0
130437 0.00 0.00 0.00 0
130438 0.00 0.00 0.00 0
130447 0.00 0.00 0.00 0
130448 0.00 0.00 0.00 0
130449 0.00 0.00 0.00 0
130456 0.00 0.00 0.00 0
130457 0.00 0.00 0.00 0
130458 0.00 0.00 0.00 0
130459 0.00 0.00 0.00 0
130462 0.00 0.00 0.00 0
130463 0.00 0.00 0.00 0
130466 0.00 0.00 0.00 0
130467 0.00 0.00 0.00 0
130469 0.00 0.00 0.00 0
130471 0.00 0.00 0.00 0
130472 0.00 0.00 0.00 0
130475 0.00 0.00 0.00 0
130476 0.00 0.00 0.00 0
130479 0.00 0.00 0.00 0
130480 0.00 0.00 0.00 0
130481 0.00 0.00 0.00 0
130482 0.00 0.00 0.00 0
130486 0.00 0.00 0.00 0
130490 0.00 0.00 0.00 0
130492 0.00 0.00 0.00 0
130493 0.00 0.00 0.00 0
130503 0.00 0.00 0.00 0
130504 0.00 0.00 0.00 0
131257 0.00 0.00 0.00 0
131258 0.00 0.00 0.00 0
131261 0.00 0.00 0.00 0
131262 0.00 0.00 0.00 0
131263 0.00 0.00 0.00 0
131264 0.00 0.00 0.00 0
131266 0.00 0.00 0.00 0
131267 0.00 0.00 0.00 0
131268 0.00 0.00 0.00 0
131269 0.00 0.00 0.00 0
131272 0.00 0.00 0.00 0
131273 0.00 0.00 0.00 0
131276 0.00 0.00 0.00 0
131278 0.00 0.00 0.00 0
131279 0.00 0.00 0.00 0
131281 0.00 0.00 0.00 0
131282 0.00 0.00 0.00 0
131283 0.00 0.00 0.00 0
131286 0.00 0.00 0.00 0
131287 0.00 0.00 0.00 0
131288 0.00 0.00 0.00 0
131290 0.00 0.00 0.00 0
131291 0.00 0.00 0.00 0
131292 0.00 0.00 0.00 0
131293 0.00 0.00 0.00 0
131294 0.00 0.00 0.00 0
131297 0.00 0.00 0.00 0
131298 0.00 0.00 0.00 0
131301 0.00 0.00 0.00 0
131302 0.00 0.00 0.00 0
131311 0.00 0.00 0.00 0
131324 0.00 0.00 0.00 0
131325 0.00 0.00 0.00 0
132043 0.00 0.00 0.00 0
132044 0.00 0.00 0.00 0
132045 0.00 0.00 0.00 0
132047 0.00 0.00 0.00 0
132048 0.00 0.00 0.00 0
132049 0.00 0.00 0.00 0
132050 0.00 0.00 0.00 0
132051 0.00 0.00 0.00 0
132053 0.00 0.00 0.00 0
132054 0.00 0.00 0.00 0
132055 0.00 0.00 0.00 0
132057 0.00 0.00 0.00 0
132060 0.00 0.00 0.00 0
132062 0.00 0.00 0.00 0
132063 0.00 0.00 0.00 0
132065 0.00 0.00 0.00 0
132066 0.00 0.00 0.00 0
132069 0.00 0.00 0.00 0
132070 0.00 0.00 0.00 0
132071 0.00 0.00 0.00 0
132072 0.00 0.00 0.00 0
132075 0.00 0.00 0.00 0
132076 0.00 0.00 0.00 0
132077 0.00 0.00 0.00 0
132078 0.00 0.00 0.00 0
132079 0.00 0.00 0.00 0
132080 0.00 0.00 0.00 0
132085 0.00 0.00 0.00 0
132086 0.00 0.00 0.00 0
132097 0.00 0.00 0.00 0
132098 0.00 0.00 0.00 0
132110 0.00 0.00 0.00 0
132111 0.00 0.00 0.00 0
132122 0.00 0.00 0.00 0
132123 0.00 0.00 0.00 0
132601 0.00 0.00 0.00 0
132602 0.00 0.00 0.00 0
132603 0.00 0.00 0.00 0
132623 0.00 0.00 0.00 0
132642 0.00 0.00 0.00 0
132846 0.00 0.00 0.00 0
132847 0.00 0.00 0.00 0
132848 0.00 0.00 0.00 0
132850 0.00 0.00 0.00 0
132851 0.00 0.00 0.00 0
132852 0.00 0.00 0.00 0
132853 0.00 0.00 0.00 0
132855 0.00 0.00 0.00 0
132856 0.00 0.00 0.00 0
132858 0.00 0.00 0.00 0
132862 0.00 0.00 0.00 0
132866 0.00 0.00 0.00 0
132867 0.00 0.00 0.00 0
132868 0.00 0.00 0.00 0
132872 0.00 0.00 0.00 0
132873 0.00 0.00 0.00 0
132874 0.00 0.00 0.00 0
132878 0.00 0.00 0.00 0
132879 0.00 0.00 0.00 0
132880 0.00 0.00 0.00 0
132881 0.00 0.00 0.00 0
132882 0.00 0.00 0.00 0
132883 0.00 0.00 0.00 0
132893 0.00 0.00 0.00 0
132894 0.00 0.00 0.00 0
132895 0.00 0.00 0.00 0
132896 0.00 0.00 0.00 0
132897 0.00 0.00 0.00 0
132898 0.00 0.00 0.00 0
132912 0.00 0.00 0.00 0
132926 0.00 0.00 0.00 0
132927 0.00 0.00 0.00 0
132936 0.00 0.00 0.00 0
133420 0.00 0.00 0.00 0
133421 0.00 0.00 0.00 0
133422 0.00 0.00 0.00 0
133423 0.00 0.00 0.00 0
133436 0.00 0.00 0.00 0
133437 0.00 0.00 0.00 0
133438 0.00 0.00 0.00 0
133439 0.00 0.00 0.00 0
133440 0.00 0.00 0.00 0
133441 0.00 0.00 0.00 0
133459 0.00 0.00 0.00 0
133460 0.00 0.00 0.00 0
133462 0.00 0.00 0.00 0
133463 0.00 0.00 0.00 0
133464 0.00 0.00 0.00 0
133482 0.00 0.00 0.00 0
133486 0.00 0.00 0.00 0
133487 0.00 0.00 0.00 0
133602 0.00 0.00 0.00 0
133688 0.00 0.00 0.00 0
133690 0.00 0.00 0.00 0
133691 0.00 0.00 0.00 0
133692 0.00 0.00 0.00 0
133693 0.00 0.00 0.00 0
133695 0.00 0.00 0.00 0
133696 0.00 0.00 0.00 0
133697 0.00 0.00 0.00 0
133698 0.00 0.00 0.00 0
133700 0.00 0.00 0.00 0
133701 0.00 0.00 0.00 0
133704 0.00 0.00 0.00 0
133708 0.00 0.00 0.00 0
133717 0.00 0.00 0.00 0
133718 0.00 0.00 0.00 0
133719 0.00 0.00 0.00 0
133731 0.00 0.00 0.00 0
133732 0.00 0.00 0.00 0
133747 0.00 0.00 0.00 0
133748 0.00 0.00 0.00 0
133749 0.00 0.00 0.00 0
133750 0.00 0.00 0.00 0
133751 0.00 0.00 0.00 0
133752 0.00 0.00 0.00 0
133770 0.00 0.00 0.00 0
133771 0.00 0.00 0.00 0
133772 0.00 0.00 0.00 0
133773 0.00 0.00 0.00 0
133788 0.00 0.00 0.00 0
133798 0.00 0.00 0.00 0
134240 0.00 0.00 0.00 0
134241 0.00 0.00 0.00 0
134257 0.00 0.00 0.00 0
134258 0.00 0.00 0.00 0
134259 0.00 0.00 0.00 0
134260 0.00 0.00 0.00 0
134261 0.00 0.00 0.00 0
134279 0.00 0.00 0.00 0
134280 0.00 0.00 0.00 0
134281 0.00 0.00 0.00 0
134282 0.00 0.00 0.00 0
134283 0.00 0.00 0.00 0
134284 0.00 0.00 0.00 0
134285 0.00 0.00 0.00 0
134308 0.00 0.00 0.00 0
134309 0.00 0.00 0.00 0
134312 0.00 0.00 0.00 0
134313 0.00 0.00 0.00 0
134314 0.00 0.00 0.00 0
134315 0.00 0.00 0.00 0
134316 0.00 0.00 0.00 0
134341 0.00 0.00 0.00 0
134342 0.00 0.00 0.00 0
134343 0.00 0.00 0.00 0
134344 0.00 0.00 0.00 0
134461 0.00 0.00 0.00 0
134473 0.00 0.00 0.00 0
134488 0.00 0.00 0.00 0
134489 0.00 0.00 0.00 0
134568 0.00 0.00 0.00 0
134569 0.00 0.00 0.00 0
134570 0.00 0.00 0.00 0
134578 0.00 0.00 0.00 0
134579 0.00 0.00 0.00 0
134580 0.00 0.00 0.00 0
134581 0.00 0.00 0.00 0
134589 0.00 0.00 0.00 0
134590 0.00 0.00 0.00 0
134591 0.00 0.00 0.00 0
134592 0.00 0.00 0.00 0
134601 0.00 0.00 0.00 0
134602 0.00 0.00 0.00 0
134612 0.00 0.00 0.00 0
134627 0.00 0.00 0.00 0
134628 0.00 0.00 0.00 0
134645 0.00 0.00 0.00 0
134646 0.00 0.00 0.00 0
134647 0.00 0.00 0.00 0
134663 0.00 0.00 0.00 0
134664 0.00 0.00 0.00 0
134665 0.00 0.00 0.00 0
134666 0.00 0.00 0.00 0
134667 0.00 0.00 0.00 0
134668 0.00 0.00 0.00 0
134681 0.00 0.00 0.00 0
134682 0.00 0.00 0.00 0
134683 0.00 0.00 0.00 0
134684 0.00 0.00 0.00 0
134685 0.00 0.00 0.00 0
134686 0.00 0.00 0.00 0
134687 0.00 0.00 0.00 0
134693 0.00 0.00 0.00 0
134694 0.00 0.00 0.00 0
134702 0.00 0.00 0.00 0
134712 0.00 0.00 0.00 0
135140 0.00 0.00 0.00 0
135141 0.00 0.00 0.00 0
135142 0.00 0.00 0.00 0
135160 0.00 0.00 0.00 0
135161 0.00 0.00 0.00 0
135162 0.00 0.00 0.00 0
135163 0.00 0.00 0.00 0
135164 0.00 0.00 0.00 0
135184 0.00 0.00 0.00 0
135185 0.00 0.00 0.00 0
135186 0.00 0.00 0.00 0
135187 0.00 0.00 0.00 0
135188 0.00 0.00 0.00 0
135189 0.00 0.00 0.00 0
135190 0.00 0.00 0.00 0
135210 0.00 0.00 0.00 0
135214 0.00 0.00 0.00 0
135215 0.00 0.00 0.00 0
135216 0.00 0.00 0.00 0
135217 0.00 0.00 0.00 0
135333 0.00 0.00 0.00 0
135334 0.00 0.00 0.00 0
135337 0.00 0.00 0.00 0
135338 0.00 0.00 0.00 0
135344 0.00 0.00 0.00 0
135358 0.00 0.00 0.00 0
135359 0.00 0.00 0.00 0
135364 0.00 0.00 0.00 0
135365 0.00 0.00 0.00 0
135366 0.00 0.00 0.00 0
135374 0.00 0.00 0.00 0
135375 0.00 0.00 0.00 0
135421 0.00 0.00 0.00 0
135422 0.00 0.00 0.00 0
135435 0.00 0.00 0.00 0
135436 0.00 0.00 0.00 0
135437 0.00 0.00 0.00 0
135438 0.00 0.00 0.00 0
135439 0.00 0.00 0.00 0
135452 0.00 0.00 0.00 0
135453 0.00 0.00 0.00 0
135454 0.00 0.00 0.00 0
135455 0.00 0.00 0.00 0
135469 0.00 0.00 0.00 0
135470 0.00 0.00 0.00 0
135471 0.00 0.00 0.00 0
135488 0.00 0.00 0.00 0
135506 0.00 0.00 0.00 0
135523 0.00 0.00 0.00 0
135524 0.00 0.00 0.00 0
135525 0.00 0.00 0.00 0
135539 0.00 0.00 0.00 0
135540 0.00 0.00 0.00 0
135550 0.00 0.00 0.00 0
135551 0.00 0.00 0.00 0
135552 0.00 0.00 0.00 0
135553 0.00 0.00 0.00 0
135554 0.00 0.00 0.00 0
135555 0.00 0.00 0.00 0
135556 0.00 0.00 0.00 0
135562 0.00 0.00 0.00 0
135563 0.00 0.00 0.00 0
135564 0.00 0.00 0.00 0
135565 0.00 0.00 0.00 0
135566 0.00 0.00 0.00 0
135569 0.00 0.00 0.00 0
135570 0.00 0.00 0.00 0
135574 0.00 0.00 0.00 0
135575 0.00 0.00 0.00 0
135993 0.00 0.00 0.00 0
135994 0.00 0.00 0.00 0
135995 0.00 0.00 0.00 0
135996 0.00 0.00 0.00 0
135997 0.00 0.00 0.00 0
136015 0.00 0.00 0.00 0
136018 0.00 0.00 0.00 0
136019 0.00 0.00 0.00 0
136020 0.00 0.00 0.00 0
136021 0.00 0.00 0.00 0
136022 0.00 0.00 0.00 0
136034 0.00 0.00 0.00 0
136038 0.00 0.00 0.00 0
136104 0.00 0.00 0.00 0
136105 0.00 0.00 0.00 0
136115 0.00 0.00 0.00 0
136116 0.00 0.00 0.00 0
136117 0.00 0.00 0.00 0
136118 0.00 0.00 0.00 0
136127 0.00 0.00 0.00 0
136128 0.00 0.00 0.00 0
136131 0.00 0.00 0.00 0
136132 0.00 0.00 0.00 0
136137 0.00 0.00 0.00 0
136138 0.00 0.00 0.00 0
136152 0.00 0.00 0.00 0
136162 0.00 0.00 0.00 0
136163 0.00 0.00 0.00 0
136167 0.00 0.00 0.00 0
136168 0.00 0.00 0.00 0
136169 0.00 0.00 0.00 0
136179 0.00 0.00 0.00 0
136180 0.00 0.00 0.00 0
136181 0.00 0.00 0.00 0
136196 0.00 0.00 0.00 0
136197 0.00 0.00 0.00 0
136198 0.00 0.00 0.00 0
136199 0.00 0.00 0.00 0
136209 0.00 0.00 0.00 0
136210 0.00 0.00 0.00 0
136211 0.00 0.00 0.00 0
136212 0.00 0.00 0.00 0
136220 0.00 0.00 0.00 0
136221 0.00 0.00 0.00 0
136222 0.00 0.00 0.00 0
136223 0.00 0.00 0.00 0
136224 0.00 0.00 0.00 0
136234 0.00 0.00 0.00 0
136235 0.00 0.00 0.00 0
136236 0.00 0.00 0.00 0
136237 0.00 0.00 0.00 0
136238 0.00 0.00 0.00 0
136251 0.00 0.00 0.00 0
136252 0.00 0.00 0.00 0
136253 0.00 0.00 0.00 0
136269 0.00 0.00 0.00 0
136270 0.00 0.00 0.00 0
136286 0.00 0.00 0.00 0
136298 0.00 0.00 0.00 0
136299 0.00 0.00 0.00 0
136306 0.00 0.00 0.00 0
136307 0.00 0.00 0.00 0
136308 0.00 0.00 0.00 0
136309 0.00 0.00 0.00 0
136317 0.00 0.00 0.00 0
136318 0.00 0.00 0.00 0
136319 0.00 0.00 0.00 0
136320 0.00 0.00 0.00 0
136321 0.00 0.00 0.00 0
136322 0.00 0.00 0.00 0
136329 0.00 0.00 0.00 0
136330 0.00 0.00 0.00 0
136331 0.00 0.00 0.00 0
136332 0.00 0.00 0.00 0
136333 0.00 0.00 0.00 0
136334 0.00 0.00 0.00 0
136335 0.00 0.00 0.00 0
136341 0.00 0.00 0.00 0
136348 0.00 0.00 0.00 0
136354 0.00 0.00 0.00 0
136701 0.00 0.00 0.00 0
136702 0.00 0.00 0.00 0
136703 0.00 0.00 0.00 0
136704 0.00 0.00 0.00 0
136705 0.00 0.00 0.00 0
136706 0.00 0.00 0.00 0
136707 0.00 0.00 0.00 0
136725 0.00 0.00 0.00 0
136726 0.00 0.00 0.00 0
136727 0.00 0.00 0.00 0
136728 0.00 0.00 0.00 0
136729 0.00 0.00 0.00 0
136730 0.00 0.00 0.00 0
136731 0.00 0.00 0.00 0
136732 0.00 0.00 0.00 0
136733 0.00 0.00 0.00 0
136748 0.00 0.00 0.00 0
136749 0.00 0.00 0.00 0
136750 0.00 0.00 0.00 0
136752 0.00 0.00 0.00 0
136753 0.00 0.00 0.00 0
136766 0.00 0.00 0.00 0
136794 0.00 0.00 0.00 0
136806 0.00 0.00 0.00 0
136807 0.00 0.00 0.00 0
136813 0.00 0.00 0.00 0
136820 0.00 0.00 0.00 0
136821 0.00 0.00 0.00 0
136822 0.00 0.00 0.00 0
136823 0.00 0.00 0.00 0
136824 0.00 0.00 0.00 0
136825 0.00 0.00 0.00 0
136828 0.00 0.00 0.00 0
136829 0.00 0.00 0.00 0
136832 0.00 0.00 0.00 0
136833 0.00 0.00 0.00 0
136835 0.00 0.00 0.00 0
136838 0.00 0.00 0.00 0
136839 0.00 0.00 0.00 0
136849 0.00 0.00 0.00 0
136863 0.00 0.00 0.00 0
136874 0.00 0.00 0.00 0
136881 0.00 0.00 0.00 0
136891 0.00 0.00 0.00 0
136892 0.00 0.00 0.00 0
136893 0.00 0.00 0.00 0
136905 0.00 0.00 0.00 0
136906 0.00 0.00 0.00 0
136907 0.00 0.00 0.00 0
136917 0.00 0.00 0.00 0
136918 0.00 0.00 0.00 0
136919 0.00 0.00 0.00 0
136931 0.00 0.00 0.00 0
136932 0.00 0.00 0.00 0
136933 0.00 0.00 0.00 0
136944 0.00 0.00 0.00 0
136945 0.00 0.00 0.00 0
136955 0.00 0.00 0.00 0
136966 0.00 0.00 0.00 0
136967 0.00 0.00 0.00 0
136976 0.00 0.00 0.00 0
136977 0.00 0.00 0.00 0
136978 0.00 0.00 0.00 0
136986 0.00 0.00 0.00 0
136987 0.00 0.00 0.00 0
136988 0.00 0.00 0.00 0
136989 0.00 0.00 0.00 0
136990 0.00 0.00 0.00 0
136991 0.00 0.00 0.00 0
137000 0.00 0.00 0.00 0
137001 0.00 0.00 0.00 0
137002 0.00 0.00 0.00 0
137003 0.00 0.00 0.00 0
137004 0.00 0.00 0.00 0
137005 0.00 0.00 0.00 0
137006 0.00 0.00 0.00 0
137015 0.00 0.00 0.00 0
137016 0.00 0.00 0.00 0
137017 0.00 0.00 0.00 0
137018 0.00 0.00 0.00 0
137019 0.00 0.00 0.00 0
137028 0.00 0.00 0.00 0
137383 0.00 0.00 0.00 0
137384 0.00 0.00 0.00 0
137385 0.00 0.00 0.00 0
137386 0.00 0.00 0.00 0
137387 0.00 0.00 0.00 0
137388 0.00 0.00 0.00 0
137389 0.00 0.00 0.00 0
137401 0.00 0.00 0.00 0
137402 0.00 0.00 0.00 0
137403 0.00 0.00 0.00 0
137404 0.00 0.00 0.00 0
137405 0.00 0.00 0.00 0
137406 0.00 0.00 0.00 0
137415 0.00 0.00 0.00 0
137416 0.00 0.00 0.00 0
137417 0.00 0.00 0.00 0
137418 0.00 0.00 0.00 0
137419 0.00 0.00 0.00 0
137420 0.00 0.00 0.00 0
137421 0.00 0.00 0.00 0
137430 0.00 0.00 0.00 0
137431 0.00 0.00 0.00 0
137432 0.00 0.00 0.00 0
137443 0.00 0.00 0.00 0
137444 0.00 0.00 0.00 0
137454 0.00 0.00 0.00 0
137464 0.00 0.00 0.00 0
137467 0.00 0.00 0.00 0
137473 0.00 0.00 0.00 0
137474 0.00 0.00 0.00 0
137475 0.00 0.00 0.00 0
137476 0.00 0.00 0.00 0
137477 0.00 0.00 0.00 0
137481 0.00 0.00 0.00 0
137485 0.00 0.00 0.00 0
137488 0.00 0.00 0.00 0
137489 0.00 0.00 0.00 0
137492 0.00 0.00 0.00 0
137493 0.00 0.00 0.00 0
137496 0.00 0.00 0.00 0
137497 0.00 0.00 0.00 0
137505 0.00 0.00 0.00 0
137506 0.00 0.00 0.00 0
137518 0.00 0.00 0.00 0
137519 0.00 0.00 0.00 0
137532 0.00 0.00 0.00 0
137533 0.00 0.00 0.00 0
137534 0.00 0.00 0.00 0
137544 0.00 0.00 0.00 0
137545 0.00 0.00 0.00 0
137546 0.00 0.00 0.00 0
137559 0.00 0.00 0.00 0
137560 0.00 0.00 0.00 0
137561 0.00 0.00 0.00 0
137573 0.00 0.00 0.00 0
137574 0.00 0.00 0.00 0
137575 0.00 0.00 0.00 0
137586 0.00 0.00 0.00 0
137587 0.00 0.00 0.00 0
137596 0.00 0.00 0.00 0
137606 0.00 0.00 0.00 0
137618 0.00 0.00 0.00 0
137619 0.00 0.00 0.00 0
137620 0.00 0.00 0.00 0
137630 0.00 0.00 0.00 0
137631 0.00 0.00 0.00 0
137632 0.00 0.00 0.00 0
137642 0.00 0.00 0.00 0
137643 0.00 0.00 0.00 0
137644 0.00 0.00 0.00 0
137645 0.00 0.00 0.00 0
137646 0.00 0.00 0.00 0
137647 0.00 0.00 0.00 0
137648 0.00 0.00 0.00 0
137649 0.00 0.00 0.00 0
137662 0.00 0.00 0.00 0
137663 0.00 0.00 0.00 0
137664 0.00 0.00 0.00 0
137665 0.00 0.00 0.00 0
137666 0.00 0.00 0.00 0
137667 0.00 0.00 0.00 0
137668 0.00 0.00 0.00 0
137684 0.00 0.00 0.00 0
137685 0.00 0.00 0.00 0
138055 0.00 0.00 0.00 0
138056 0.00 0.00 0.00 0
138057 0.00 0.00 0.00 0
138058 0.00 0.00 0.00 0
138059 0.00 0.00 0.00 0
138060 0.00 0.00 0.00 0
138061 0.00 0.00 0.00 0
138067 0.00 0.00 0.00 0
138068 0.00 0.00 0.00 0
138069 0.00 0.00 0.00 0
138070 0.00 0.00 0.00 0
138071 0.00 0.00 0.00 0
138072 0.00 0.00 0.00 0
138079 0.00 0.00 0.00 0
138080 0.00 0.00 0.00 0
138081 0.00 0.00 0.00 0
138082 0.00 0.00 0.00 0
138083 0.00 0.00 0.00 0
138084 0.00 0.00 0.00 0
138085 0.00 0.00 0.00 0
138092 0.00 0.00 0.00 0
138093 0.00 0.00 0.00 0
138094 0.00 0.00 0.00 0
138095 0.00 0.00 0.00 0
138096 0.00 0.00 0.00 0
138097 0.00 0.00 0.00 0
138108 0.00 0.00 0.00 0
138109 0.00 0.00 0.00 0
138110 0.00 0.00 0.00 0
138111 0.00 0.00 0.00 0
138112 0.00 0.00 0.00 0
138122 0.00 0.00 0.00 0
138123 0.00 0.00 0.00 0
138132 0.00 0.00 0.00 0
138133 0.00 0.00 0.00 0
138136 0.00 0.00 0.00 0
138137 0.00 0.00 0.00 0
138143 0.00 0.00 0.00 0
138144 0.00 0.00 0.00 0
138145 0.00 0.00 0.00 0
138146 0.00 0.00 0.00 0
138147 0.00 0.00 0.00 0
138151 0.00 0.00 0.00 0
138152 0.00 0.00 0.00 0
138153 0.00 0.00 0.00 0
138154 0.00 0.00 0.00 0
138158 0.00 0.00 0.00 0
138159 0.00 0.00 0.00 0
138163 0.00 0.00 0.00 0
138164 0.00 0.00 0.00 0
138167 0.00 0.00 0.00 0
138168 0.00 0.00 0.00 0
138170 0.00 0.00 0.00 0
138171 0.00 0.00 0.00 0
138172 0.00 0.00 0.00 0
138174 0.00 0.00 0.00 0
138175 0.00 0.00 0.00 0
138181 0.00 0.00 0.00 0
138182 0.00 0.00 0.00 0
138183 0.00 0.00 0.00 0
138192 0.00 0.00 0.00 0
138193 0.00 0.00 0.00 0
138194 0.00 0.00 0.00 0
138205 0.00 0.00 0.00 0
138206 0.00 0.00 0.00 0
138217 0.00 0.00 0.00 0
138218 0.00 0.00 0.00 0
138228 0.00 0.00 0.00 0
138239 0.00 0.00 0.00 0
138249 0.00 0.00 0.00 0
138250 0.00 0.00 0.00 0
138259 0.00 0.00 0.00 0
138260 0.00 0.00 0.00 0
138267 0.00 0.00 0.00 0
138268 0.00 0.00 0.00 0
138269 0.00 0.00 0.00 0
138270 0.00 0.00 0.00 0
138274 0.00 0.00 0.00 0
138275 0.00 0.00 0.00 0
138276 0.00 0.00 0.00 0
138277 0.00 0.00 0.00 0
138278 0.00 0.00 0.00 0
138279 0.00 0.00 0.00 0
138280 0.00 0.00 0.00 0
138288 0.00 0.00 0.00 0
138289 0.00 0.00 0.00 0
138290 0.00 0.00 0.00 0
138291 0.00 0.00 0.00 0
138292 0.00 0.00 0.00 0
138293 0.00 0.00 0.00 0
138294 0.00 0.00 0.00 0
138295 0.00 0.00 0.00 0
138311 0.00 0.00 0.00 0
138312 0.00 0.00 0.00 0
138313 0.00 0.00 0.00 0
138314 0.00 0.00 0.00 0
138745 0.00 0.00 0.00 0
138746 0.00 0.00 0.00 0
138747 0.00 0.00 0.00 0
138748 0.00 0.00 0.00 0
138749 0.00 0.00 0.00 0
138756 0.00 0.00 0.00 0
138757 0.00 0.00 0.00 0
138758 0.00 0.00 0.00 0
138759 0.00 0.00 0.00 0
138766 0.00 0.00 0.00 0
138767 0.00 0.00 0.00 0
138768 0.00 0.00 0.00 0
138769 0.00 0.00 0.00 0
138770 0.00 0.00 0.00 0
138771 0.00 0.00 0.00 0
138778 0.00 0.00 0.00 0
138779 0.00 0.00 0.00 0
138780 0.00 0.00 0.00 0
138781 0.00 0.00 0.00 0
138782 0.00 0.00 0.00 0
138792 0.00 0.00 0.00 0
138793 0.00 0.00 0.00 0
138794 0.00 0.00 0.00 0
138795 0.00 0.00 0.00 0
138796 0.00 0.00 0.00 0
138797 0.00 0.00 0.00 0
138810 0.00 0.00 0.00 0
138811 0.00 0.00 0.00 0
138812 0.00 0.00 0.00 0
138813 0.00 0.00 0.00 0
138814 0.00 0.00 0.00 0
138825 0.00 0.00 0.00 0
138826 0.00 0.00 0.00 0
138827 0.00 0.00 0.00 0
138828 0.00 0.00 0.00 0
138831 0.00 0.00 0.00 0
138832 0.00 0.00 0.00 0
138833 0.00 0.00 0.00 0
138834 0.00 0.00 0.00 0
138840 0.00 0.00 0.00 0
138841 0.00 0.00 0.00 0
138842 0.00 0.00 0.00 0
138843 0.00 0.00 0.00 0
138848 0.00 0.00 0.00 0
138849 0.00 0.00 0.00 0
138850 0.00 0.00 0.00 0
138851 0.00 0.00 0.00 0
138855 0.00 0.00 0.00 0
138856 0.00 0.00 0.00 0
138860 0.00 0.00 0.00 0
138861 0.00 0.00 0.00 0
138865 0.00 0.00 0.00 0
138866 0.00 0.00 0.00 0
138870 0.00 0.00 0.00 0
138871 0.00 0.00 0.00 0
138875 0.00 0.00 0.00 0
138876 0.00 0.00 0.00 0
138879 0.00 0.00 0.00 0
138880 0.00 0.00 0.00 0
138884 0.00 0.00 0.00 0
138891 0.00 0.00 0.00 0
138898 0.00 0.00 0.00 0
138906 0.00 0.00 0.00 0
138907 0.00 0.00 0.00 0
138915 0.00 0.00 0.00 0
138916 0.00 0.00 0.00 0
138922 0.00 0.00 0.00 0
138923 0.00 0.00 0.00 0
138924 0.00 0.00 0.00 0
138928 0.00 0.00 0.00 0
138929 0.00 0.00 0.00 0
138930 0.00 0.00 0.00 0
138935 0.00 0.00 0.00 0
138936 0.00 0.00 0.00 0
138937 0.00 0.00 0.00 0
138938 0.00 0.00 0.00 0
138939 0.00 0.00 0.00 0
138940 0.00 0.00 0.00 0
138941 0.00 0.00 0.00 0
138947 0.00 0.00 0.00 0
138948 0.00 0.00 0.00 0
138949 0.00 0.00 0.00 0
138950 0.00 0.00 0.00 0
138951 0.00 0.00 0.00 0
138952 0.00 0.00 0.00 0
138968 0.00 0.00 0.00 0
138969 0.00 0.00 0.00 0
138970 0.00 0.00 0.00 0
138971 0.00 0.00 0.00 0
138972 0.00 0.00 0.00 0
138988 0.00 0.00 0.00 0
138989 0.00 0.00 0.00 0
138990 0.00 0.00 0.00 0
139428 0.00 0.00 0.00 0
139429 0.00 0.00 0.00 0
139430 0.00 0.00 0.00 0
139431 0.00 0.00 0.00 0
139432 0.00 0.00 0.00 0
139442 0.00 0.00 0.00 0
139443 0.00 0.00 0.00 0
139444 0.00 0.00 0.00 0
139445 0.00 0.00 0.00 0
139446 0.00 0.00 0.00 0
139455 0.00 0.00 0.00 0
139456 0.00 0.00 0.00 0
139457 0.00 0.00 0.00 0
139458 0.00 0.00 0.00 0
139459 0.00 0.00 0.00 0
139469 0.00 0.00 0.00 0
139470 0.00 0.00 0.00 0
139471 0.00 0.00 0.00 0
139472 0.00 0.00 0.00 0
139473 0.00 0.00 0.00 0
139485 0.00 0.00 0.00 0
139486 0.00 0.00 0.00 0
139487 0.00 0.00 0.00 0
139488 0.00 0.00 0.00 0
139489 0.00 0.00 0.00 0
139500 0.00 0.00 0.00 0
139501 0.00 0.00 0.00 0
139502 0.00 0.00 0.00 0
139503 0.00 0.00 0.00 0
139512 0.00 0.00 0.00 0
139513 0.00 0.00 0.00 0
139514 0.00 0.00 0.00 0
139515 0.00 0.00 0.00 0
139516 0.00 0.00 0.00 0
139521 0.00 0.00 0.00 0
139522 0.00 0.00 0.00 0
139523 0.00 0.00 0.00 0
139524 0.00 0.00 0.00 0
139525 0.00 0.00 0.00 0
139526 0.00 0.00 0.00 0
139527 0.00 0.00 0.00 0
139528 0.00 0.00 0.00 0
139536 0.00 0.00 0.00 0
139537 0.00 0.00 0.00 0
139538 0.00 0.00 0.00 0
139539 0.00 0.00 0.00 0
139540 0.00 0.00 0.00 0
139541 0.00 0.00 0.00 0
139542 0.00 0.00 0.00 0
139543 0.00 0.00 0.00 0
139555 0.00 0.00 0.00 0
139556 0.00 0.00 0.00 0
139557 0.00 0.00 0.00 0
139558 0.00 0.00 0.00 0
139559 0.00 0.00 0.00 0
139560 0.00 0.00 0.00 0
139561 0.00 0.00 0.00 0
139562 0.00 0.00 0.00 0
139573 0.00 0.00 0.00 0
139574 0.00 0.00 0.00 0
139575 0.00 0.00 0.00 0
139576 0.00 0.00 0.00 0
139577 0.00 0.00 0.00 0
139578 0.00 0.00 0.00 0
139588 0.00 0.00 0.00 0
139589 0.00 0.00 0.00 0
139590 0.00 0.00 0.00 0
139591 0.00 0.00 0.00 0
139592 0.00 0.00 0.00 0
139593 0.00 0.00 0.00 0
139601 0.00 0.00 0.00 0
139602 0.00 0.00 0.00 0
139603 0.00 0.00 0.00 0
139610 0.00 0.00 0.00 0
139611 0.00 0.00 0.00 0
139616 0.00 0.00 0.00 0
139617 0.00 0.00 0.00 0
139621 0.00 0.00 0.00 0
139622 0.00 0.00 0.00 0
139626 0.00 0.00 0.00 0
139627 0.00 0.00 0.00 0
139631 0.00 0.00 0.00 0
139632 0.00 0.00 0.00 0
139635 0.00 0.00 0.00 0
139636 0.00 0.00 0.00 0
139639 0.00 0.00 0.00 0
139640 0.00 0.00 0.00 0
139641 0.00 0.00 0.00 0
139644 0.00 0.00 0.00 0
139645 0.00 0.00 0.00 0
139646 0.00 0.00 0.00 0
139650 0.00 0.00 0.00 0
139651 0.00 0.00 0.00 0
139652 0.00 0.00 0.00 0
139653 0.00 0.00 0.00 0
139657 0.00 0.00 0.00 0
139658 0.00 0.00 0.00 0
139659 0.00 0.00 0.00 0
139660 0.00 0.00 0.00 0
139661 0.00 0.00 0.00 0
139662 0.00 0.00 0.00 0
139665 0.00 0.00 0.00 0
139666 0.00 0.00 0.00 0
139667 0.00 0.00 0.00 0
139668 0.00 0.00 0.00 0
139669 0.00 0.00 0.00 0
139670 0.00 0.00 0.00 0
139671 0.00 0.00 0.00 0
139678 0.00 0.00 0.00 0
139679 0.00 0.00 0.00 0
139680 0.00 0.00 0.00 0
139681 0.00 0.00 0.00 0
139682 0.00 0.00 0.00 0
139683 0.00 0.00 0.00 0
139701 0.00 0.00 0.00 0
139702 0.00 0.00 0.00 0
139703 0.00 0.00 0.00 0
139704 0.00 0.00 0.00 0
140152 0.00 0.00 0.00 0
140153 0.00 0.00 0.00 0
140154 0.00 0.00 0.00 0
140169 0.00 0.00 0.00 0
140170 0.00 0.00 0.00 0
140171 0.00 0.00 0.00 0
140172 0.00 0.00 0.00 0
140173 0.00 0.00 0.00 0
140185 0.00 0.00 0.00 0
140186 0.00 0.00 0.00 0
140187 0.00 0.00 0.00 0
140188 0.00 0.00 0.00 0
140189 0.00 0.00 0.00 0
140202 0.00 0.00 0.00 0
140203 0.00 0.00 0.00 0
140204 0.00 0.00 0.00 0
140205 0.00 0.00 0.00 0
140224 0.00 0.00 0.00 0
140225 0.00 0.00 0.00 0
140226 0.00 0.00 0.00 0
140227 0.00 0.00 0.00 0
140228 0.00 0.00 0.00 0
140246 0.00 0.00 0.00 0
140247 0.00 0.00 0.00 0
140248 0.00 0.00 0.00 0
140249 0.00 0.00 0.00 0
140259 0.00 0.00 0.00 0
140260 0.00 0.00 0.00 0
140261 0.00 0.00 0.00 0
140262 0.00 0.00 0.00 0
140270 0.00 0.00 0.00 0
140271 0.00 0.00 0.00 0
140272 0.00 0.00 0.00 0
140273 0.00 0.00 0.00 0
140274 0.00 0.00 0.00 0
140287 0.00 0.00 0.00 0
140288 0.00 0.00 0.00 0
140289 0.00 0.00 0.00 0
140290 0.00 0.00 0.00 0
140291 0.00 0.00 0.00 0
140292 0.00 0.00 0.00 0
140303 0.00 0.00 0.00 0
140304 0.00 0.00 0.00 0
140305 0.00 0.00 0.00 0
140306 0.00 0.00 0.00 0
140307 0.00 0.00 0.00 0
140308 0.00 0.00 0.00 0
140309 0.00 0.00 0.00 0
140310 0.00 0.00 0.00 0
140320 0.00 0.00 0.00 0
140321 0.00 0.00 0.00 0
140322 0.00 0.00 0.00 0
140323 0.00 0.00 0.00 0
140324 0.00 0.00 0.00 0
140325 0.00 0.00 0.00 0
140326 0.00 0.00 0.00 0
140327 0.00 0.00 0.00 0
140338 0.00 0.00 0.00 0
140339 0.00 0.00 0.00 0
140340 0.00 0.00 0.00 0
140341 0.00 0.00 0.00 0
140342 0.00 0.00 0.00 0
140343 0.00 0.00 0.00 0
140344 0.00 0.00 0.00 0
140345 0.00 0.00 0.00 0
140354 0.00 0.00 0.00 0
140355 0.00 0.00 0.00 0
140356 0.00 0.00 0.00 0
140357 0.00 0.00 0.00 0
140358 0.00 0.00 0.00 0
140359 0.00 0.00 0.00 0
140360 0.00 0.00 0.00 0
140370 0.00 0.00 0.00 0
140371 0.00 0.00 0.00 0
140372 0.00 0.00 0.00 0
140373 0.00 0.00 0.00 0
140374 0.00 0.00 0.00 0
140375 0.00 0.00 0.00 0
140384 0.00 0.00 0.00 0
140385 0.00 0.00 0.00 0
140392 0.00 0.00 0.00 0
140395 0.00 0.00 0.00 0
140396 0.00 0.00 0.00 0
140399 0.00 0.00 0.00 0
140400 0.00 0.00 0.00 0
140403 0.00 0.00 0.00 0
140404 0.00 0.00 0.00 0
140405 0.00 0.00 0.00 0
140409 0.00 0.00 0.00 0
140410 0.00 0.00 0.00 0
140411 0.00 0.00 0.00 0
140412 0.00 0.00 0.00 0
140416 0.00 0.00 0.00 0
140417 0.00 0.00 0.00 0
140418 0.00 0.00 0.00 0
140419 0.00 0.00 0.00 0
140420 0.00 0.00 0.00 0
140425 0.00 0.00 0.00 0
140426 0.00 0.00 0.00 0
140427 0.00 0.00 0.00 0
140428 0.00 0.00 0.00 0
140429 0.00 0.00 0.00 0
140430 0.00 0.00 0.00 0
140435 0.00 0.00 0.00 0
140436 0.00 0.00 0.00 0
140437 0.00 0.00 0.00 0
140438 0.00 0.00 0.00 0
140439 0.00 0.00 0.00 0
140440 0.00 0.00 0.00 0
140446 0.00 0.00 0.00 0
140447 0.00 0.00 0.00 0
140448 0.00 0.00 0.00 0
140449 0.00 0.00 0.00 0
140450 0.00 0.00 0.00 0
140451 0.00 0.00 0.00 0
140467 0.00 0.00 0.00 0
140468 0.00 0.00 0.00 0
140469 0.00 0.00 0.00 0
140969 0.00 0.00 0.00 0
140970 0.00 0.00 0.00 0
140971 0.00 0.00 0.00 0
140985 0.00 0.00 0.00 0
140986 0.00 0.00 0.00 0
140987 0.00 0.00 0.00 0
140988 0.00 0.00 0.00 0
140989 0.00 0.00 0.00 0
141004 0.00 0.00 0.00 0
141005 0.00 0.00 0.00 0
141006 0.00 0.00 0.00 0
141007 0.00 0.00 0.00 0
141008 0.00 0.00 0.00 0
141009 0.00 0.00 0.00 0
141027 0.00 0.00 0.00 0
141028 0.00 0.00 0.00 0
141029 0.00 0.00 0.00 0
141030 0.00 0.00 0.00 0
141031 0.00 0.00 0.00 0
141047 0.00 0.00 0.00 0
141048 0.00 0.00 0.00 0
141049 0.00 0.00 0.00 0
141050 0.00 0.00 0.00 0
141051 0.00 0.00 0.00 0
141052 0.00 0.00 0.00 0
141069 0.00 0.00 0.00 0
141070 0.00 0.00 0.00 0
141071 0.00 0.00 0.00 0
141072 0.00 0.00 0.00 0
141091 0.00 0.00 0.00 0
141092 0.00 0.00 0.00 0
141093 0.00 0.00 0.00 0
141094 0.00 0.00 0.00 0
141113 0.00 0.00 0.00 0
141114 0.00 0.00 0.00 0
141115 0.00 0.00 0.00 0
141116 0.00 0.00 0.00 0
141128 0.00 0.00 0.00 0
141129 0.00 0.00 0.00 0
141130 0.00 0.00 0.00 0
141131 0.00 0.00 0.00 0
141132 0.00 0.00 0.00 0
141133 0.00 0.00 0.00 0
141146 0.00 0.00 0.00 0
141147 0.00 0.00 0.00 0
141148 0.00 0.00 0.00 0
141149 0.00 0.00 0.00 0
141150 0.00 0.00 0.00 0
141160 0.00 0.00 0.00 0
141161 0.00 0.00 0.00 0
141162 0.00 0.00 0.00 0
141163 0.00 0.00 0.00 0
141164 0.00 0.00 0.00 0
141165 0.00 0.00 0.00 0
141166 0.00 0.00 0.00 0
141174 0.00 0.00 0.00 0
141175 0.00 0.00 0.00 0
141176 0.00 0.00 0.00 0
141177 0.00 0.00 0.00 0
141178 0.00 0.00 0.00 0
141179 0.00 0.00 0.00 0
141180 0.00 0.00 0.00 0
141181 0.00 0.00 0.00 0
141182 0.00 0.00 0.00 0
141192 0.00 0.00 0.00 0
141193 0.00 0.00 0.00 0
141194 0.00 0.00 0.00 0
141195 0.00 0.00 0.00 0
141196 0.00 0.00 0.00 0
141197 0.00 0.00 0.00 0
141198 0.00 0.00 0.00 0
141199 0.00 0.00 0.00 0
141209 0.00 0.00 0.00 0
141210 0.00 0.00 0.00 0
141211 0.00 0.00 0.00 0
141222 0.00 0.00 0.00 0
141223 0.00 0.00 0.00 0
141232 0.00 0.00 0.00 0
141233 0.00 0.00 0.00 0
141234 0.00 0.00 0.00 0
141242 0.00 0.00 0.00 0
141243 0.00 0.00 0.00 0
141244 0.00 0.00 0.00 0
141251 0.00 0.00 0.00 0
141252 0.00 0.00 0.00 0
141253 0.00 0.00 0.00 0
141254 0.00 0.00 0.00 0
141255 0.00 0.00 0.00 0
141256 0.00 0.00 0.00 0
141257 0.00 0.00 0.00 0
141258 0.00 0.00 0.00 0
141265 0.00 0.00 0.00 0
141266 0.00 0.00 0.00 0
141267 0.00 0.00 0.00 0
141268 0.00 0.00 0.00 0
141269 0.00 0.00 0.00 0
141270 0.00 0.00 0.00 0
141271 0.00 0.00 0.00 0
141272 0.00 0.00 0.00 0
141278 0.00 0.00 0.00 0
141279 0.00 0.00 0.00 0
141280 0.00 0.00 0.00 0
141281 0.00 0.00 0.00 0
141282 0.00 0.00 0.00 0
141283 0.00 0.00 0.00 0
141284 0.00 0.00 0.00 0
141293 0.00 0.00 0.00 0
141294 0.00 0.00 0.00 0
141295 0.00 0.00 0.00 0
141296 0.00 0.00 0.00 0
141297 0.00 0.00 0.00 0
141298 0.00 0.00 0.00 0
141308 0.00 0.00 0.00 0
141309 0.00 0.00 0.00 0
141310 0.00 0.00 0.00 0
141311 0.00 0.00 0.00 0
141321 0.00 0.00 0.00 0
141322 0.00 0.00 0.00 0
141323 0.00 0.00 0.00 0
141343 0.00 0.00 0.00 0
141344 0.00 0.00 0.00 0
141778 0.00 0.00 0.00 0
141779 0.00 0.00 0.00 0
141780 0.00 0.00 0.00 0
141781 0.00 0.00 0.00 0
141794 0.00 0.00 0.00 0
141795 0.00 0.00 0.00 0
141796 0.00 0.00 0.00 0
141797 0.00 0.00 0.00 0
141798 0.00 0.00 0.00 0
141809 0.00 0.00 0.00 0
141810 0.00 0.00 0.00 0
141811 0.00 0.00 0.00 0
141812 0.00 0.00 0.00 0
141813 0.00 0.00 0.00 0
141814 0.00 0.00 0.00 0
141827 0.00 0.00 0.00 0
141828 0.00 0.00 0.00 0
141829 0.00 0.00 0.00 0
141830 0.00 0.00 0.00 0
141848 0.00 0.00 0.00 0
141849 0.00 0.00 0.00 0
141850 0.00 0.00 0.00 0
141851 0.00 0.00 0.00 0
141864 0.00 0.00 0.00 0
141865 0.00 0.00 0.00 0
141866 0.00 0.00 0.00 0
141867 0.00 0.00 0.00 0
141879 0.00 0.00 0.00 0
141880 0.00 0.00 0.00 0
141881 0.00 0.00 0.00 0
141882 0.00 0.00 0.00 0
141883 0.00 0.00 0.00 0
141884 0.00 0.00 0.00 0
141898 0.00 0.00 0.00 0
141899 0.00 0.00 0.00 0
141900 0.00 0.00 0.00 0
141901 0.00 0.00 0.00 0
141915 0.00 0.00 0.00 0
141916 0.00 0.00 0.00 0
141917 0.00 0.00 0.00 0
141918 0.00 0.00 0.00 0
141919 0.00 0.00 0.00 0
141930 0.00 0.00 0.00 0
141931 0.00 0.00 0.00 0
141932 0.00 0.00 0.00 0
141933 0.00 0.00 0.00 0
141934 0.00 0.00 0.00 0
141935 0.00 0.00 0.00 0
141936 0.00 0.00 0.00 0
141937 0.00 0.00 0.00 0
141945 0.00 0.00 0.00 0
141946 0.00 0.00 0.00 0
141947 0.00 0.00 0.00 0
141948 0.00 0.00 0.00 0
141949 0.00 0.00 0.00 0
141950 0.00 0.00 0.00 0
141951 0.00 0.00 0.00 0
141952 0.00 0.00 0.00 0
141953 0.00 0.00 0.00 0
141954 0.00 0.00 0.00 0
141962 0.00 0.00 0.00 0
141963 0.00 0.00 0.00 0
141964 0.00 0.00 0.00 0
141965 0.00 0.00 0.00 0
141966 0.00 0.00 0.00 0
141967 0.00 0.00 0.00 0
141968 0.00 0.00 0.00 0
141969 0.00 0.00 0.00 0
141977 0.00 0.00 0.00 0
141986 0.00 0.00 0.00 0
141987 0.00 0.00 0.00 0
141988 0.00 0.00 0.00 0
141997 0.00 0.00 0.00 0
141998 0.00 0.00 0.00 0
141999 0.00 0.00 0.00 0
142000 0.00 0.00 0.00 0
142001 0.00 0.00 0.00 0
142002 0.00 0.00 0.00 0
142003 0.00 0.00 0.00 0
142004 0.00 0.00 0.00 0
142005 0.00 0.00 0.00 0
142015 0.00 0.00 0.00 0
142016 0.00 0.00 0.00 0
142017 0.00 0.00 0.00 0
142018 0.00 0.00 0.00 0
142019 0.00 0.00 0.00 0
142020 0.00 0.00 0.00 0
142021 0.00 0.00 0.00 0
142022 0.00 0.00 0.00 0
142023 0.00 0.00 0.00 0
142035 0.00 0.00 0.00 0
142036 0.00 0.00 0.00 0
142037 0.00 0.00 0.00 0
142038 0.00 0.00 0.00 0
142039 0.00 0.00 0.00 0
142040 0.00 0.00 0.00 0
142041 0.00 0.00 0.00 0
142052 0.00 0.00 0.00 0
142053 0.00 0.00 0.00 0
142054 0.00 0.00 0.00 0
142055 0.00 0.00 0.00 0
142056 0.00 0.00 0.00 0
142057 0.00 0.00 0.00 0
142069 0.00 0.00 0.00 0
142070 0.00 0.00 0.00 0
142071 0.00 0.00 0.00 0
142072 0.00 0.00 0.00 0
142073 0.00 0.00 0.00 0
142084 0.00 0.00 0.00 0
142085 0.00 0.00 0.00 0
142086 0.00 0.00 0.00 0
142542 0.00 0.00 0.00 0
142543 0.00 0.00 0.00 0
142544 0.00 0.00 0.00 0
142545 0.00 0.00 0.00 0
142560 0.00 0.00 0.00 0
142561 0.00 0.00 0.00 0
142562 0.00 0.00 0.00 0
142563 0.00 0.00 0.00 0
142564 0.00 0.00 0.00 0
142579 0.00 0.00 0.00 0
142580 0.00 0.00 0.00 0
142581 0.00 0.00 0.00 0
142582 0.00 0.00 0.00 0
142583 0.00 0.00 0.00 0
142598 0.00 0.00 0.00 0
142599 0.00 0.00 0.00 0
142600 0.00 0.00 0.00 0
142601 0.00 0.00 0.00 0
142612 0.00 0.00 0.00 0
142613 0.00 0.00 0.00 0
142614 0.00 0.00 0.00 0
142615 0.00 0.00 0.00 0
142616 0.00 0.00 0.00 0
142629 0.00 0.00 0.00 0
142630 0.00 0.00 0.00 0
142631 0.00 0.00 0.00 0
142632 0.00 0.00 0.00 0
142633 0.00 0.00 0.00 0
142634 0.00 0.00 0.00 0
142647 0.00 0.00 0.00 0
142648 0.00 0.00 0.00 0
142649 0.00 0.00 0.00 0
142650 0.00 0.00 0.00 0
142651 0.00 0.00 0.00 0
142666 0.00 0.00 0.00 0
142667 0.00 0.00 0.00 0
142668 0.00 0.00 0.00 0
142669 0.00 0.00 0.00 0
142670 0.00 0.00 0.00 0
142684 0.00 0.00 0.00 0
142685 0.00 0.00 0.00 0
142686 0.00 0.00 0.00 0
142687 0.00 0.00 0.00 0
142688 0.00 0.00 0.00 0
142700 0.00 0.00 0.00 0
142701 0.00 0.00 0.00 0
142702 0.00 0.00 0.00 0
142703 0.00 0.00 0.00 0
142704 0.00 0.00 0.00 0
142705 0.00 0.00 0.00 0
142706 0.00 0.00 0.00 0
142714 0.00 0.00 0.00 0
142715 0.00 0.00 0.00 0
142716 0.00 0.00 0.00 0
142717 0.00 0.00 0.00 0
142718 0.00 0.00 0.00 0
142719 0.00 0.00 0.00 0
142720 0.00 0.00 0.00 0
142721 0.00 0.00 0.00 0
142722 0.00 0.00 0.00 0
142723 0.00 0.00 0.00 0
142729 0.00 0.00 0.00 0
142730 0.00 0.00 0.00 0
142731 0.00 0.00 0.00 0
142732 0.00 0.00 0.00 0
142733 0.00 0.00 0.00 0
142734 0.00 0.00 0.00 0
142742 0.00 0.00 0.00 0
142743 0.00 0.00 0.00 0
142744 0.00 0.00 0.00 0
142745 0.00 0.00 0.00 0
142746 0.00 0.00 0.00 0
142747 0.00 0.00 0.00 0
142748 0.00 0.00 0.00 0
142749 0.00 0.00 0.00 0
142750 0.00 0.00 0.00 0
142758 0.00 0.00 0.00 0
142759 0.00 0.00 0.00 0
142760 0.00 0.00 0.00 0
142761 0.00 0.00 0.00 0
142762 0.00 0.00 0.00 0
142763 0.00 0.00 0.00 0
142764 0.00 0.00 0.00 0
142765 0.00 0.00 0.00 0
142766 0.00 0.00 0.00 0
142767 0.00 0.00 0.00 0
142768 0.00 0.00 0.00 0
142769 0.00 0.00 0.00 0
142777 0.00 0.00 0.00 0
142778 0.00 0.00 0.00 0
142779 0.00 0.00 0.00 0
142780 0.00 0.00 0.00 0
142781 0.00 0.00 0.00 0
142782 0.00 0.00 0.00 0
142783 0.00 0.00 0.00 0
142791 0.00 0.00 0.00 0
142792 0.00 0.00 0.00 0
142793 0.00 0.00 0.00 0
142794 0.00 0.00 0.00 0
142795 0.00 0.00 0.00 0
142796 0.00 0.00 0.00 0
142807 0.00 0.00 0.00 0
142808 0.00 0.00 0.00 0
142809 0.00 0.00 0.00 0
142810 0.00 0.00 0.00 0
142811 0.00 0.00 0.00 0
142821 0.00 0.00 0.00 0
142822 0.00 0.00 0.00 0
142823 0.00 0.00 0.00 0
143289 0.00 0.00 0.00 0
143290 0.00 0.00 0.00 0
143291 0.00 0.00 0.00 0
143304 0.00 0.00 0.00 0
143305 0.00 0.00 0.00 0
143306 0.00 0.00 0.00 0
143319 0.00 0.00 0.00 0
143320 0.00 0.00 0.00 0
143321 0.00 0.00 0.00 0
143322 0.00 0.00 0.00 0
143336 0.00 0.00 0.00 0
143337 0.00 0.00 0.00 0
143338 0.00 0.00 0.00 0
143339 0.00 0.00 0.00 0
143352 0.00 0.00 0.00 0
143353 0.00 0.00 0.00 0
143354 0.00 0.00 0.00 0
143355 0.00 0.00 0.00 0
143356 0.00 0.00 0.00 0
143367 0.00 0.00 0.00 0
143368 0.00 0.00 0.00 0
143369 0.00 0.00 0.00 0
143370 0.00 0.00 0.00 0
143383 0.00 0.00 0.00 0
143384 0.00 0.00 0.00 0
143385 0.00 0.00 0.00 0
143395 0.00 0.00 0.00 0
143396 0.00 0.00 0.00 0
143397 0.00 0.00 0.00 0
143398 0.00 0.00 0.00 0
143399 0.00 0.00 0.00 0
143409 0.00 0.00 0.00 0
143410 0.00 0.00 0.00 0
143411 0.00 0.00 0.00 0
143412 0.00 0.00 0.00 0
143413 0.00 0.00 0.00 0
143423 0.00 0.00 0.00 0
143424 0.00 0.00 0.00 0
143425 0.00 0.00 0.00 0
143426 0.00 0.00 0.00 0
143427 0.00 0.00 0.00 0
143428 0.00 0.00 0.00 0
143437 0.00 0.00 0.00 0
143438 0.00 0.00 0.00 0
143439 0.00 0.00 0.00 0
143440 0.00 0.00 0.00 0
143441 0.00 0.00 0.00 0
143442 0.00 0.00 0.00 0
143443 0.00 0.00 0.00 0
143444 0.00 0.00 0.00 0
143448 0.00 0.00 0.00 0
143449 0.00 0.00 0.00 0
143450 0.00 0.00 0.00 0
143451 0.00 0.00 0.00 0
143452 0.00 0.00 0.00 0
143453 0.00 0.00 0.00 0
143454 0.00 0.00 0.00 0
143455 0.00 0.00 0.00 0
143456 0.00 0.00 0.00 0
143462 0.00 0.00 0.00 0
143463 0.00 0.00 0.00 0
143464 0.00 0.00 0.00 0
143465 0.00 0.00 0.00 0
143466 0.00 0.00 0.00 0
143467 0.00 0.00 0.00 0
143468 0.00 0.00 0.00 0
143469 0.00 0.00 0.00 0
143470 0.00 0.00 0.00 0
143471 0.00 0.00 0.00 0
143472 0.00 0.00 0.00 0
143473 0.00 0.00 0.00 0
143474 0.00 0.00 0.00 0
143480 0.00 0.00 0.00 0
143481 0.00 0.00 0.00 0
143482 0.00 0.00 0.00 0
143483 0.00 0.00 0.00 0
143484 0.00 0.00 0.00 0
143485 0.00 0.00 0.00 0
143486 0.00 0.00 0.00 0
143487 0.00 0.00 0.00 0
143488 0.00 0.00 0.00 0
143495 0.00 0.00 0.00 0
143496 0.00 0.00 0.00 0
143497 0.00 0.00 0.00 0
143498 0.00 0.00 0.00 0
143506 0.00 0.00 0.00 0
143507 0.00 0.00 0.00 0
143508 0.00 0.00 0.00 0
143509 0.00 0.00 0.00 0
143518 0.00 0.00 0.00 0
143519 0.00 0.00 0.00 0
143994 0.00 0.00 0.00 0
143995 0.00 0.00 0.00 0
144005 0.00 0.00 0.00 0
144006 0.00 0.00 0.00 0
144014 0.00 0.00 0.00 0
144015 0.00 0.00 0.00 0
144016 0.00 0.00 0.00 0
144017 0.00 0.00 0.00 0
144027 0.00 0.00 0.00 0
144028 0.00 0.00 0.00 0
144029 0.00 0.00 0.00 0
144030 0.00 0.00 0.00 0
144044 0.00 0.00 0.00 0
144045 0.00 0.00 0.00 0
144046 0.00 0.00 0.00 0
144055 0.00 0.00 0.00 0
144056 0.00 0.00 0.00 0
144057 0.00 0.00 0.00 0
144058 0.00 0.00 0.00 0
144067 0.00 0.00 0.00 0
144068 0.00 0.00 0.00 0
144069 0.00 0.00 0.00 0
144070 0.00 0.00 0.00 0
144079 0.00 0.00 0.00 0
144080 0.00 0.00 0.00 0
144081 0.00 0.00 0.00 0
144082 0.00 0.00 0.00 0
144083 0.00 0.00 0.00 0
144093 0.00 0.00 0.00 0
144094 0.00 0.00 0.00 0
144095 0.00 0.00 0.00 0
144096 0.00 0.00 0.00 0
144097 0.00 0.00 0.00 0
144101 0.00 0.00 0.00 0
144102 0.00 0.00 0.00 0
144103 0.00 0.00 0.00 0
144104 0.00 0.00 0.00 0
144105 0.00 0.00 0.00 0
144106 0.00 0.00 0.00 0
144111 0.00 0.00 0.00 0
144112 0.00 0.00 0.00 0
144113 0.00 0.00 0.00 0
144114 0.00 0.00 0.00 0
144115 0.00 0.00 0.00 0
144116 0.00 0.00 0.00 0
144117 0.00 0.00 0.00 0
144118 0.00 0.00 0.00 0
144119 0.00 0.00 0.00 0
144123 0.00 0.00 0.00 0
144124 0.00 0.00 0.00 0
144125 0.00 0.00 0.00 0
144126 0.00 0.00 0.00 0
144127 0.00 0.00 0.00 0
144133 0.00 0.00 0.00 0
144134 0.00 0.00 0.00 0
144135 0.00 0.00 0.00 0
144656 0.00 0.00 0.00 0
144657 0.00 0.00 0.00 0
144658 0.00 0.00 0.00 0
144667 0.00 0.00 0.00 0
144668 0.00 0.00 0.00 0
144669 0.00 0.00 0.00 0
144670 0.00 0.00 0.00 0
144671 0.00 0.00 0.00 0
144684 0.00 0.00 0.00 0
144685 0.00 0.00 0.00 0
144686 0.00 0.00 0.00 0
144687 0.00 0.00 0.00 0
144688 0.00 0.00 0.00 0
144689 0.00 0.00 0.00 0
144690 0.00 0.00 0.00 0
144699 0.00 0.00 0.00 0
144700 0.00 0.00 0.00 0
144701 0.00 0.00 0.00 0
144702 0.00 0.00 0.00 0
144703 0.00 0.00 0.00 0
144704 0.00 0.00 0.00 0
144705 0.00 0.00 0.00 0
144710 0.00 0.00 0.00 0
144711 0.00 0.00 0.00 0
144712 0.00 0.00 0.00 0
144713 0.00 0.00 0.00 0
144714 0.00 0.00 0.00 0
144715 0.00 0.00 0.00 0
144716 0.00 0.00 0.00 0
144720 0.00 0.00 0.00 0
144721 0.00 0.00 0.00 0
144722 0.00 0.00 0.00 0
145303 0.00 0.00 0.00 0
145304 0.00 0.00 0.00 0
145305 0.00 0.00 0.00 0
145319 0.00 0.00 0.00 0
145320 0.00 0.00 0.00 0
145321 0.00 0.00 0.00 0
145322 0.00 0.00 0.00 0
145339 0.00 0.00 0.00 0
145340 0.00 0.00 0.00 0
145341 0.00 0.00 0.00 0
145342 0.00 0.00 0.00 0
145343 0.00 0.00 0.00 0
145357 0.00 0.00 0.00 0
145358 0.00 0.00 0.00 0
145359 0.00 0.00 0.00 0
145360 0.00 0.00 0.00 0
145361 0.00 0.00 0.00 0
145366 0.00 0.00 0.00 0
145367 0.00 0.00 0.00 0
145368 0.00 0.00 0.00 0
145369 0.00 0.00 0.00 0
145370 0.00 0.00 0.00 0
155025 0.00 0.00 0.00 0
155026 0.00 0.00 0.00 0
155027 0.00 0.00 0.00 0
155029 0.00 0.00 0.00 0
155030 0.00 0.00 0.00 0
155031 0.00 0.00 0.00 0
155032 0.00 0.00 0.00 0
