# rostralanteriorcingulate
1404
121766 0.00 0.00 0.00 0
121771 0.00 0.00 0.00 0
121777 0.00 0.00 0.00 0
121790 0.00 0.00 0.00 0
121793 0.00 0.00 0.00 0
121796 0.00 0.00 0.00 0
122781 0.00 0.00 0.00 0
122782 0.00 0.00 0.00 0
122787 0.00 0.00 0.00 0
122788 0.00 0.00 0.00 0
122793 0.00 0.00 0.00 0
122800 0.00 0.00 0.00 0
122805 0.00 0.00 0.00 0
122806 0.00 0.00 0.00 0
122811 0.00 0.00 0.00 0
122812 0.00 0.00 0.00 0
122816 0.00 0.00 0.00 0
122817 0.00 0.00 0.00 0
122820 0.00 0.00 0.00 0
122822 0.00 0.00 0.00 0
122824 0.00 0.00 0.00 0
122826 0.00 0.00 0.00 0
123743 0.00 0.00 0.00 0
123744 0.00 0.00 0.00 0
123751 0.00 0.00 0.00 0
123752 0.00 0.00 0.00 0
123753 0.00 0.00 0.00 0
123758 0.00 0.00 0.00 0
123759 0.00 0.00 0.00 0
123764 0.00 0.00 0.00 0
123765 0.00 0.00 0.00 0
123768 0.00 0.00 0.00 0
123770 0.00 0.00 0.00 0
123773 0.00 0.00 0.00 0
123775 0.00 0.00 0.00 0
123778 0.00 0.00 0.00 0
123781 0.00 0.00 0.00 0
123783 0.00 0.00 0.00 0
123786 0.00 0.00 0.00 0
123790 0.00 0.00 0.00 0
123794 0.00 0.00 0.00 0
124657 0.00 0.00 0.00 0
124658 0.00 0.00 0.00 0
124661 0.00 0.00 0.00 0
124662 0.00 0.00 0.00 0
124667 0.00 0.00 0.00 0
124668 0.00 0.00 0.00 0
124673 0.00 0.00 0.00 0
124678 0.00 0.00 0.00 0
124684 0.00 0.00 0.00 0
124688 0.00 0.00 0.00 0
124691 0.00 0.00 0.00 0
124694 0.00 0.00 0.00 0
124699 0.00 0.00 0.00 0
124704 0.00 0.00 0.00 0
124709 0.00 0.00 0.00 0
125526 0.00 0.00 0.00 0
125532 0.00 0.00 0.00 0
125533 0.00 0.00 0.00 0
125538 0.00 0.00 0.00 0
125539 0.00 0.00 0.00 0
125544 0.00 0.00 0.00 0
125545 0.00 0.00 0.00 0
125548 0.00 0.00 0.00 0
125549 0.00 0.00 0.00 0
125552 0.00 0.00 0.00 0
125553 0.00 0.00 0.00 0
125557 0.00 0.00 0.00 0
125561 0.00 0.00 0.00 0
125564 0.00 0.00 0.00 0
125565 0.00 0.00 0.00 0
125572 0.00 0.00 0.00 0
125573 0.00 0.00 0.00 0
125580 0.00 0.00 0.00 0
125581 0.00 0.00 0.00 0
125587 0.00 0.00 0.00 0
125588 0.00 0.00 0.00 0
125593 0.00 0.00 0.00 0
126381 0.00 0.00 0.00 0
126389 0.00 0.00 0.00 0
126397 0.00 0.00 0.00 0
126407 0.00 0.00 0.00 0
126418 0.00 0.00 0.00 0
126427 0.00 0.00 0.00 0
126428 0.00 0.00 0.00 0
126431 0.00 0.00 0.00 0
126432 0.00 0.00 0.00 0
126436 0.00 0.00 0.00 0
126437 0.00 0.00 0.00 0
126444 0.00 0.00 0.00 0
126445 0.00 0.00 0.00 0
126446 0.00 0.00 0.00 0
126453 0.00 0.00 0.00 0
126454 0.00 0.00 0.00 0
126459 0.00 0.00 0.00 0
126460 0.00 0.00 0.00 0
126464 0.00 0.00 0.00 0
127220 0.00 0.00 0.00 0
127230 0.00 0.00 0.00 0
127243 0.00 0.00 0.00 0
127255 0.00 0.00 0.00 0
127265 0.00 0.00 0.00 0
127268 0.00 0.00 0.00 0
127269 0.00 0.00 0.00 0
127277 0.00 0.00 0.00 0
127278 0.00 0.00 0.00 0
127279 0.00 0.00 0.00 0
127287 0.00 0.00 0.00 0
127288 0.00 0.00 0.00 0
127292 0.00 0.00 0.00 0
127296 0.00 0.00 0.00 0
127317 0.00 0.00 0.00 0
127318 0.00 0.00 0.00 0
128052 0.00 0.00 0.00 0
128069 0.00 0.00 0.00 0
128084 0.00 0.00 0.00 0
128085 0.00 0.00 0.00 0
128096 0.00 0.00 0.00 0
128097 0.00 0.00 0.00 0
128106 0.00 0.00 0.00 0
128107 0.00 0.00 0.00 0
128113 0.00 0.00 0.00 0
128114 0.00 0.00 0.00 0
128115 0.00 0.00 0.00 0
128116 0.00 0.00 0.00 0
128125 0.00 0.00 0.00 0
128126 0.00 0.00 0.00 0
128127 0.00 0.00 0.00 0
128128 0.00 0.00 0.00 0
128135 0.00 0.00 0.00 0
128136 0.00 0.00 0.00 0
128137 0.00 0.00 0.00 0
128141 0.00 0.00 0.00 0
128178 0.00 0.00 0.00 0
128952 0.00 0.00 0.00 0
128967 0.00 0.00 0.00 0
128968 0.00 0.00 0.00 0
128979 0.00 0.00 0.00 0
128980 0.00 0.00 0.00 0
128989 0.00 0.00 0.00 0
128990 0.00 0.00 0.00 0
128998 0.00 0.00 0.00 0
128999 0.00 0.00 0.00 0
129000 0.00 0.00 0.00 0
129001 0.00 0.00 0.00 0
129002 0.00 0.00 0.00 0
129013 0.00 0.00 0.00 0
129014 0.00 0.00 0.00 0
129015 0.00 0.00 0.00 0
129017 0.00 0.00 0.00 0
129026 0.00 0.00 0.00 0
129027 0.00 0.00 0.00 0
129032 0.00 0.00 0.00 0
129033 0.00 0.00 0.00 0
129922 0.00 0.00 0.00 0
129923 0.00 0.00 0.00 0
129924 0.00 0.00 0.00 0
129932 0.00 0.00 0.00 0
129933 0.00 0.00 0.00 0
129941 0.00 0.00 0.00 0
129942 0.00 0.00 0.00 0
129943 0.00 0.00 0.00 0
129944 0.00 0.00 0.00 0
129953 0.00 0.00 0.00 0
129954 0.00 0.00 0.00 0
129955 0.00 0.00 0.00 0
129956 0.00 0.00 0.00 0
130795 0.00 0.00 0.00 0
130796 0.00 0.00 0.00 0
130797 0.00 0.00 0.00 0
130805 0.00 0.00 0.00 0
130806 0.00 0.00 0.00 0
130815 0.00 0.00 0.00 0
130816 0.00 0.00 0.00 0
130817 0.00 0.00 0.00 0
130818 0.00 0.00 0.00 0
130819 0.00 0.00 0.00 0
130820 0.00 0.00 0.00 0
130829 0.00 0.00 0.00 0
130830 0.00 0.00 0.00 0
131668 0.00 0.00 0.00 0
131669 0.00 0.00 0.00 0
131670 0.00 0.00 0.00 0
131683 0.00 0.00 0.00 0
131695 0.00 0.00 0.00 0
131696 0.00 0.00 0.00 0
131697 0.00 0.00 0.00 0
131698 0.00 0.00 0.00 0
131699 0.00 0.00 0.00 0
131700 0.00 0.00 0.00 0
131701 0.00 0.00 0.00 0
132534 0.00 0.00 0.00 0
132535 0.00 0.00 0.00 0
132536 0.00 0.00 0.00 0
132551 0.00 0.00 0.00 0
132568 0.00 0.00 0.00 0
132569 0.00 0.00 0.00 0
132570 0.00 0.00 0.00 0
132571 0.00 0.00 0.00 0
132572 0.00 0.00 0.00 0
132573 0.00 0.00 0.00 0
132574 0.00 0.00 0.00 0
133374 0.00 0.00 0.00 0
133375 0.00 0.00 0.00 0
133376 0.00 0.00 0.00 0
133377 0.00 0.00 0.00 0
133391 0.00 0.00 0.00 0
133392 0.00 0.00 0.00 0
133393 0.00 0.00 0.00 0
133394 0.00 0.00 0.00 0
133395 0.00 0.00 0.00 0
133396 0.00 0.00 0.00 0
133412 0.00 0.00 0.00 0
133413 0.00 0.00 0.00 0
133414 0.00 0.00 0.00 0
133415 0.00 0.00 0.00 0
133416 0.00 0.00 0.00 0
133417 0.00 0.00 0.00 0
133418 0.00 0.00 0.00 0
133432 0.00 0.00 0.00 0
134289 0.00 0.00 0.00 0
134290 0.00 0.00 0.00 0
134291 0.00 0.00 0.00 0
134309 0.00 0.00 0.00 0
134310 0.00 0.00 0.00 0
134311 0.00 0.00 0.00 0
134312 0.00 0.00 0.00 0
134313 0.00 0.00 0.00 0
134314 0.00 0.00 0.00 0
134329 0.00 0.00 0.00 0
134330 0.00 0.00 0.00 0
134331 0.00 0.00 0.00 0
134346 0.00 0.00 0.00 0
135198 0.00 0.00 0.00 0
135199 0.00 0.00 0.00 0
135200 0.00 0.00 0.00 0
135218 0.00 0.00 0.00 0
135219 0.00 0.00 0.00 0
135220 0.00 0.00 0.00 0
135221 0.00 0.00 0.00 0
135222 0.00 0.00 0.00 0
135223 0.00 0.00 0.00 0
135239 0.00 0.00 0.00 0
135240 0.00 0.00 0.00 0
135241 0.00 0.00 0.00 0
135259 0.00 0.00 0.00 0
136034 0.00 0.00 0.00 0
136035 0.00 0.00 0.00 0
136048 0.00 0.00 0.00 0
136049 0.00 0.00 0.00 0
136050 0.00 0.00 0.00 0
136062 0.00 0.00 0.00 0
136063 0.00 0.00 0.00 0
136064 0.00 0.00 0.00 0
136065 0.00 0.00 0.00 0
136066 0.00 0.00 0.00 0
136067 0.00 0.00 0.00 0
136081 0.00 0.00 0.00 0
136082 0.00 0.00 0.00 0
136083 0.00 0.00 0.00 0
136097 0.00 0.00 0.00 0
136782 0.00 0.00 0.00 0
136783 0.00 0.00 0.00 0
136799 0.00 0.00 0.00 0
136814 0.00 0.00 0.00 0
136831 0.00 0.00 0.00 0
136832 0.00 0.00 0.00 0
136844 0.00 0.00 0.00 0
136845 0.00 0.00 0.00 0
136846 0.00 0.00 0.00 0
136847 0.00 0.00 0.00 0
136855 0.00 0.00 0.00 0
136856 0.00 0.00 0.00 0
136857 0.00 0.00 0.00 0
136858 0.00 0.00 0.00 0
136859 0.00 0.00 0.00 0
136860 0.00 0.00 0.00 0
136868 0.00 0.00 0.00 0
136869 0.00 0.00 0.00 0
136870 0.00 0.00 0.00 0
137555 0.00 0.00 0.00 0
137564 0.00 0.00 0.00 0
137565 0.00 0.00 0.00 0
137574 0.00 0.00 0.00 0
137575 0.00 0.00 0.00 0
137583 0.00 0.00 0.00 0
137584 0.00 0.00 0.00 0
137589 0.00 0.00 0.00 0
137590 0.00 0.00 0.00 0
137591 0.00 0.00 0.00 0
137592 0.00 0.00 0.00 0
137602 0.00 0.00 0.00 0
137603 0.00 0.00 0.00 0
137604 0.00 0.00 0.00 0
137616 0.00 0.00 0.00 0
137617 0.00 0.00 0.00 0
137618 0.00 0.00 0.00 0
137619 0.00 0.00 0.00 0
137629 0.00 0.00 0.00 0
137630 0.00 0.00 0.00 0
137631 0.00 0.00 0.00 0
137632 0.00 0.00 0.00 0
137633 0.00 0.00 0.00 0
137634 0.00 0.00 0.00 0
137644 0.00 0.00 0.00 0
137645 0.00 0.00 0.00 0
138088 0.00 0.00 0.00 0
138089 0.00 0.00 0.00 0
138193 0.00 0.00 0.00 0
138194 0.00 0.00 0.00 0
138257 0.00 0.00 0.00 0
138258 0.00 0.00 0.00 0
138259 0.00 0.00 0.00 0
138276 0.00 0.00 0.00 0
138277 0.00 0.00 0.00 0
138278 0.00 0.00 0.00 0
138294 0.00 0.00 0.00 0
138295 0.00 0.00 0.00 0
138296 0.00 0.00 0.00 0
138297 0.00 0.00 0.00 0
138308 0.00 0.00 0.00 0
138309 0.00 0.00 0.00 0
138310 0.00 0.00 0.00 0
138311 0.00 0.00 0.00 0
138319 0.00 0.00 0.00 0
138320 0.00 0.00 0.00 0
138321 0.00 0.00 0.00 0
138322 0.00 0.00 0.00 0
138330 0.00 0.00 0.00 0
138331 0.00 0.00 0.00 0
138335 0.00 0.00 0.00 0
138336 0.00 0.00 0.00 0
138343 0.00 0.00 0.00 0
138344 0.00 0.00 0.00 0
138349 0.00 0.00 0.00 0
138350 0.00 0.00 0.00 0
138351 0.00 0.00 0.00 0
138353 0.00 0.00 0.00 0
138354 0.00 0.00 0.00 0
138355 0.00 0.00 0.00 0
138356 0.00 0.00 0.00 0
138363 0.00 0.00 0.00 0
138364 0.00 0.00 0.00 0
138375 0.00 0.00 0.00 0
138376 0.00 0.00 0.00 0
138377 0.00 0.00 0.00 0
138378 0.00 0.00 0.00 0
138379 0.00 0.00 0.00 0
138380 0.00 0.00 0.00 0
138390 0.00 0.00 0.00 0
138391 0.00 0.00 0.00 0
138867 0.00 0.00 0.00 0
138868 0.00 0.00 0.00 0
138877 0.00 0.00 0.00 0
138878 0.00 0.00 0.00 0
138879 0.00 0.00 0.00 0
138893 0.00 0.00 0.00 0
138894 0.00 0.00 0.00 0
138953 0.00 0.00 0.00 0
138954 0.00 0.00 0.00 0
138968 0.00 0.00 0.00 0
138969 0.00 0.00 0.00 0
138970 0.00 0.00 0.00 0
138971 0.00 0.00 0.00 0
138985 0.00 0.00 0.00 0
138986 0.00 0.00 0.00 0
138987 0.00 0.00 0.00 0
138988 0.00 0.00 0.00 0
139031 0.00 0.00 0.00 0
139032 0.00 0.00 0.00 0
139039 0.00 0.00 0.00 0
139040 0.00 0.00 0.00 0
139041 0.00 0.00 0.00 0
139045 0.00 0.00 0.00 0
139046 0.00 0.00 0.00 0
139050 0.00 0.00 0.00 0
139051 0.00 0.00 0.00 0
139055 0.00 0.00 0.00 0
139059 0.00 0.00 0.00 0
139060 0.00 0.00 0.00 0
139067 0.00 0.00 0.00 0
139070 0.00 0.00 0.00 0
139072 0.00 0.00 0.00 0
139073 0.00 0.00 0.00 0
139074 0.00 0.00 0.00 0
139079 0.00 0.00 0.00 0
139095 0.00 0.00 0.00 0
139096 0.00 0.00 0.00 0
139097 0.00 0.00 0.00 0
139098 0.00 0.00 0.00 0
139099 0.00 0.00 0.00 0
139117 0.00 0.00 0.00 0
139118 0.00 0.00 0.00 0
139119 0.00 0.00 0.00 0
139538 0.00 0.00 0.00 0
139539 0.00 0.00 0.00 0
139540 0.00 0.00 0.00 0
139550 0.00 0.00 0.00 0
139551 0.00 0.00 0.00 0
139552 0.00 0.00 0.00 0
139565 0.00 0.00 0.00 0
139566 0.00 0.00 0.00 0
139609 0.00 0.00 0.00 0
139613 0.00 0.00 0.00 0
139614 0.00 0.00 0.00 0
139618 0.00 0.00 0.00 0
139619 0.00 0.00 0.00 0
139628 0.00 0.00 0.00 0
139629 0.00 0.00 0.00 0
139630 0.00 0.00 0.00 0
139631 0.00 0.00 0.00 0
139632 0.00 0.00 0.00 0
139633 0.00 0.00 0.00 0
139642 0.00 0.00 0.00 0
139643 0.00 0.00 0.00 0
139644 0.00 0.00 0.00 0
139645 0.00 0.00 0.00 0
139646 0.00 0.00 0.00 0
139647 0.00 0.00 0.00 0
139657 0.00 0.00 0.00 0
139658 0.00 0.00 0.00 0
139659 0.00 0.00 0.00 0
139660 0.00 0.00 0.00 0
139661 0.00 0.00 0.00 0
139663 0.00 0.00 0.00 0
139669 0.00 0.00 0.00 0
139670 0.00 0.00 0.00 0
139671 0.00 0.00 0.00 0
139673 0.00 0.00 0.00 0
139676 0.00 0.00 0.00 0
139677 0.00 0.00 0.00 0
139683 0.00 0.00 0.00 0
139684 0.00 0.00 0.00 0
139685 0.00 0.00 0.00 0
139692 0.00 0.00 0.00 0
139693 0.00 0.00 0.00 0
139694 0.00 0.00 0.00 0
139699 0.00 0.00 0.00 0
139700 0.00 0.00 0.00 0
139701 0.00 0.00 0.00 0
139702 0.00 0.00 0.00 0
139707 0.00 0.00 0.00 0
139708 0.00 0.00 0.00 0
139709 0.00 0.00 0.00 0
139714 0.00 0.00 0.00 0
139715 0.00 0.00 0.00 0
139716 0.00 0.00 0.00 0
139721 0.00 0.00 0.00 0
139722 0.00 0.00 0.00 0
139723 0.00 0.00 0.00 0
139724 0.00 0.00 0.00 0
139729 0.00 0.00 0.00 0
139730 0.00 0.00 0.00 0
139731 0.00 0.00 0.00 0
139732 0.00 0.00 0.00 0
139739 0.00 0.00 0.00 0
139740 0.00 0.00 0.00 0
139741 0.00 0.00 0.00 0
139744 0.00 0.00 0.00 0
139745 0.00 0.00 0.00 0
139752 0.00 0.00 0.00 0
139753 0.00 0.00 0.00 0
139754 0.00 0.00 0.00 0
139764 0.00 0.00 0.00 0
139781 0.00 0.00 0.00 0
139782 0.00 0.00 0.00 0
139783 0.00 0.00 0.00 0
139784 0.00 0.00 0.00 0
139785 0.00 0.00 0.00 0
139786 0.00 0.00 0.00 0
139787 0.00 0.00 0.00 0
139806 0.00 0.00 0.00 0
139807 0.00 0.00 0.00 0
139808 0.00 0.00 0.00 0
140223 0.00 0.00 0.00 0
140224 0.00 0.00 0.00 0
140225 0.00 0.00 0.00 0
140239 0.00 0.00 0.00 0
140240 0.00 0.00 0.00 0
140241 0.00 0.00 0.00 0
140259 0.00 0.00 0.00 0
140260 0.00 0.00 0.00 0
140261 0.00 0.00 0.00 0
140262 0.00 0.00 0.00 0
140275 0.00 0.00 0.00 0
140286 0.00 0.00 0.00 0
140287 0.00 0.00 0.00 0
140288 0.00 0.00 0.00 0
140298 0.00 0.00 0.00 0
140299 0.00 0.00 0.00 0
140300 0.00 0.00 0.00 0
140311 0.00 0.00 0.00 0
140312 0.00 0.00 0.00 0
140313 0.00 0.00 0.00 0
140321 0.00 0.00 0.00 0
140322 0.00 0.00 0.00 0
140323 0.00 0.00 0.00 0
140327 0.00 0.00 0.00 0
140328 0.00 0.00 0.00 0
140329 0.00 0.00 0.00 0
140333 0.00 0.00 0.00 0
140334 0.00 0.00 0.00 0
140335 0.00 0.00 0.00 0
140336 0.00 0.00 0.00 0
140340 0.00 0.00 0.00 0
140341 0.00 0.00 0.00 0
140342 0.00 0.00 0.00 0
140343 0.00 0.00 0.00 0
140344 0.00 0.00 0.00 0
140347 0.00 0.00 0.00 0
140348 0.00 0.00 0.00 0
140349 0.00 0.00 0.00 0
140350 0.00 0.00 0.00 0
140351 0.00 0.00 0.00 0
140354 0.00 0.00 0.00 0
140355 0.00 0.00 0.00 0
140356 0.00 0.00 0.00 0
140357 0.00 0.00 0.00 0
140358 0.00 0.00 0.00 0
140359 0.00 0.00 0.00 0
140360 0.00 0.00 0.00 0
140363 0.00 0.00 0.00 0
140364 0.00 0.00 0.00 0
140365 0.00 0.00 0.00 0
140366 0.00 0.00 0.00 0
140367 0.00 0.00 0.00 0
140368 0.00 0.00 0.00 0
140369 0.00 0.00 0.00 0
140373 0.00 0.00 0.00 0
140374 0.00 0.00 0.00 0
140375 0.00 0.00 0.00 0
140376 0.00 0.00 0.00 0
140377 0.00 0.00 0.00 0
140378 0.00 0.00 0.00 0
140379 0.00 0.00 0.00 0
140384 0.00 0.00 0.00 0
140385 0.00 0.00 0.00 0
140386 0.00 0.00 0.00 0
140387 0.00 0.00 0.00 0
140388 0.00 0.00 0.00 0
140389 0.00 0.00 0.00 0
140390 0.00 0.00 0.00 0
140396 0.00 0.00 0.00 0
140397 0.00 0.00 0.00 0
140398 0.00 0.00 0.00 0
140399 0.00 0.00 0.00 0
140400 0.00 0.00 0.00 0
140401 0.00 0.00 0.00 0
140408 0.00 0.00 0.00 0
140409 0.00 0.00 0.00 0
140410 0.00 0.00 0.00 0
140411 0.00 0.00 0.00 0
140412 0.00 0.00 0.00 0
140413 0.00 0.00 0.00 0
140418 0.00 0.00 0.00 0
140419 0.00 0.00 0.00 0
140420 0.00 0.00 0.00 0
140421 0.00 0.00 0.00 0
140422 0.00 0.00 0.00 0
140423 0.00 0.00 0.00 0
140429 0.00 0.00 0.00 0
140430 0.00 0.00 0.00 0
140431 0.00 0.00 0.00 0
140432 0.00 0.00 0.00 0
140433 0.00 0.00 0.00 0
140434 0.00 0.00 0.00 0
140445 0.00 0.00 0.00 0
140446 0.00 0.00 0.00 0
140447 0.00 0.00 0.00 0
140448 0.00 0.00 0.00 0
140449 0.00 0.00 0.00 0
140462 0.00 0.00 0.00 0
140463 0.00 0.00 0.00 0
140464 0.00 0.00 0.00 0
140477 0.00 0.00 0.00 0
140478 0.00 0.00 0.00 0
140479 0.00 0.00 0.00 0
140493 0.00 0.00 0.00 0
140494 0.00 0.00 0.00 0
140495 0.00 0.00 0.00 0
140515 0.00 0.00 0.00 0
140516 0.00 0.00 0.00 0
140517 0.00 0.00 0.00 0
140535 0.00 0.00 0.00 0
140536 0.00 0.00 0.00 0
140537 0.00 0.00 0.00 0
140538 0.00 0.00 0.00 0
140551 0.00 0.00 0.00 0
140552 0.00 0.00 0.00 0
140553 0.00 0.00 0.00 0
140554 0.00 0.00 0.00 0
140555 0.00 0.00 0.00 0
140556 0.00 0.00 0.00 0
140557 0.00 0.00 0.00 0
140939 0.00 0.00 0.00 0
140940 0.00 0.00 0.00 0
140941 0.00 0.00 0.00 0
140942 0.00 0.00 0.00 0
140953 0.00 0.00 0.00 0
140954 0.00 0.00 0.00 0
140955 0.00 0.00 0.00 0
140956 0.00 0.00 0.00 0
140957 0.00 0.00 0.00 0
140968 0.00 0.00 0.00 0
140969 0.00 0.00 0.00 0
140970 0.00 0.00 0.00 0
140971 0.00 0.00 0.00 0
140976 0.00 0.00 0.00 0
140977 0.00 0.00 0.00 0
140984 0.00 0.00 0.00 0
140985 0.00 0.00 0.00 0
140992 0.00 0.00 0.00 0
140993 0.00 0.00 0.00 0
140994 0.00 0.00 0.00 0
141003 0.00 0.00 0.00 0
141004 0.00 0.00 0.00 0
141013 0.00 0.00 0.00 0
141014 0.00 0.00 0.00 0
141015 0.00 0.00 0.00 0
141022 0.00 0.00 0.00 0
141023 0.00 0.00 0.00 0
141024 0.00 0.00 0.00 0
141027 0.00 0.00 0.00 0
141028 0.00 0.00 0.00 0
141031 0.00 0.00 0.00 0
141035 0.00 0.00 0.00 0
141036 0.00 0.00 0.00 0
141037 0.00 0.00 0.00 0
141040 0.00 0.00 0.00 0
141041 0.00 0.00 0.00 0
141042 0.00 0.00 0.00 0
141043 0.00 0.00 0.00 0
141048 0.00 0.00 0.00 0
141049 0.00 0.00 0.00 0
141050 0.00 0.00 0.00 0
141051 0.00 0.00 0.00 0
141052 0.00 0.00 0.00 0
141058 0.00 0.00 0.00 0
141059 0.00 0.00 0.00 0
141060 0.00 0.00 0.00 0
141061 0.00 0.00 0.00 0
141062 0.00 0.00 0.00 0
141063 0.00 0.00 0.00 0
141067 0.00 0.00 0.00 0
141068 0.00 0.00 0.00 0
141069 0.00 0.00 0.00 0
141070 0.00 0.00 0.00 0
141071 0.00 0.00 0.00 0
141072 0.00 0.00 0.00 0
141073 0.00 0.00 0.00 0
141077 0.00 0.00 0.00 0
141078 0.00 0.00 0.00 0
141079 0.00 0.00 0.00 0
141080 0.00 0.00 0.00 0
141081 0.00 0.00 0.00 0
141082 0.00 0.00 0.00 0
141083 0.00 0.00 0.00 0
141088 0.00 0.00 0.00 0
141089 0.00 0.00 0.00 0
141090 0.00 0.00 0.00 0
141091 0.00 0.00 0.00 0
141092 0.00 0.00 0.00 0
141093 0.00 0.00 0.00 0
141094 0.00 0.00 0.00 0
141095 0.00 0.00 0.00 0
141102 0.00 0.00 0.00 0
141103 0.00 0.00 0.00 0
141104 0.00 0.00 0.00 0
141105 0.00 0.00 0.00 0
141106 0.00 0.00 0.00 0
141107 0.00 0.00 0.00 0
141119 0.00 0.00 0.00 0
141120 0.00 0.00 0.00 0
141121 0.00 0.00 0.00 0
141134 0.00 0.00 0.00 0
141135 0.00 0.00 0.00 0
141146 0.00 0.00 0.00 0
141147 0.00 0.00 0.00 0
141156 0.00 0.00 0.00 0
141157 0.00 0.00 0.00 0
141158 0.00 0.00 0.00 0
141170 0.00 0.00 0.00 0
141171 0.00 0.00 0.00 0
141172 0.00 0.00 0.00 0
141173 0.00 0.00 0.00 0
141190 0.00 0.00 0.00 0
141191 0.00 0.00 0.00 0
141192 0.00 0.00 0.00 0
141193 0.00 0.00 0.00 0
141214 0.00 0.00 0.00 0
141215 0.00 0.00 0.00 0
141216 0.00 0.00 0.00 0
141217 0.00 0.00 0.00 0
141236 0.00 0.00 0.00 0
141237 0.00 0.00 0.00 0
141238 0.00 0.00 0.00 0
141239 0.00 0.00 0.00 0
141240 0.00 0.00 0.00 0
141642 0.00 0.00 0.00 0
141643 0.00 0.00 0.00 0
141644 0.00 0.00 0.00 0
141645 0.00 0.00 0.00 0
141656 0.00 0.00 0.00 0
141657 0.00 0.00 0.00 0
141658 0.00 0.00 0.00 0
141659 0.00 0.00 0.00 0
141660 0.00 0.00 0.00 0
141668 0.00 0.00 0.00 0
141669 0.00 0.00 0.00 0
141679 0.00 0.00 0.00 0
141680 0.00 0.00 0.00 0
141681 0.00 0.00 0.00 0
141682 0.00 0.00 0.00 0
141683 0.00 0.00 0.00 0
141695 0.00 0.00 0.00 0
141696 0.00 0.00 0.00 0
141697 0.00 0.00 0.00 0
141698 0.00 0.00 0.00 0
141708 0.00 0.00 0.00 0
141709 0.00 0.00 0.00 0
141710 0.00 0.00 0.00 0
141711 0.00 0.00 0.00 0
141712 0.00 0.00 0.00 0
141723 0.00 0.00 0.00 0
141724 0.00 0.00 0.00 0
141725 0.00 0.00 0.00 0
141737 0.00 0.00 0.00 0
141738 0.00 0.00 0.00 0
141739 0.00 0.00 0.00 0
141751 0.00 0.00 0.00 0
141752 0.00 0.00 0.00 0
141753 0.00 0.00 0.00 0
141763 0.00 0.00 0.00 0
141764 0.00 0.00 0.00 0
141765 0.00 0.00 0.00 0
141772 0.00 0.00 0.00 0
141773 0.00 0.00 0.00 0
141777 0.00 0.00 0.00 0
141778 0.00 0.00 0.00 0
141784 0.00 0.00 0.00 0
141785 0.00 0.00 0.00 0
141791 0.00 0.00 0.00 0
141792 0.00 0.00 0.00 0
141795 0.00 0.00 0.00 0
141796 0.00 0.00 0.00 0
141798 0.00 0.00 0.00 0
141799 0.00 0.00 0.00 0
141800 0.00 0.00 0.00 0
141801 0.00 0.00 0.00 0
141804 0.00 0.00 0.00 0
141805 0.00 0.00 0.00 0
141806 0.00 0.00 0.00 0
141815 0.00 0.00 0.00 0
141816 0.00 0.00 0.00 0
141817 0.00 0.00 0.00 0
141818 0.00 0.00 0.00 0
141829 0.00 0.00 0.00 0
141841 0.00 0.00 0.00 0
141842 0.00 0.00 0.00 0
141852 0.00 0.00 0.00 0
141853 0.00 0.00 0.00 0
141860 0.00 0.00 0.00 0
141861 0.00 0.00 0.00 0
141862 0.00 0.00 0.00 0
141868 0.00 0.00 0.00 0
141869 0.00 0.00 0.00 0
141870 0.00 0.00 0.00 0
141871 0.00 0.00 0.00 0
141880 0.00 0.00 0.00 0
141881 0.00 0.00 0.00 0
141882 0.00 0.00 0.00 0
141883 0.00 0.00 0.00 0
141884 0.00 0.00 0.00 0
141894 0.00 0.00 0.00 0
141895 0.00 0.00 0.00 0
141896 0.00 0.00 0.00 0
141897 0.00 0.00 0.00 0
141911 0.00 0.00 0.00 0
141912 0.00 0.00 0.00 0
141913 0.00 0.00 0.00 0
141914 0.00 0.00 0.00 0
141931 0.00 0.00 0.00 0
141932 0.00 0.00 0.00 0
141933 0.00 0.00 0.00 0
141934 0.00 0.00 0.00 0
142332 0.00 0.00 0.00 0
142333 0.00 0.00 0.00 0
142334 0.00 0.00 0.00 0
142335 0.00 0.00 0.00 0
142350 0.00 0.00 0.00 0
142351 0.00 0.00 0.00 0
142352 0.00 0.00 0.00 0
142353 0.00 0.00 0.00 0
142354 0.00 0.00 0.00 0
142355 0.00 0.00 0.00 0
142367 0.00 0.00 0.00 0
142368 0.00 0.00 0.00 0
142369 0.00 0.00 0.00 0
142370 0.00 0.00 0.00 0
142371 0.00 0.00 0.00 0
142372 0.00 0.00 0.00 0
142384 0.00 0.00 0.00 0
142385 0.00 0.00 0.00 0
142386 0.00 0.00 0.00 0
142387 0.00 0.00 0.00 0
142388 0.00 0.00 0.00 0
142389 0.00 0.00 0.00 0
142390 0.00 0.00 0.00 0
142402 0.00 0.00 0.00 0
142403 0.00 0.00 0.00 0
142404 0.00 0.00 0.00 0
142405 0.00 0.00 0.00 0
142406 0.00 0.00 0.00 0
142407 0.00 0.00 0.00 0
142408 0.00 0.00 0.00 0
142420 0.00 0.00 0.00 0
142421 0.00 0.00 0.00 0
142422 0.00 0.00 0.00 0
142423 0.00 0.00 0.00 0
142424 0.00 0.00 0.00 0
142425 0.00 0.00 0.00 0
142426 0.00 0.00 0.00 0
142439 0.00 0.00 0.00 0
142440 0.00 0.00 0.00 0
142441 0.00 0.00 0.00 0
142442 0.00 0.00 0.00 0
142443 0.00 0.00 0.00 0
142456 0.00 0.00 0.00 0
142457 0.00 0.00 0.00 0
142458 0.00 0.00 0.00 0
142459 0.00 0.00 0.00 0
142474 0.00 0.00 0.00 0
142475 0.00 0.00 0.00 0
142476 0.00 0.00 0.00 0
142487 0.00 0.00 0.00 0
142488 0.00 0.00 0.00 0
142489 0.00 0.00 0.00 0
142499 0.00 0.00 0.00 0
142500 0.00 0.00 0.00 0
142509 0.00 0.00 0.00 0
142510 0.00 0.00 0.00 0
142516 0.00 0.00 0.00 0
142517 0.00 0.00 0.00 0
142521 0.00 0.00 0.00 0
142522 0.00 0.00 0.00 0
142526 0.00 0.00 0.00 0
142527 0.00 0.00 0.00 0
142528 0.00 0.00 0.00 0
142533 0.00 0.00 0.00 0
142534 0.00 0.00 0.00 0
142540 0.00 0.00 0.00 0
142541 0.00 0.00 0.00 0
142552 0.00 0.00 0.00 0
142553 0.00 0.00 0.00 0
142564 0.00 0.00 0.00 0
142565 0.00 0.00 0.00 0
142573 0.00 0.00 0.00 0
142574 0.00 0.00 0.00 0
142575 0.00 0.00 0.00 0
142582 0.00 0.00 0.00 0
142583 0.00 0.00 0.00 0
142584 0.00 0.00 0.00 0
142585 0.00 0.00 0.00 0
142588 0.00 0.00 0.00 0
142589 0.00 0.00 0.00 0
142590 0.00 0.00 0.00 0
142591 0.00 0.00 0.00 0
142597 0.00 0.00 0.00 0
142598 0.00 0.00 0.00 0
142599 0.00 0.00 0.00 0
142600 0.00 0.00 0.00 0
142601 0.00 0.00 0.00 0
142611 0.00 0.00 0.00 0
142612 0.00 0.00 0.00 0
142613 0.00 0.00 0.00 0
142614 0.00 0.00 0.00 0
142615 0.00 0.00 0.00 0
142616 0.00 0.00 0.00 0
142625 0.00 0.00 0.00 0
142626 0.00 0.00 0.00 0
142627 0.00 0.00 0.00 0
142628 0.00 0.00 0.00 0
142636 0.00 0.00 0.00 0
142637 0.00 0.00 0.00 0
142638 0.00 0.00 0.00 0
142639 0.00 0.00 0.00 0
142650 0.00 0.00 0.00 0
142651 0.00 0.00 0.00 0
142652 0.00 0.00 0.00 0
143027 0.00 0.00 0.00 0
143028 0.00 0.00 0.00 0
143036 0.00 0.00 0.00 0
143037 0.00 0.00 0.00 0
143038 0.00 0.00 0.00 0
143047 0.00 0.00 0.00 0
143048 0.00 0.00 0.00 0
143049 0.00 0.00 0.00 0
143058 0.00 0.00 0.00 0
143059 0.00 0.00 0.00 0
143060 0.00 0.00 0.00 0
143061 0.00 0.00 0.00 0
143062 0.00 0.00 0.00 0
143071 0.00 0.00 0.00 0
143072 0.00 0.00 0.00 0
143073 0.00 0.00 0.00 0
143074 0.00 0.00 0.00 0
143075 0.00 0.00 0.00 0
143076 0.00 0.00 0.00 0
143085 0.00 0.00 0.00 0
143086 0.00 0.00 0.00 0
143087 0.00 0.00 0.00 0
143088 0.00 0.00 0.00 0
143089 0.00 0.00 0.00 0
143090 0.00 0.00 0.00 0
143091 0.00 0.00 0.00 0
143100 0.00 0.00 0.00 0
143101 0.00 0.00 0.00 0
143102 0.00 0.00 0.00 0
143103 0.00 0.00 0.00 0
143104 0.00 0.00 0.00 0
143105 0.00 0.00 0.00 0
143106 0.00 0.00 0.00 0
143119 0.00 0.00 0.00 0
143120 0.00 0.00 0.00 0
143121 0.00 0.00 0.00 0
143122 0.00 0.00 0.00 0
143123 0.00 0.00 0.00 0
143134 0.00 0.00 0.00 0
143135 0.00 0.00 0.00 0
143136 0.00 0.00 0.00 0
143148 0.00 0.00 0.00 0
143149 0.00 0.00 0.00 0
143160 0.00 0.00 0.00 0
143161 0.00 0.00 0.00 0
143167 0.00 0.00 0.00 0
143168 0.00 0.00 0.00 0
143176 0.00 0.00 0.00 0
143177 0.00 0.00 0.00 0
143178 0.00 0.00 0.00 0
143184 0.00 0.00 0.00 0
143185 0.00 0.00 0.00 0
143186 0.00 0.00 0.00 0
143190 0.00 0.00 0.00 0
143191 0.00 0.00 0.00 0
143193 0.00 0.00 0.00 0
143194 0.00 0.00 0.00 0
143197 0.00 0.00 0.00 0
143198 0.00 0.00 0.00 0
143203 0.00 0.00 0.00 0
143204 0.00 0.00 0.00 0
143205 0.00 0.00 0.00 0
143211 0.00 0.00 0.00 0
143212 0.00 0.00 0.00 0
143213 0.00 0.00 0.00 0
143219 0.00 0.00 0.00 0
143220 0.00 0.00 0.00 0
143221 0.00 0.00 0.00 0
143222 0.00 0.00 0.00 0
143231 0.00 0.00 0.00 0
143232 0.00 0.00 0.00 0
143233 0.00 0.00 0.00 0
143234 0.00 0.00 0.00 0
143244 0.00 0.00 0.00 0
143245 0.00 0.00 0.00 0
143246 0.00 0.00 0.00 0
143247 0.00 0.00 0.00 0
143248 0.00 0.00 0.00 0
143259 0.00 0.00 0.00 0
143260 0.00 0.00 0.00 0
143261 0.00 0.00 0.00 0
143262 0.00 0.00 0.00 0
143263 0.00 0.00 0.00 0
143264 0.00 0.00 0.00 0
143272 0.00 0.00 0.00 0
143273 0.00 0.00 0.00 0
143274 0.00 0.00 0.00 0
143282 0.00 0.00 0.00 0
143283 0.00 0.00 0.00 0
143284 0.00 0.00 0.00 0
143673 0.00 0.00 0.00 0
143674 0.00 0.00 0.00 0
143675 0.00 0.00 0.00 0
143683 0.00 0.00 0.00 0
143684 0.00 0.00 0.00 0
143685 0.00 0.00 0.00 0
143686 0.00 0.00 0.00 0
143699 0.00 0.00 0.00 0
143700 0.00 0.00 0.00 0
143701 0.00 0.00 0.00 0
143702 0.00 0.00 0.00 0
143703 0.00 0.00 0.00 0
143718 0.00 0.00 0.00 0
143719 0.00 0.00 0.00 0
143720 0.00 0.00 0.00 0
143721 0.00 0.00 0.00 0
143722 0.00 0.00 0.00 0
143723 0.00 0.00 0.00 0
143724 0.00 0.00 0.00 0
143742 0.00 0.00 0.00 0
143743 0.00 0.00 0.00 0
143744 0.00 0.00 0.00 0
143745 0.00 0.00 0.00 0
143746 0.00 0.00 0.00 0
143747 0.00 0.00 0.00 0
143748 0.00 0.00 0.00 0
143763 0.00 0.00 0.00 0
143764 0.00 0.00 0.00 0
143765 0.00 0.00 0.00 0
143777 0.00 0.00 0.00 0
143778 0.00 0.00 0.00 0
143793 0.00 0.00 0.00 0
143794 0.00 0.00 0.00 0
143795 0.00 0.00 0.00 0
143809 0.00 0.00 0.00 0
143810 0.00 0.00 0.00 0
143811 0.00 0.00 0.00 0
143812 0.00 0.00 0.00 0
143813 0.00 0.00 0.00 0
143814 0.00 0.00 0.00 0
143825 0.00 0.00 0.00 0
143826 0.00 0.00 0.00 0
143827 0.00 0.00 0.00 0
143828 0.00 0.00 0.00 0
143829 0.00 0.00 0.00 0
143830 0.00 0.00 0.00 0
143836 0.00 0.00 0.00 0
143837 0.00 0.00 0.00 0
143838 0.00 0.00 0.00 0
143839 0.00 0.00 0.00 0
143840 0.00 0.00 0.00 0
143846 0.00 0.00 0.00 0
143847 0.00 0.00 0.00 0
143848 0.00 0.00 0.00 0
143849 0.00 0.00 0.00 0
143850 0.00 0.00 0.00 0
143855 0.00 0.00 0.00 0
143856 0.00 0.00 0.00 0
143857 0.00 0.00 0.00 0
143858 0.00 0.00 0.00 0
143861 0.00 0.00 0.00 0
143862 0.00 0.00 0.00 0
143865 0.00 0.00 0.00 0
143866 0.00 0.00 0.00 0
143867 0.00 0.00 0.00 0
143871 0.00 0.00 0.00 0
143872 0.00 0.00 0.00 0
143873 0.00 0.00 0.00 0
143874 0.00 0.00 0.00 0
143883 0.00 0.00 0.00 0
143884 0.00 0.00 0.00 0
143885 0.00 0.00 0.00 0
143886 0.00 0.00 0.00 0
143887 0.00 0.00 0.00 0
143888 0.00 0.00 0.00 0
143898 0.00 0.00 0.00 0
143899 0.00 0.00 0.00 0
143900 0.00 0.00 0.00 0
143901 0.00 0.00 0.00 0
143902 0.00 0.00 0.00 0
143914 0.00 0.00 0.00 0
143915 0.00 0.00 0.00 0
143916 0.00 0.00 0.00 0
143917 0.00 0.00 0.00 0
143918 0.00 0.00 0.00 0
143919 0.00 0.00 0.00 0
143933 0.00 0.00 0.00 0
143934 0.00 0.00 0.00 0
143935 0.00 0.00 0.00 0
143936 0.00 0.00 0.00 0
143937 0.00 0.00 0.00 0
143948 0.00 0.00 0.00 0
143949 0.00 0.00 0.00 0
143950 0.00 0.00 0.00 0
143962 0.00 0.00 0.00 0
143963 0.00 0.00 0.00 0
143964 0.00 0.00 0.00 0
144370 0.00 0.00 0.00 0
144371 0.00 0.00 0.00 0
144384 0.00 0.00 0.00 0
144385 0.00 0.00 0.00 0
144386 0.00 0.00 0.00 0
144400 0.00 0.00 0.00 0
144401 0.00 0.00 0.00 0
144402 0.00 0.00 0.00 0
144403 0.00 0.00 0.00 0
144416 0.00 0.00 0.00 0
144417 0.00 0.00 0.00 0
144418 0.00 0.00 0.00 0
144419 0.00 0.00 0.00 0
144420 0.00 0.00 0.00 0
144434 0.00 0.00 0.00 0
144435 0.00 0.00 0.00 0
144436 0.00 0.00 0.00 0
144437 0.00 0.00 0.00 0
144438 0.00 0.00 0.00 0
144439 0.00 0.00 0.00 0
144440 0.00 0.00 0.00 0
144441 0.00 0.00 0.00 0
144457 0.00 0.00 0.00 0
144458 0.00 0.00 0.00 0
144459 0.00 0.00 0.00 0
144460 0.00 0.00 0.00 0
144461 0.00 0.00 0.00 0
144462 0.00 0.00 0.00 0
144478 0.00 0.00 0.00 0
144479 0.00 0.00 0.00 0
144480 0.00 0.00 0.00 0
144481 0.00 0.00 0.00 0
144500 0.00 0.00 0.00 0
144501 0.00 0.00 0.00 0
144502 0.00 0.00 0.00 0
144503 0.00 0.00 0.00 0
144504 0.00 0.00 0.00 0
144505 0.00 0.00 0.00 0
144524 0.00 0.00 0.00 0
144525 0.00 0.00 0.00 0
144526 0.00 0.00 0.00 0
144527 0.00 0.00 0.00 0
144528 0.00 0.00 0.00 0
144529 0.00 0.00 0.00 0
144544 0.00 0.00 0.00 0
144545 0.00 0.00 0.00 0
144546 0.00 0.00 0.00 0
144547 0.00 0.00 0.00 0
144548 0.00 0.00 0.00 0
144554 0.00 0.00 0.00 0
144555 0.00 0.00 0.00 0
144556 0.00 0.00 0.00 0
144557 0.00 0.00 0.00 0
144558 0.00 0.00 0.00 0
144564 0.00 0.00 0.00 0
144565 0.00 0.00 0.00 0
144566 0.00 0.00 0.00 0
144567 0.00 0.00 0.00 0
144568 0.00 0.00 0.00 0
144575 0.00 0.00 0.00 0
144576 0.00 0.00 0.00 0
144577 0.00 0.00 0.00 0
144578 0.00 0.00 0.00 0
144585 0.00 0.00 0.00 0
144586 0.00 0.00 0.00 0
144587 0.00 0.00 0.00 0
144595 0.00 0.00 0.00 0
144596 0.00 0.00 0.00 0
144597 0.00 0.00 0.00 0
144608 0.00 0.00 0.00 0
144609 0.00 0.00 0.00 0
144610 0.00 0.00 0.00 0
144611 0.00 0.00 0.00 0
144612 0.00 0.00 0.00 0
144613 0.00 0.00 0.00 0
144626 0.00 0.00 0.00 0
144627 0.00 0.00 0.00 0
144628 0.00 0.00 0.00 0
144629 0.00 0.00 0.00 0
144630 0.00 0.00 0.00 0
144638 0.00 0.00 0.00 0
144639 0.00 0.00 0.00 0
144640 0.00 0.00 0.00 0
144641 0.00 0.00 0.00 0
144642 0.00 0.00 0.00 0
144655 0.00 0.00 0.00 0
144656 0.00 0.00 0.00 0
144657 0.00 0.00 0.00 0
144658 0.00 0.00 0.00 0
144659 0.00 0.00 0.00 0
144669 0.00 0.00 0.00 0
144670 0.00 0.00 0.00 0
144671 0.00 0.00 0.00 0
144680 0.00 0.00 0.00 0
144681 0.00 0.00 0.00 0
144682 0.00 0.00 0.00 0
145127 0.00 0.00 0.00 0
145128 0.00 0.00 0.00 0
145129 0.00 0.00 0.00 0
145130 0.00 0.00 0.00 0
145141 0.00 0.00 0.00 0
145142 0.00 0.00 0.00 0
145143 0.00 0.00 0.00 0
145144 0.00 0.00 0.00 0
145145 0.00 0.00 0.00 0
145146 0.00 0.00 0.00 0
145147 0.00 0.00 0.00 0
145160 0.00 0.00 0.00 0
145161 0.00 0.00 0.00 0
145162 0.00 0.00 0.00 0
145163 0.00 0.00 0.00 0
145164 0.00 0.00 0.00 0
145165 0.00 0.00 0.00 0
145177 0.00 0.00 0.00 0
145178 0.00 0.00 0.00 0
145179 0.00 0.00 0.00 0
145180 0.00 0.00 0.00 0
145181 0.00 0.00 0.00 0
145197 0.00 0.00 0.00 0
145198 0.00 0.00 0.00 0
145199 0.00 0.00 0.00 0
145200 0.00 0.00 0.00 0
145201 0.00 0.00 0.00 0
145202 0.00 0.00 0.00 0
145220 0.00 0.00 0.00 0
145221 0.00 0.00 0.00 0
145222 0.00 0.00 0.00 0
145223 0.00 0.00 0.00 0
145224 0.00 0.00 0.00 0
145225 0.00 0.00 0.00 0
145243 0.00 0.00 0.00 0
145244 0.00 0.00 0.00 0
145245 0.00 0.00 0.00 0
145246 0.00 0.00 0.00 0
145247 0.00 0.00 0.00 0
145256 0.00 0.00 0.00 0
145257 0.00 0.00 0.00 0
145258 0.00 0.00 0.00 0
145259 0.00 0.00 0.00 0
145265 0.00 0.00 0.00 0
145266 0.00 0.00 0.00 0
145267 0.00 0.00 0.00 0
145268 0.00 0.00 0.00 0
145269 0.00 0.00 0.00 0
145274 0.00 0.00 0.00 0
145275 0.00 0.00 0.00 0
145276 0.00 0.00 0.00 0
145277 0.00 0.00 0.00 0
145278 0.00 0.00 0.00 0
145279 0.00 0.00 0.00 0
145286 0.00 0.00 0.00 0
145287 0.00 0.00 0.00 0
145288 0.00 0.00 0.00 0
145289 0.00 0.00 0.00 0
145290 0.00 0.00 0.00 0
145300 0.00 0.00 0.00 0
145301 0.00 0.00 0.00 0
145302 0.00 0.00 0.00 0
145303 0.00 0.00 0.00 0
145304 0.00 0.00 0.00 0
145305 0.00 0.00 0.00 0
145317 0.00 0.00 0.00 0
145318 0.00 0.00 0.00 0
145319 0.00 0.00 0.00 0
145320 0.00 0.00 0.00 0
145321 0.00 0.00 0.00 0
145322 0.00 0.00 0.00 0
145323 0.00 0.00 0.00 0
145324 0.00 0.00 0.00 0
145334 0.00 0.00 0.00 0
145335 0.00 0.00 0.00 0
145336 0.00 0.00 0.00 0
145337 0.00 0.00 0.00 0
145338 0.00 0.00 0.00 0
145339 0.00 0.00 0.00 0
145350 0.00 0.00 0.00 0
145351 0.00 0.00 0.00 0
145352 0.00 0.00 0.00 0
145353 0.00 0.00 0.00 0
145369 0.00 0.00 0.00 0
145370 0.00 0.00 0.00 0
145853 0.00 0.00 0.00 0
145854 0.00 0.00 0.00 0
145855 0.00 0.00 0.00 0
145866 0.00 0.00 0.00 0
145867 0.00 0.00 0.00 0
145868 0.00 0.00 0.00 0
145869 0.00 0.00 0.00 0
145870 0.00 0.00 0.00 0
145871 0.00 0.00 0.00 0
145882 0.00 0.00 0.00 0
145883 0.00 0.00 0.00 0
145884 0.00 0.00 0.00 0
145885 0.00 0.00 0.00 0
145886 0.00 0.00 0.00 0
145887 0.00 0.00 0.00 0
145899 0.00 0.00 0.00 0
145900 0.00 0.00 0.00 0
145901 0.00 0.00 0.00 0
145902 0.00 0.00 0.00 0
145903 0.00 0.00 0.00 0
145904 0.00 0.00 0.00 0
145919 0.00 0.00 0.00 0
145920 0.00 0.00 0.00 0
145921 0.00 0.00 0.00 0
145922 0.00 0.00 0.00 0
145923 0.00 0.00 0.00 0
145924 0.00 0.00 0.00 0
145941 0.00 0.00 0.00 0
145942 0.00 0.00 0.00 0
145943 0.00 0.00 0.00 0
145944 0.00 0.00 0.00 0
145945 0.00 0.00 0.00 0
145962 0.00 0.00 0.00 0
145963 0.00 0.00 0.00 0
145964 0.00 0.00 0.00 0
145965 0.00 0.00 0.00 0
145966 0.00 0.00 0.00 0
145978 0.00 0.00 0.00 0
145979 0.00 0.00 0.00 0
145980 0.00 0.00 0.00 0
145981 0.00 0.00 0.00 0
145982 0.00 0.00 0.00 0
145990 0.00 0.00 0.00 0
145991 0.00 0.00 0.00 0
145992 0.00 0.00 0.00 0
145993 0.00 0.00 0.00 0
146001 0.00 0.00 0.00 0
146002 0.00 0.00 0.00 0
146003 0.00 0.00 0.00 0
146004 0.00 0.00 0.00 0
146005 0.00 0.00 0.00 0
146014 0.00 0.00 0.00 0
146015 0.00 0.00 0.00 0
146016 0.00 0.00 0.00 0
146017 0.00 0.00 0.00 0
146018 0.00 0.00 0.00 0
146019 0.00 0.00 0.00 0
146029 0.00 0.00 0.00 0
146030 0.00 0.00 0.00 0
146031 0.00 0.00 0.00 0
146032 0.00 0.00 0.00 0
146033 0.00 0.00 0.00 0
146034 0.00 0.00 0.00 0
146045 0.00 0.00 0.00 0
146046 0.00 0.00 0.00 0
146047 0.00 0.00 0.00 0
146048 0.00 0.00 0.00 0
146049 0.00 0.00 0.00 0
146050 0.00 0.00 0.00 0
146063 0.00 0.00 0.00 0
146064 0.00 0.00 0.00 0
146065 0.00 0.00 0.00 0
146580 0.00 0.00 0.00 0
146581 0.00 0.00 0.00 0
146593 0.00 0.00 0.00 0
146594 0.00 0.00 0.00 0
146595 0.00 0.00 0.00 0
146596 0.00 0.00 0.00 0
146608 0.00 0.00 0.00 0
146609 0.00 0.00 0.00 0
146610 0.00 0.00 0.00 0
146611 0.00 0.00 0.00 0
146623 0.00 0.00 0.00 0
146624 0.00 0.00 0.00 0
146625 0.00 0.00 0.00 0
146626 0.00 0.00 0.00 0
146641 0.00 0.00 0.00 0
146642 0.00 0.00 0.00 0
146643 0.00 0.00 0.00 0
146644 0.00 0.00 0.00 0
146660 0.00 0.00 0.00 0
146661 0.00 0.00 0.00 0
146662 0.00 0.00 0.00 0
146678 0.00 0.00 0.00 0
146679 0.00 0.00 0.00 0
146680 0.00 0.00 0.00 0
146681 0.00 0.00 0.00 0
146696 0.00 0.00 0.00 0
146697 0.00 0.00 0.00 0
146698 0.00 0.00 0.00 0
146699 0.00 0.00 0.00 0
146713 0.00 0.00 0.00 0
146714 0.00 0.00 0.00 0
146715 0.00 0.00 0.00 0
146716 0.00 0.00 0.00 0
146726 0.00 0.00 0.00 0
146727 0.00 0.00 0.00 0
146728 0.00 0.00 0.00 0
146729 0.00 0.00 0.00 0
146739 0.00 0.00 0.00 0
146740 0.00 0.00 0.00 0
146741 0.00 0.00 0.00 0
146742 0.00 0.00 0.00 0
146743 0.00 0.00 0.00 0
146752 0.00 0.00 0.00 0
146753 0.00 0.00 0.00 0
146754 0.00 0.00 0.00 0
146755 0.00 0.00 0.00 0
146756 0.00 0.00 0.00 0
146766 0.00 0.00 0.00 0
146767 0.00 0.00 0.00 0
146768 0.00 0.00 0.00 0
146769 0.00 0.00 0.00 0
147276 0.00 0.00 0.00 0
147277 0.00 0.00 0.00 0
147278 0.00 0.00 0.00 0
147292 0.00 0.00 0.00 0
147293 0.00 0.00 0.00 0
147294 0.00 0.00 0.00 0
147339 0.00 0.00 0.00 0
147340 0.00 0.00 0.00 0
147356 0.00 0.00 0.00 0
147357 0.00 0.00 0.00 0
147377 0.00 0.00 0.00 0
147378 0.00 0.00 0.00 0
147379 0.00 0.00 0.00 0
147391 0.00 0.00 0.00 0
147392 0.00 0.00 0.00 0
147393 0.00 0.00 0.00 0
147404 0.00 0.00 0.00 0
147405 0.00 0.00 0.00 0
147406 0.00 0.00 0.00 0
147416 0.00 0.00 0.00 0
147417 0.00 0.00 0.00 0
147418 0.00 0.00 0.00 0
147430 0.00 0.00 0.00 0
147431 0.00 0.00 0.00 0
