# temporalpole
503
122046 0.00 0.00 0.00 0
122066 0.00 0.00 0.00 0
122067 0.00 0.00 0.00 0
122082 0.00 0.00 0.00 0
123049 0.00 0.00 0.00 0
123050 0.00 0.00 0.00 0
123051 0.00 0.00 0.00 0
123052 0.00 0.00 0.00 0
123053 0.00 0.00 0.00 0
123072 0.00 0.00 0.00 0
123073 0.00 0.00 0.00 0
123074 0.00 0.00 0.00 0
123980 0.00 0.00 0.00 0
123982 0.00 0.00 0.00 0
123983 0.00 0.00 0.00 0
123984 0.00 0.00 0.00 0
123989 0.00 0.00 0.00 0
123990 0.00 0.00 0.00 0
123991 0.00 0.00 0.00 0
123992 0.00 0.00 0.00 0
123993 0.00 0.00 0.00 0
123994 0.00 0.00 0.00 0
123995 0.00 0.00 0.00 0
123996 0.00 0.00 0.00 0
123997 0.00 0.00 0.00 0
124014 0.00 0.00 0.00 0
124015 0.00 0.00 0.00 0
124017 0.00 0.00 0.00 0
124868 0.00 0.00 0.00 0
124876 0.00 0.00 0.00 0
124877 0.00 0.00 0.00 0
124881 0.00 0.00 0.00 0
124882 0.00 0.00 0.00 0
124883 0.00 0.00 0.00 0
124884 0.00 0.00 0.00 0
124885 0.00 0.00 0.00 0
124886 0.00 0.00 0.00 0
124887 0.00 0.00 0.00 0
124888 0.00 0.00 0.00 0
124901 0.00 0.00 0.00 0
124902 0.00 0.00 0.00 0
124903 0.00 0.00 0.00 0
124904 0.00 0.00 0.00 0
124905 0.00 0.00 0.00 0
124906 0.00 0.00 0.00 0
124907 0.00 0.00 0.00 0
124908 0.00 0.00 0.00 0
124911 0.00 0.00 0.00 0
124917 0.00 0.00 0.00 0
124918 0.00 0.00 0.00 0
124930 0.00 0.00 0.00 0
124931 0.00 0.00 0.00 0
125740 0.00 0.00 0.00 0
125744 0.00 0.00 0.00 0
125745 0.00 0.00 0.00 0
125757 0.00 0.00 0.00 0
125758 0.00 0.00 0.00 0
125759 0.00 0.00 0.00 0
125760 0.00 0.00 0.00 0
125761 0.00 0.00 0.00 0
125762 0.00 0.00 0.00 0
125763 0.00 0.00 0.00 0
125764 0.00 0.00 0.00 0
125778 0.00 0.00 0.00 0
125779 0.00 0.00 0.00 0
125791 0.00 0.00 0.00 0
126616 0.00 0.00 0.00 0
126620 0.00 0.00 0.00 0
126621 0.00 0.00 0.00 0
126625 0.00 0.00 0.00 0
126626 0.00 0.00 0.00 0
126627 0.00 0.00 0.00 0
126628 0.00 0.00 0.00 0
126629 0.00 0.00 0.00 0
126630 0.00 0.00 0.00 0
126631 0.00 0.00 0.00 0
126632 0.00 0.00 0.00 0
126633 0.00 0.00 0.00 0
126644 0.00 0.00 0.00 0
126645 0.00 0.00 0.00 0
126658 0.00 0.00 0.00 0
127460 0.00 0.00 0.00 0
127468 0.00 0.00 0.00 0
127469 0.00 0.00 0.00 0
127478 0.00 0.00 0.00 0
127479 0.00 0.00 0.00 0
127480 0.00 0.00 0.00 0
127481 0.00 0.00 0.00 0
127482 0.00 0.00 0.00 0
127483 0.00 0.00 0.00 0
127484 0.00 0.00 0.00 0
127485 0.00 0.00 0.00 0
127486 0.00 0.00 0.00 0
127487 0.00 0.00 0.00 0
127496 0.00 0.00 0.00 0
127497 0.00 0.00 0.00 0
127498 0.00 0.00 0.00 0
127508 0.00 0.00 0.00 0
128312 0.00 0.00 0.00 0
128324 0.00 0.00 0.00 0
128325 0.00 0.00 0.00 0
128335 0.00 0.00 0.00 0
128336 0.00 0.00 0.00 0
128337 0.00 0.00 0.00 0
128338 0.00 0.00 0.00 0
128339 0.00 0.00 0.00 0
128340 0.00 0.00 0.00 0
128341 0.00 0.00 0.00 0
128342 0.00 0.00 0.00 0
128343 0.00 0.00 0.00 0
128344 0.00 0.00 0.00 0
128345 0.00 0.00 0.00 0
128346 0.00 0.00 0.00 0
128353 0.00 0.00 0.00 0
128354 0.00 0.00 0.00 0
128355 0.00 0.00 0.00 0
128356 0.00 0.00 0.00 0
128357 0.00 0.00 0.00 0
128358 0.00 0.00 0.00 0
128359 0.00 0.00 0.00 0
128360 0.00 0.00 0.00 0
128361 0.00 0.00 0.00 0
128362 0.00 0.00 0.00 0
128375 0.00 0.00 0.00 0
128376 0.00 0.00 0.00 0
128387 0.00 0.00 0.00 0
129211 0.00 0.00 0.00 0
129212 0.00 0.00 0.00 0
129221 0.00 0.00 0.00 0
129222 0.00 0.00 0.00 0
129227 0.00 0.00 0.00 0
129228 0.00 0.00 0.00 0
129229 0.00 0.00 0.00 0
129230 0.00 0.00 0.00 0
129231 0.00 0.00 0.00 0
129232 0.00 0.00 0.00 0
129233 0.00 0.00 0.00 0
129234 0.00 0.00 0.00 0
129236 0.00 0.00 0.00 0
129237 0.00 0.00 0.00 0
129238 0.00 0.00 0.00 0
129239 0.00 0.00 0.00 0
129240 0.00 0.00 0.00 0
129241 0.00 0.00 0.00 0
129242 0.00 0.00 0.00 0
129243 0.00 0.00 0.00 0
129244 0.00 0.00 0.00 0
129245 0.00 0.00 0.00 0
129248 0.00 0.00 0.00 0
129249 0.00 0.00 0.00 0
129250 0.00 0.00 0.00 0
129255 0.00 0.00 0.00 0
129256 0.00 0.00 0.00 0
129257 0.00 0.00 0.00 0
129258 0.00 0.00 0.00 0
129267 0.00 0.00 0.00 0
129268 0.00 0.00 0.00 0
129269 0.00 0.00 0.00 0
129270 0.00 0.00 0.00 0
130164 0.00 0.00 0.00 0
130165 0.00 0.00 0.00 0
130166 0.00 0.00 0.00 0
130173 0.00 0.00 0.00 0
130174 0.00 0.00 0.00 0
130178 0.00 0.00 0.00 0
130179 0.00 0.00 0.00 0
130180 0.00 0.00 0.00 0
130181 0.00 0.00 0.00 0
130182 0.00 0.00 0.00 0
130183 0.00 0.00 0.00 0
130184 0.00 0.00 0.00 0
130185 0.00 0.00 0.00 0
130186 0.00 0.00 0.00 0
130188 0.00 0.00 0.00 0
130189 0.00 0.00 0.00 0
130190 0.00 0.00 0.00 0
130191 0.00 0.00 0.00 0
130192 0.00 0.00 0.00 0
130193 0.00 0.00 0.00 0
130194 0.00 0.00 0.00 0
130195 0.00 0.00 0.00 0
130196 0.00 0.00 0.00 0
130197 0.00 0.00 0.00 0
130198 0.00 0.00 0.00 0
130199 0.00 0.00 0.00 0
130200 0.00 0.00 0.00 0
130201 0.00 0.00 0.00 0
130202 0.00 0.00 0.00 0
130203 0.00 0.00 0.00 0
130204 0.00 0.00 0.00 0
130205 0.00 0.00 0.00 0
130206 0.00 0.00 0.00 0
130207 0.00 0.00 0.00 0
130208 0.00 0.00 0.00 0
130209 0.00 0.00 0.00 0
130210 0.00 0.00 0.00 0
130211 0.00 0.00 0.00 0
130213 0.00 0.00 0.00 0
130214 0.00 0.00 0.00 0
130216 0.00 0.00 0.00 0
130217 0.00 0.00 0.00 0
130218 0.00 0.00 0.00 0
130219 0.00 0.00 0.00 0
130220 0.00 0.00 0.00 0
130221 0.00 0.00 0.00 0
130225 0.00 0.00 0.00 0
130226 0.00 0.00 0.00 0
130227 0.00 0.00 0.00 0
131042 0.00 0.00 0.00 0
131046 0.00 0.00 0.00 0
131047 0.00 0.00 0.00 0
131048 0.00 0.00 0.00 0
131049 0.00 0.00 0.00 0
131050 0.00 0.00 0.00 0
131051 0.00 0.00 0.00 0
131052 0.00 0.00 0.00 0
131053 0.00 0.00 0.00 0
131054 0.00 0.00 0.00 0
131055 0.00 0.00 0.00 0
131056 0.00 0.00 0.00 0
131057 0.00 0.00 0.00 0
131058 0.00 0.00 0.00 0
131059 0.00 0.00 0.00 0
131060 0.00 0.00 0.00 0
131061 0.00 0.00 0.00 0
131062 0.00 0.00 0.00 0
131063 0.00 0.00 0.00 0
131064 0.00 0.00 0.00 0
131065 0.00 0.00 0.00 0
131066 0.00 0.00 0.00 0
131067 0.00 0.00 0.00 0
131068 0.00 0.00 0.00 0
131069 0.00 0.00 0.00 0
131070 0.00 0.00 0.00 0
131071 0.00 0.00 0.00 0
131072 0.00 0.00 0.00 0
131073 0.00 0.00 0.00 0
131074 0.00 0.00 0.00 0
131075 0.00 0.00 0.00 0
131076 0.00 0.00 0.00 0
131077 0.00 0.00 0.00 0
131078 0.00 0.00 0.00 0
131079 0.00 0.00 0.00 0
131080 0.00 0.00 0.00 0
131081 0.00 0.00 0.00 0
131082 0.00 0.00 0.00 0
131083 0.00 0.00 0.00 0
131084 0.00 0.00 0.00 0
131085 0.00 0.00 0.00 0
131086 0.00 0.00 0.00 0
131087 0.00 0.00 0.00 0
131088 0.00 0.00 0.00 0
131089 0.00 0.00 0.00 0
131090 0.00 0.00 0.00 0
131091 0.00 0.00 0.00 0
131092 0.00 0.00 0.00 0
131093 0.00 0.00 0.00 0
131094 0.00 0.00 0.00 0
131095 0.00 0.00 0.00 0
131096 0.00 0.00 0.00 0
131097 0.00 0.00 0.00 0
131098 0.00 0.00 0.00 0
131099 0.00 0.00 0.00 0
131100 0.00 0.00 0.00 0
131101 0.00 0.00 0.00 0
131102 0.00 0.00 0.00 0
131937 0.00 0.00 0.00 0
131938 0.00 0.00 0.00 0
131939 0.00 0.00 0.00 0
131940 0.00 0.00 0.00 0
131941 0.00 0.00 0.00 0
131942 0.00 0.00 0.00 0
131943 0.00 0.00 0.00 0
131944 0.00 0.00 0.00 0
131945 0.00 0.00 0.00 0
131946 0.00 0.00 0.00 0
131947 0.00 0.00 0.00 0
131948 0.00 0.00 0.00 0
131949 0.00 0.00 0.00 0
131950 0.00 0.00 0.00 0
131951 0.00 0.00 0.00 0
131952 0.00 0.00 0.00 0
131953 0.00 0.00 0.00 0
131954 0.00 0.00 0.00 0
131955 0.00 0.00 0.00 0
131956 0.00 0.00 0.00 0
131957 0.00 0.00 0.00 0
131958 0.00 0.00 0.00 0
131959 0.00 0.00 0.00 0
131960 0.00 0.00 0.00 0
131961 0.00 0.00 0.00 0
131962 0.00 0.00 0.00 0
131963 0.00 0.00 0.00 0
131964 0.00 0.00 0.00 0
131965 0.00 0.00 0.00 0
131966 0.00 0.00 0.00 0
131967 0.00 0.00 0.00 0
131968 0.00 0.00 0.00 0
131969 0.00 0.00 0.00 0
131970 0.00 0.00 0.00 0
131971 0.00 0.00 0.00 0
131972 0.00 0.00 0.00 0
131973 0.00 0.00 0.00 0
131974 0.00 0.00 0.00 0
131975 0.00 0.00 0.00 0
131976 0.00 0.00 0.00 0
131977 0.00 0.00 0.00 0
131978 0.00 0.00 0.00 0
131979 0.00 0.00 0.00 0
131980 0.00 0.00 0.00 0
131981 0.00 0.00 0.00 0
131982 0.00 0.00 0.00 0
131983 0.00 0.00 0.00 0
131984 0.00 0.00 0.00 0
131985 0.00 0.00 0.00 0
131986 0.00 0.00 0.00 0
131987 0.00 0.00 0.00 0
131988 0.00 0.00 0.00 0
131989 0.00 0.00 0.00 0
131990 0.00 0.00 0.00 0
131991 0.00 0.00 0.00 0
131992 0.00 0.00 0.00 0
131993 0.00 0.00 0.00 0
131995 0.00 0.00 0.00 0
131997 0.00 0.00 0.00 0
132000 0.00 0.00 0.00 0
132835 0.00 0.00 0.00 0
132836 0.00 0.00 0.00 0
132837 0.00 0.00 0.00 0
132838 0.00 0.00 0.00 0
132839 0.00 0.00 0.00 0
132840 0.00 0.00 0.00 0
132841 0.00 0.00 0.00 0
132842 0.00 0.00 0.00 0
132843 0.00 0.00 0.00 0
132844 0.00 0.00 0.00 0
132845 0.00 0.00 0.00 0
132846 0.00 0.00 0.00 0
132847 0.00 0.00 0.00 0
132848 0.00 0.00 0.00 0
132849 0.00 0.00 0.00 0
132850 0.00 0.00 0.00 0
132851 0.00 0.00 0.00 0
132852 0.00 0.00 0.00 0
132853 0.00 0.00 0.00 0
132854 0.00 0.00 0.00 0
132855 0.00 0.00 0.00 0
132856 0.00 0.00 0.00 0
132857 0.00 0.00 0.00 0
132858 0.00 0.00 0.00 0
132859 0.00 0.00 0.00 0
132860 0.00 0.00 0.00 0
132861 0.00 0.00 0.00 0
132862 0.00 0.00 0.00 0
132863 0.00 0.00 0.00 0
132864 0.00 0.00 0.00 0
132865 0.00 0.00 0.00 0
132866 0.00 0.00 0.00 0
132867 0.00 0.00 0.00 0
132868 0.00 0.00 0.00 0
132869 0.00 0.00 0.00 0
132870 0.00 0.00 0.00 0
132871 0.00 0.00 0.00 0
132872 0.00 0.00 0.00 0
132873 0.00 0.00 0.00 0
132874 0.00 0.00 0.00 0
132875 0.00 0.00 0.00 0
132876 0.00 0.00 0.00 0
132877 0.00 0.00 0.00 0
132878 0.00 0.00 0.00 0
132879 0.00 0.00 0.00 0
132880 0.00 0.00 0.00 0
132881 0.00 0.00 0.00 0
132882 0.00 0.00 0.00 0
132883 0.00 0.00 0.00 0
132884 0.00 0.00 0.00 0
132885 0.00 0.00 0.00 0
132886 0.00 0.00 0.00 0
132887 0.00 0.00 0.00 0
132888 0.00 0.00 0.00 0
132889 0.00 0.00 0.00 0
132891 0.00 0.00 0.00 0
133727 0.00 0.00 0.00 0
133728 0.00 0.00 0.00 0
133729 0.00 0.00 0.00 0
133730 0.00 0.00 0.00 0
133731 0.00 0.00 0.00 0
133732 0.00 0.00 0.00 0
133733 0.00 0.00 0.00 0
133734 0.00 0.00 0.00 0
133735 0.00 0.00 0.00 0
133736 0.00 0.00 0.00 0
133737 0.00 0.00 0.00 0
133738 0.00 0.00 0.00 0
133739 0.00 0.00 0.00 0
133740 0.00 0.00 0.00 0
133741 0.00 0.00 0.00 0
133742 0.00 0.00 0.00 0
133743 0.00 0.00 0.00 0
133744 0.00 0.00 0.00 0
133745 0.00 0.00 0.00 0
133746 0.00 0.00 0.00 0
133747 0.00 0.00 0.00 0
133748 0.00 0.00 0.00 0
133749 0.00 0.00 0.00 0
133750 0.00 0.00 0.00 0
133751 0.00 0.00 0.00 0
133752 0.00 0.00 0.00 0
133753 0.00 0.00 0.00 0
133754 0.00 0.00 0.00 0
133755 0.00 0.00 0.00 0
133756 0.00 0.00 0.00 0
133757 0.00 0.00 0.00 0
133758 0.00 0.00 0.00 0
133759 0.00 0.00 0.00 0
133760 0.00 0.00 0.00 0
133761 0.00 0.00 0.00 0
133762 0.00 0.00 0.00 0
133763 0.00 0.00 0.00 0
133764 0.00 0.00 0.00 0
133765 0.00 0.00 0.00 0
133766 0.00 0.00 0.00 0
133767 0.00 0.00 0.00 0
133768 0.00 0.00 0.00 0
133769 0.00 0.00 0.00 0
133770 0.00 0.00 0.00 0
133771 0.00 0.00 0.00 0
133772 0.00 0.00 0.00 0
133773 0.00 0.00 0.00 0
133774 0.00 0.00 0.00 0
133775 0.00 0.00 0.00 0
133776 0.00 0.00 0.00 0
133777 0.00 0.00 0.00 0
133778 0.00 0.00 0.00 0
133779 0.00 0.00 0.00 0
133780 0.00 0.00 0.00 0
133781 0.00 0.00 0.00 0
133782 0.00 0.00 0.00 0
133783 0.00 0.00 0.00 0
133784 0.00 0.00 0.00 0
134676 0.00 0.00 0.00 0
134677 0.00 0.00 0.00 0
134678 0.00 0.00 0.00 0
134679 0.00 0.00 0.00 0
134680 0.00 0.00 0.00 0
134681 0.00 0.00 0.00 0
134682 0.00 0.00 0.00 0
134683 0.00 0.00 0.00 0
134684 0.00 0.00 0.00 0
134685 0.00 0.00 0.00 0
134686 0.00 0.00 0.00 0
134687 0.00 0.00 0.00 0
134688 0.00 0.00 0.00 0
134689 0.00 0.00 0.00 0
134690 0.00 0.00 0.00 0
134691 0.00 0.00 0.00 0
134692 0.00 0.00 0.00 0
134693 0.00 0.00 0.00 0
134694 0.00 0.00 0.00 0
134695 0.00 0.00 0.00 0
134696 0.00 0.00 0.00 0
134697 0.00 0.00 0.00 0
134698 0.00 0.00 0.00 0
134699 0.00 0.00 0.00 0
134700 0.00 0.00 0.00 0
134701 0.00 0.00 0.00 0
134702 0.00 0.00 0.00 0
134703 0.00 0.00 0.00 0
134704 0.00 0.00 0.00 0
135496 0.00 0.00 0.00 0
135497 0.00 0.00 0.00 0
135498 0.00 0.00 0.00 0
135499 0.00 0.00 0.00 0
135500 0.00 0.00 0.00 0
135501 0.00 0.00 0.00 0
135502 0.00 0.00 0.00 0
135503 0.00 0.00 0.00 0
135504 0.00 0.00 0.00 0
135505 0.00 0.00 0.00 0
135506 0.00 0.00 0.00 0
135507 0.00 0.00 0.00 0
135508 0.00 0.00 0.00 0
135509 0.00 0.00 0.00 0
135510 0.00 0.00 0.00 0
135511 0.00 0.00 0.00 0
135512 0.00 0.00 0.00 0
156759 0.00 0.00 0.00 0
156760 0.00 0.00 0.00 0
156761 0.00 0.00 0.00 0
156762 0.00 0.00 0.00 0
156763 0.00 0.00 0.00 0
156764 0.00 0.00 0.00 0
156765 0.00 0.00 0.00 0
156766 0.00 0.00 0.00 0
156767 0.00 0.00 0.00 0
156768 0.00 0.00 0.00 0
156769 0.00 0.00 0.00 0
156770 0.00 0.00 0.00 0
156771 0.00 0.00 0.00 0
156772 0.00 0.00 0.00 0
156773 0.00 0.00 0.00 0
156774 0.00 0.00 0.00 0
156775 0.00 0.00 0.00 0
