# temporalpole
726
121272 0.00 0.00 0.00 0
121273 0.00 0.00 0.00 0
121274 0.00 0.00 0.00 0
121283 0.00 0.00 0.00 0
121284 0.00 0.00 0.00 0
121285 0.00 0.00 0.00 0
122196 0.00 0.00 0.00 0
122197 0.00 0.00 0.00 0
122202 0.00 0.00 0.00 0
122203 0.00 0.00 0.00 0
122204 0.00 0.00 0.00 0
122205 0.00 0.00 0.00 0
122206 0.00 0.00 0.00 0
122207 0.00 0.00 0.00 0
122239 0.00 0.00 0.00 0
122240 0.00 0.00 0.00 0
122241 0.00 0.00 0.00 0
122242 0.00 0.00 0.00 0
122243 0.00 0.00 0.00 0
122244 0.00 0.00 0.00 0
122253 0.00 0.00 0.00 0
122254 0.00 0.00 0.00 0
122255 0.00 0.00 0.00 0
122256 0.00 0.00 0.00 0
122257 0.00 0.00 0.00 0
122264 0.00 0.00 0.00 0
122265 0.00 0.00 0.00 0
122276 0.00 0.00 0.00 0
123231 0.00 0.00 0.00 0
123232 0.00 0.00 0.00 0
123233 0.00 0.00 0.00 0
123234 0.00 0.00 0.00 0
123236 0.00 0.00 0.00 0
123237 0.00 0.00 0.00 0
123238 0.00 0.00 0.00 0
123239 0.00 0.00 0.00 0
123240 0.00 0.00 0.00 0
123241 0.00 0.00 0.00 0
123242 0.00 0.00 0.00 0
123243 0.00 0.00 0.00 0
123244 0.00 0.00 0.00 0
123245 0.00 0.00 0.00 0
123252 0.00 0.00 0.00 0
123253 0.00 0.00 0.00 0
123254 0.00 0.00 0.00 0
123255 0.00 0.00 0.00 0
123256 0.00 0.00 0.00 0
123262 0.00 0.00 0.00 0
123283 0.00 0.00 0.00 0
123284 0.00 0.00 0.00 0
123285 0.00 0.00 0.00 0
123286 0.00 0.00 0.00 0
123287 0.00 0.00 0.00 0
123288 0.00 0.00 0.00 0
123289 0.00 0.00 0.00 0
123299 0.00 0.00 0.00 0
123300 0.00 0.00 0.00 0
123301 0.00 0.00 0.00 0
123302 0.00 0.00 0.00 0
123312 0.00 0.00 0.00 0
123313 0.00 0.00 0.00 0
123324 0.00 0.00 0.00 0
124245 0.00 0.00 0.00 0
124246 0.00 0.00 0.00 0
124247 0.00 0.00 0.00 0
124248 0.00 0.00 0.00 0
124249 0.00 0.00 0.00 0
124250 0.00 0.00 0.00 0
124251 0.00 0.00 0.00 0
124252 0.00 0.00 0.00 0
124258 0.00 0.00 0.00 0
124259 0.00 0.00 0.00 0
124260 0.00 0.00 0.00 0
124261 0.00 0.00 0.00 0
124262 0.00 0.00 0.00 0
124263 0.00 0.00 0.00 0
124264 0.00 0.00 0.00 0
124265 0.00 0.00 0.00 0
124269 0.00 0.00 0.00 0
124270 0.00 0.00 0.00 0
124278 0.00 0.00 0.00 0
124279 0.00 0.00 0.00 0
124280 0.00 0.00 0.00 0
124281 0.00 0.00 0.00 0
124291 0.00 0.00 0.00 0
124292 0.00 0.00 0.00 0
124293 0.00 0.00 0.00 0
124294 0.00 0.00 0.00 0
124295 0.00 0.00 0.00 0
124296 0.00 0.00 0.00 0
124297 0.00 0.00 0.00 0
124308 0.00 0.00 0.00 0
124309 0.00 0.00 0.00 0
124310 0.00 0.00 0.00 0
124311 0.00 0.00 0.00 0
124312 0.00 0.00 0.00 0
124323 0.00 0.00 0.00 0
124324 0.00 0.00 0.00 0
125224 0.00 0.00 0.00 0
125225 0.00 0.00 0.00 0
125226 0.00 0.00 0.00 0
125227 0.00 0.00 0.00 0
125228 0.00 0.00 0.00 0
125229 0.00 0.00 0.00 0
125230 0.00 0.00 0.00 0
125235 0.00 0.00 0.00 0
125236 0.00 0.00 0.00 0
125237 0.00 0.00 0.00 0
125238 0.00 0.00 0.00 0
125239 0.00 0.00 0.00 0
125240 0.00 0.00 0.00 0
125241 0.00 0.00 0.00 0
125242 0.00 0.00 0.00 0
125245 0.00 0.00 0.00 0
125246 0.00 0.00 0.00 0
125247 0.00 0.00 0.00 0
125255 0.00 0.00 0.00 0
125256 0.00 0.00 0.00 0
125257 0.00 0.00 0.00 0
125258 0.00 0.00 0.00 0
125259 0.00 0.00 0.00 0
125270 0.00 0.00 0.00 0
125271 0.00 0.00 0.00 0
125272 0.00 0.00 0.00 0
125273 0.00 0.00 0.00 0
125274 0.00 0.00 0.00 0
125285 0.00 0.00 0.00 0
125286 0.00 0.00 0.00 0
125287 0.00 0.00 0.00 0
125288 0.00 0.00 0.00 0
125289 0.00 0.00 0.00 0
125303 0.00 0.00 0.00 0
125304 0.00 0.00 0.00 0
126154 0.00 0.00 0.00 0
126155 0.00 0.00 0.00 0
126156 0.00 0.00 0.00 0
126157 0.00 0.00 0.00 0
126158 0.00 0.00 0.00 0
126159 0.00 0.00 0.00 0
126160 0.00 0.00 0.00 0
126161 0.00 0.00 0.00 0
126164 0.00 0.00 0.00 0
126165 0.00 0.00 0.00 0
126166 0.00 0.00 0.00 0
126167 0.00 0.00 0.00 0
126168 0.00 0.00 0.00 0
126169 0.00 0.00 0.00 0
126170 0.00 0.00 0.00 0
126171 0.00 0.00 0.00 0
126172 0.00 0.00 0.00 0
126175 0.00 0.00 0.00 0
126176 0.00 0.00 0.00 0
126181 0.00 0.00 0.00 0
126182 0.00 0.00 0.00 0
126183 0.00 0.00 0.00 0
126184 0.00 0.00 0.00 0
126185 0.00 0.00 0.00 0
126196 0.00 0.00 0.00 0
126197 0.00 0.00 0.00 0
126198 0.00 0.00 0.00 0
126199 0.00 0.00 0.00 0
126200 0.00 0.00 0.00 0
126212 0.00 0.00 0.00 0
126213 0.00 0.00 0.00 0
126214 0.00 0.00 0.00 0
126215 0.00 0.00 0.00 0
126216 0.00 0.00 0.00 0
126228 0.00 0.00 0.00 0
127049 0.00 0.00 0.00 0
127050 0.00 0.00 0.00 0
127051 0.00 0.00 0.00 0
127052 0.00 0.00 0.00 0
127063 0.00 0.00 0.00 0
127064 0.00 0.00 0.00 0
127065 0.00 0.00 0.00 0
127066 0.00 0.00 0.00 0
127067 0.00 0.00 0.00 0
127068 0.00 0.00 0.00 0
127069 0.00 0.00 0.00 0
127070 0.00 0.00 0.00 0
127073 0.00 0.00 0.00 0
127074 0.00 0.00 0.00 0
127075 0.00 0.00 0.00 0
127076 0.00 0.00 0.00 0
127077 0.00 0.00 0.00 0
127078 0.00 0.00 0.00 0
127079 0.00 0.00 0.00 0
127080 0.00 0.00 0.00 0
127083 0.00 0.00 0.00 0
127084 0.00 0.00 0.00 0
127085 0.00 0.00 0.00 0
127086 0.00 0.00 0.00 0
127087 0.00 0.00 0.00 0
127088 0.00 0.00 0.00 0
127089 0.00 0.00 0.00 0
127092 0.00 0.00 0.00 0
127093 0.00 0.00 0.00 0
127094 0.00 0.00 0.00 0
127095 0.00 0.00 0.00 0
127096 0.00 0.00 0.00 0
127097 0.00 0.00 0.00 0
127098 0.00 0.00 0.00 0
127099 0.00 0.00 0.00 0
127107 0.00 0.00 0.00 0
127108 0.00 0.00 0.00 0
127109 0.00 0.00 0.00 0
127110 0.00 0.00 0.00 0
127111 0.00 0.00 0.00 0
127112 0.00 0.00 0.00 0
127127 0.00 0.00 0.00 0
127128 0.00 0.00 0.00 0
127129 0.00 0.00 0.00 0
127130 0.00 0.00 0.00 0
127131 0.00 0.00 0.00 0
127138 0.00 0.00 0.00 0
127139 0.00 0.00 0.00 0
127982 0.00 0.00 0.00 0
127983 0.00 0.00 0.00 0
127984 0.00 0.00 0.00 0
127985 0.00 0.00 0.00 0
127986 0.00 0.00 0.00 0
127997 0.00 0.00 0.00 0
127998 0.00 0.00 0.00 0
127999 0.00 0.00 0.00 0
128000 0.00 0.00 0.00 0
128001 0.00 0.00 0.00 0
128002 0.00 0.00 0.00 0
128003 0.00 0.00 0.00 0
128004 0.00 0.00 0.00 0
128009 0.00 0.00 0.00 0
128010 0.00 0.00 0.00 0
128011 0.00 0.00 0.00 0
128012 0.00 0.00 0.00 0
128013 0.00 0.00 0.00 0
128014 0.00 0.00 0.00 0
128015 0.00 0.00 0.00 0
128016 0.00 0.00 0.00 0
128019 0.00 0.00 0.00 0
128020 0.00 0.00 0.00 0
128021 0.00 0.00 0.00 0
128022 0.00 0.00 0.00 0
128023 0.00 0.00 0.00 0
128024 0.00 0.00 0.00 0
128025 0.00 0.00 0.00 0
128026 0.00 0.00 0.00 0
128027 0.00 0.00 0.00 0
128028 0.00 0.00 0.00 0
128029 0.00 0.00 0.00 0
128031 0.00 0.00 0.00 0
128032 0.00 0.00 0.00 0
128033 0.00 0.00 0.00 0
128034 0.00 0.00 0.00 0
128035 0.00 0.00 0.00 0
128036 0.00 0.00 0.00 0
128037 0.00 0.00 0.00 0
128038 0.00 0.00 0.00 0
128039 0.00 0.00 0.00 0
128044 0.00 0.00 0.00 0
128045 0.00 0.00 0.00 0
128046 0.00 0.00 0.00 0
128047 0.00 0.00 0.00 0
128059 0.00 0.00 0.00 0
128060 0.00 0.00 0.00 0
128061 0.00 0.00 0.00 0
128070 0.00 0.00 0.00 0
128071 0.00 0.00 0.00 0
128072 0.00 0.00 0.00 0
128926 0.00 0.00 0.00 0
128929 0.00 0.00 0.00 0
128930 0.00 0.00 0.00 0
128931 0.00 0.00 0.00 0
128932 0.00 0.00 0.00 0
128933 0.00 0.00 0.00 0
128944 0.00 0.00 0.00 0
128945 0.00 0.00 0.00 0
128946 0.00 0.00 0.00 0
128947 0.00 0.00 0.00 0
128948 0.00 0.00 0.00 0
128949 0.00 0.00 0.00 0
128955 0.00 0.00 0.00 0
128956 0.00 0.00 0.00 0
128957 0.00 0.00 0.00 0
128958 0.00 0.00 0.00 0
128959 0.00 0.00 0.00 0
128960 0.00 0.00 0.00 0
128961 0.00 0.00 0.00 0
128962 0.00 0.00 0.00 0
128965 0.00 0.00 0.00 0
128966 0.00 0.00 0.00 0
128967 0.00 0.00 0.00 0
128968 0.00 0.00 0.00 0
128969 0.00 0.00 0.00 0
128970 0.00 0.00 0.00 0
128971 0.00 0.00 0.00 0
128972 0.00 0.00 0.00 0
128973 0.00 0.00 0.00 0
128974 0.00 0.00 0.00 0
128975 0.00 0.00 0.00 0
128977 0.00 0.00 0.00 0
128978 0.00 0.00 0.00 0
128979 0.00 0.00 0.00 0
128980 0.00 0.00 0.00 0
128981 0.00 0.00 0.00 0
128982 0.00 0.00 0.00 0
128983 0.00 0.00 0.00 0
128984 0.00 0.00 0.00 0
128985 0.00 0.00 0.00 0
128986 0.00 0.00 0.00 0
128988 0.00 0.00 0.00 0
128989 0.00 0.00 0.00 0
128990 0.00 0.00 0.00 0
128991 0.00 0.00 0.00 0
128992 0.00 0.00 0.00 0
128993 0.00 0.00 0.00 0
128994 0.00 0.00 0.00 0
128999 0.00 0.00 0.00 0
129000 0.00 0.00 0.00 0
129001 0.00 0.00 0.00 0
129007 0.00 0.00 0.00 0
129008 0.00 0.00 0.00 0
129009 0.00 0.00 0.00 0
129010 0.00 0.00 0.00 0
129011 0.00 0.00 0.00 0
129017 0.00 0.00 0.00 0
129018 0.00 0.00 0.00 0
129815 0.00 0.00 0.00 0
129820 0.00 0.00 0.00 0
129821 0.00 0.00 0.00 0
129822 0.00 0.00 0.00 0
129823 0.00 0.00 0.00 0
129824 0.00 0.00 0.00 0
129825 0.00 0.00 0.00 0
129836 0.00 0.00 0.00 0
129837 0.00 0.00 0.00 0
129838 0.00 0.00 0.00 0
129839 0.00 0.00 0.00 0
129840 0.00 0.00 0.00 0
129841 0.00 0.00 0.00 0
129848 0.00 0.00 0.00 0
129849 0.00 0.00 0.00 0
129850 0.00 0.00 0.00 0
129851 0.00 0.00 0.00 0
129852 0.00 0.00 0.00 0
129853 0.00 0.00 0.00 0
129854 0.00 0.00 0.00 0
129855 0.00 0.00 0.00 0
129856 0.00 0.00 0.00 0
129859 0.00 0.00 0.00 0
129860 0.00 0.00 0.00 0
129861 0.00 0.00 0.00 0
129862 0.00 0.00 0.00 0
129863 0.00 0.00 0.00 0
129864 0.00 0.00 0.00 0
129865 0.00 0.00 0.00 0
129866 0.00 0.00 0.00 0
129867 0.00 0.00 0.00 0
129868 0.00 0.00 0.00 0
129869 0.00 0.00 0.00 0
129871 0.00 0.00 0.00 0
129872 0.00 0.00 0.00 0
129873 0.00 0.00 0.00 0
129874 0.00 0.00 0.00 0
129875 0.00 0.00 0.00 0
129876 0.00 0.00 0.00 0
129877 0.00 0.00 0.00 0
129878 0.00 0.00 0.00 0
129879 0.00 0.00 0.00 0
129881 0.00 0.00 0.00 0
129882 0.00 0.00 0.00 0
129885 0.00 0.00 0.00 0
129886 0.00 0.00 0.00 0
129887 0.00 0.00 0.00 0
129888 0.00 0.00 0.00 0
129891 0.00 0.00 0.00 0
129892 0.00 0.00 0.00 0
129893 0.00 0.00 0.00 0
130677 0.00 0.00 0.00 0
130686 0.00 0.00 0.00 0
130694 0.00 0.00 0.00 0
130695 0.00 0.00 0.00 0
130696 0.00 0.00 0.00 0
130697 0.00 0.00 0.00 0
130698 0.00 0.00 0.00 0
130699 0.00 0.00 0.00 0
130700 0.00 0.00 0.00 0
130701 0.00 0.00 0.00 0
130711 0.00 0.00 0.00 0
130712 0.00 0.00 0.00 0
130713 0.00 0.00 0.00 0
130714 0.00 0.00 0.00 0
130715 0.00 0.00 0.00 0
130716 0.00 0.00 0.00 0
130723 0.00 0.00 0.00 0
130724 0.00 0.00 0.00 0
130725 0.00 0.00 0.00 0
130726 0.00 0.00 0.00 0
130727 0.00 0.00 0.00 0
130728 0.00 0.00 0.00 0
130729 0.00 0.00 0.00 0
130730 0.00 0.00 0.00 0
130732 0.00 0.00 0.00 0
130733 0.00 0.00 0.00 0
130734 0.00 0.00 0.00 0
130735 0.00 0.00 0.00 0
130736 0.00 0.00 0.00 0
130737 0.00 0.00 0.00 0
130738 0.00 0.00 0.00 0
130739 0.00 0.00 0.00 0
130740 0.00 0.00 0.00 0
130741 0.00 0.00 0.00 0
130742 0.00 0.00 0.00 0
130743 0.00 0.00 0.00 0
130744 0.00 0.00 0.00 0
130745 0.00 0.00 0.00 0
130746 0.00 0.00 0.00 0
130747 0.00 0.00 0.00 0
130748 0.00 0.00 0.00 0
130749 0.00 0.00 0.00 0
130750 0.00 0.00 0.00 0
130751 0.00 0.00 0.00 0
130752 0.00 0.00 0.00 0
130753 0.00 0.00 0.00 0
130754 0.00 0.00 0.00 0
130755 0.00 0.00 0.00 0
131511 0.00 0.00 0.00 0
131519 0.00 0.00 0.00 0
131520 0.00 0.00 0.00 0
131521 0.00 0.00 0.00 0
131527 0.00 0.00 0.00 0
131528 0.00 0.00 0.00 0
131529 0.00 0.00 0.00 0
131530 0.00 0.00 0.00 0
131531 0.00 0.00 0.00 0
131532 0.00 0.00 0.00 0
131533 0.00 0.00 0.00 0
131534 0.00 0.00 0.00 0
131535 0.00 0.00 0.00 0
131536 0.00 0.00 0.00 0
131543 0.00 0.00 0.00 0
131544 0.00 0.00 0.00 0
131545 0.00 0.00 0.00 0
131546 0.00 0.00 0.00 0
131547 0.00 0.00 0.00 0
131548 0.00 0.00 0.00 0
131554 0.00 0.00 0.00 0
131555 0.00 0.00 0.00 0
131556 0.00 0.00 0.00 0
131557 0.00 0.00 0.00 0
131558 0.00 0.00 0.00 0
131559 0.00 0.00 0.00 0
131560 0.00 0.00 0.00 0
131561 0.00 0.00 0.00 0
131562 0.00 0.00 0.00 0
131563 0.00 0.00 0.00 0
131564 0.00 0.00 0.00 0
131565 0.00 0.00 0.00 0
131566 0.00 0.00 0.00 0
131567 0.00 0.00 0.00 0
131568 0.00 0.00 0.00 0
131569 0.00 0.00 0.00 0
131570 0.00 0.00 0.00 0
131571 0.00 0.00 0.00 0
131572 0.00 0.00 0.00 0
131573 0.00 0.00 0.00 0
131574 0.00 0.00 0.00 0
131575 0.00 0.00 0.00 0
131576 0.00 0.00 0.00 0
131577 0.00 0.00 0.00 0
131578 0.00 0.00 0.00 0
131579 0.00 0.00 0.00 0
131580 0.00 0.00 0.00 0
131581 0.00 0.00 0.00 0
131582 0.00 0.00 0.00 0
131583 0.00 0.00 0.00 0
132314 0.00 0.00 0.00 0
132315 0.00 0.00 0.00 0
132322 0.00 0.00 0.00 0
132323 0.00 0.00 0.00 0
132324 0.00 0.00 0.00 0
132325 0.00 0.00 0.00 0
132326 0.00 0.00 0.00 0
132331 0.00 0.00 0.00 0
132332 0.00 0.00 0.00 0
132333 0.00 0.00 0.00 0
132334 0.00 0.00 0.00 0
132335 0.00 0.00 0.00 0
132336 0.00 0.00 0.00 0
132337 0.00 0.00 0.00 0
132338 0.00 0.00 0.00 0
132339 0.00 0.00 0.00 0
132345 0.00 0.00 0.00 0
132346 0.00 0.00 0.00 0
132347 0.00 0.00 0.00 0
132348 0.00 0.00 0.00 0
132349 0.00 0.00 0.00 0
132350 0.00 0.00 0.00 0
132351 0.00 0.00 0.00 0
132352 0.00 0.00 0.00 0
132357 0.00 0.00 0.00 0
132358 0.00 0.00 0.00 0
132359 0.00 0.00 0.00 0
132360 0.00 0.00 0.00 0
132361 0.00 0.00 0.00 0
132362 0.00 0.00 0.00 0
132363 0.00 0.00 0.00 0
132364 0.00 0.00 0.00 0
132365 0.00 0.00 0.00 0
132366 0.00 0.00 0.00 0
132367 0.00 0.00 0.00 0
132368 0.00 0.00 0.00 0
132369 0.00 0.00 0.00 0
132370 0.00 0.00 0.00 0
132371 0.00 0.00 0.00 0
132372 0.00 0.00 0.00 0
132373 0.00 0.00 0.00 0
132374 0.00 0.00 0.00 0
132375 0.00 0.00 0.00 0
132376 0.00 0.00 0.00 0
132377 0.00 0.00 0.00 0
132378 0.00 0.00 0.00 0
132379 0.00 0.00 0.00 0
132380 0.00 0.00 0.00 0
132381 0.00 0.00 0.00 0
132382 0.00 0.00 0.00 0
132383 0.00 0.00 0.00 0
132384 0.00 0.00 0.00 0
132385 0.00 0.00 0.00 0
132386 0.00 0.00 0.00 0
133156 0.00 0.00 0.00 0
133165 0.00 0.00 0.00 0
133166 0.00 0.00 0.00 0
133167 0.00 0.00 0.00 0
133168 0.00 0.00 0.00 0
133172 0.00 0.00 0.00 0
133173 0.00 0.00 0.00 0
133174 0.00 0.00 0.00 0
133175 0.00 0.00 0.00 0
133176 0.00 0.00 0.00 0
133177 0.00 0.00 0.00 0
133182 0.00 0.00 0.00 0
133183 0.00 0.00 0.00 0
133184 0.00 0.00 0.00 0
133185 0.00 0.00 0.00 0
133186 0.00 0.00 0.00 0
133187 0.00 0.00 0.00 0
133191 0.00 0.00 0.00 0
133192 0.00 0.00 0.00 0
133193 0.00 0.00 0.00 0
133194 0.00 0.00 0.00 0
133195 0.00 0.00 0.00 0
133196 0.00 0.00 0.00 0
133197 0.00 0.00 0.00 0
133198 0.00 0.00 0.00 0
133199 0.00 0.00 0.00 0
133200 0.00 0.00 0.00 0
133201 0.00 0.00 0.00 0
133202 0.00 0.00 0.00 0
133203 0.00 0.00 0.00 0
133204 0.00 0.00 0.00 0
133205 0.00 0.00 0.00 0
133206 0.00 0.00 0.00 0
133207 0.00 0.00 0.00 0
133208 0.00 0.00 0.00 0
133209 0.00 0.00 0.00 0
133210 0.00 0.00 0.00 0
133211 0.00 0.00 0.00 0
133212 0.00 0.00 0.00 0
133213 0.00 0.00 0.00 0
133214 0.00 0.00 0.00 0
133215 0.00 0.00 0.00 0
133216 0.00 0.00 0.00 0
133217 0.00 0.00 0.00 0
133218 0.00 0.00 0.00 0
134008 0.00 0.00 0.00 0
134014 0.00 0.00 0.00 0
134015 0.00 0.00 0.00 0
134016 0.00 0.00 0.00 0
134020 0.00 0.00 0.00 0
134021 0.00 0.00 0.00 0
134022 0.00 0.00 0.00 0
134026 0.00 0.00 0.00 0
134027 0.00 0.00 0.00 0
134028 0.00 0.00 0.00 0
134029 0.00 0.00 0.00 0
134030 0.00 0.00 0.00 0
134031 0.00 0.00 0.00 0
134032 0.00 0.00 0.00 0
134033 0.00 0.00 0.00 0
134034 0.00 0.00 0.00 0
134035 0.00 0.00 0.00 0
134036 0.00 0.00 0.00 0
134037 0.00 0.00 0.00 0
134038 0.00 0.00 0.00 0
134039 0.00 0.00 0.00 0
134040 0.00 0.00 0.00 0
134041 0.00 0.00 0.00 0
134042 0.00 0.00 0.00 0
134043 0.00 0.00 0.00 0
134044 0.00 0.00 0.00 0
134045 0.00 0.00 0.00 0
134916 0.00 0.00 0.00 0
134917 0.00 0.00 0.00 0
134918 0.00 0.00 0.00 0
134919 0.00 0.00 0.00 0
134920 0.00 0.00 0.00 0
134921 0.00 0.00 0.00 0
134922 0.00 0.00 0.00 0
134923 0.00 0.00 0.00 0
134924 0.00 0.00 0.00 0
134925 0.00 0.00 0.00 0
134926 0.00 0.00 0.00 0
134927 0.00 0.00 0.00 0
134928 0.00 0.00 0.00 0
134929 0.00 0.00 0.00 0
134930 0.00 0.00 0.00 0
134931 0.00 0.00 0.00 0
134932 0.00 0.00 0.00 0
134933 0.00 0.00 0.00 0
134934 0.00 0.00 0.00 0
134935 0.00 0.00 0.00 0
134936 0.00 0.00 0.00 0
134937 0.00 0.00 0.00 0
134938 0.00 0.00 0.00 0
134939 0.00 0.00 0.00 0
134940 0.00 0.00 0.00 0
134941 0.00 0.00 0.00 0
134942 0.00 0.00 0.00 0
134943 0.00 0.00 0.00 0
134944 0.00 0.00 0.00 0
134945 0.00 0.00 0.00 0
134946 0.00 0.00 0.00 0
134947 0.00 0.00 0.00 0
134948 0.00 0.00 0.00 0
134949 0.00 0.00 0.00 0
134950 0.00 0.00 0.00 0
134951 0.00 0.00 0.00 0
134952 0.00 0.00 0.00 0
135754 0.00 0.00 0.00 0
135755 0.00 0.00 0.00 0
135756 0.00 0.00 0.00 0
135757 0.00 0.00 0.00 0
135758 0.00 0.00 0.00 0
135759 0.00 0.00 0.00 0
135760 0.00 0.00 0.00 0
135761 0.00 0.00 0.00 0
135762 0.00 0.00 0.00 0
135763 0.00 0.00 0.00 0
135764 0.00 0.00 0.00 0
135765 0.00 0.00 0.00 0
135766 0.00 0.00 0.00 0
135767 0.00 0.00 0.00 0
135768 0.00 0.00 0.00 0
135769 0.00 0.00 0.00 0
135770 0.00 0.00 0.00 0
135771 0.00 0.00 0.00 0
135772 0.00 0.00 0.00 0
135773 0.00 0.00 0.00 0
136521 0.00 0.00 0.00 0
136522 0.00 0.00 0.00 0
136523 0.00 0.00 0.00 0
136524 0.00 0.00 0.00 0
136525 0.00 0.00 0.00 0
136526 0.00 0.00 0.00 0
136527 0.00 0.00 0.00 0
136528 0.00 0.00 0.00 0
136529 0.00 0.00 0.00 0
136530 0.00 0.00 0.00 0
136531 0.00 0.00 0.00 0
136532 0.00 0.00 0.00 0
136533 0.00 0.00 0.00 0
136534 0.00 0.00 0.00 0
136535 0.00 0.00 0.00 0
137227 0.00 0.00 0.00 0
137228 0.00 0.00 0.00 0
137229 0.00 0.00 0.00 0
137230 0.00 0.00 0.00 0
137231 0.00 0.00 0.00 0
137232 0.00 0.00 0.00 0
137233 0.00 0.00 0.00 0
137234 0.00 0.00 0.00 0
137235 0.00 0.00 0.00 0
155178 0.00 0.00 0.00 0
155179 0.00 0.00 0.00 0
155180 0.00 0.00 0.00 0
155181 0.00 0.00 0.00 0
155182 0.00 0.00 0.00 0
155183 0.00 0.00 0.00 0
155184 0.00 0.00 0.00 0
155185 0.00 0.00 0.00 0
155186 0.00 0.00 0.00 0
155187 0.00 0.00 0.00 0
155188 0.00 0.00 0.00 0
155189 0.00 0.00 0.00 0
155190 0.00 0.00 0.00 0
155191 0.00 0.00 0.00 0
155192 0.00 0.00 0.00 0
155193 0.00 0.00 0.00 0
155194 0.00 0.00 0.00 0
155195 0.00 0.00 0.00 0
155196 0.00 0.00 0.00 0
155197 0.00 0.00 0.00 0
155198 0.00 0.00 0.00 0
155199 0.00 0.00 0.00 0
155200 0.00 0.00 0.00 0
155201 0.00 0.00 0.00 0
155202 0.00 0.00 0.00 0
155203 0.00 0.00 0.00 0
155204 0.00 0.00 0.00 0
155205 0.00 0.00 0.00 0
155206 0.00 0.00 0.00 0
155207 0.00 0.00 0.00 0
155208 0.00 0.00 0.00 0
155209 0.00 0.00 0.00 0
155210 0.00 0.00 0.00 0
155211 0.00 0.00 0.00 0
155212 0.00 0.00 0.00 0
155213 0.00 0.00 0.00 0
155214 0.00 0.00 0.00 0
155215 0.00 0.00 0.00 0
155216 0.00 0.00 0.00 0
155217 0.00 0.00 0.00 0
155218 0.00 0.00 0.00 0
155219 0.00 0.00 0.00 0
155220 0.00 0.00 0.00 0
155221 0.00 0.00 0.00 0
155222 0.00 0.00 0.00 0
