# transversetemporal
770
64118 0.00 0.00 0.00 0
65481 0.00 0.00 0.00 0
65490 0.00 0.00 0.00 0
65491 0.00 0.00 0.00 0
65500 0.00 0.00 0.00 0
65501 0.00 0.00 0.00 0
65502 0.00 0.00 0.00 0
65511 0.00 0.00 0.00 0
66771 0.00 0.00 0.00 0
66772 0.00 0.00 0.00 0
66783 0.00 0.00 0.00 0
66784 0.00 0.00 0.00 0
66785 0.00 0.00 0.00 0
66795 0.00 0.00 0.00 0
66796 0.00 0.00 0.00 0
66797 0.00 0.00 0.00 0
66803 0.00 0.00 0.00 0
66804 0.00 0.00 0.00 0
66815 0.00 0.00 0.00 0
68067 0.00 0.00 0.00 0
68088 0.00 0.00 0.00 0
68089 0.00 0.00 0.00 0
68090 0.00 0.00 0.00 0
68091 0.00 0.00 0.00 0
68092 0.00 0.00 0.00 0
68093 0.00 0.00 0.00 0
68107 0.00 0.00 0.00 0
68108 0.00 0.00 0.00 0
68109 0.00 0.00 0.00 0
68110 0.00 0.00 0.00 0
68113 0.00 0.00 0.00 0
68114 0.00 0.00 0.00 0
68115 0.00 0.00 0.00 0
68124 0.00 0.00 0.00 0
68125 0.00 0.00 0.00 0
68126 0.00 0.00 0.00 0
68127 0.00 0.00 0.00 0
68136 0.00 0.00 0.00 0
68137 0.00 0.00 0.00 0
68138 0.00 0.00 0.00 0
68139 0.00 0.00 0.00 0
68149 0.00 0.00 0.00 0
69341 0.00 0.00 0.00 0
69342 0.00 0.00 0.00 0
69343 0.00 0.00 0.00 0
69344 0.00 0.00 0.00 0
69345 0.00 0.00 0.00 0
69346 0.00 0.00 0.00 0
69365 0.00 0.00 0.00 0
69366 0.00 0.00 0.00 0
69367 0.00 0.00 0.00 0
69368 0.00 0.00 0.00 0
69369 0.00 0.00 0.00 0
69370 0.00 0.00 0.00 0
69371 0.00 0.00 0.00 0
69379 0.00 0.00 0.00 0
69380 0.00 0.00 0.00 0
69381 0.00 0.00 0.00 0
69391 0.00 0.00 0.00 0
69392 0.00 0.00 0.00 0
69393 0.00 0.00 0.00 0
69405 0.00 0.00 0.00 0
69406 0.00 0.00 0.00 0
69407 0.00 0.00 0.00 0
69408 0.00 0.00 0.00 0
69419 0.00 0.00 0.00 0
69420 0.00 0.00 0.00 0
69421 0.00 0.00 0.00 0
69432 0.00 0.00 0.00 0
70662 0.00 0.00 0.00 0
70663 0.00 0.00 0.00 0
70681 0.00 0.00 0.00 0
70682 0.00 0.00 0.00 0
70683 0.00 0.00 0.00 0
70684 0.00 0.00 0.00 0
70685 0.00 0.00 0.00 0
70686 0.00 0.00 0.00 0
70687 0.00 0.00 0.00 0
70697 0.00 0.00 0.00 0
70698 0.00 0.00 0.00 0
70699 0.00 0.00 0.00 0
70700 0.00 0.00 0.00 0
70701 0.00 0.00 0.00 0
70702 0.00 0.00 0.00 0
70703 0.00 0.00 0.00 0
70704 0.00 0.00 0.00 0
70705 0.00 0.00 0.00 0
70713 0.00 0.00 0.00 0
70714 0.00 0.00 0.00 0
70715 0.00 0.00 0.00 0
70716 0.00 0.00 0.00 0
70725 0.00 0.00 0.00 0
70726 0.00 0.00 0.00 0
70727 0.00 0.00 0.00 0
70737 0.00 0.00 0.00 0
70738 0.00 0.00 0.00 0
70739 0.00 0.00 0.00 0
70750 0.00 0.00 0.00 0
70751 0.00 0.00 0.00 0
70752 0.00 0.00 0.00 0
70766 0.00 0.00 0.00 0
71959 0.00 0.00 0.00 0
71960 0.00 0.00 0.00 0
71961 0.00 0.00 0.00 0
71974 0.00 0.00 0.00 0
71975 0.00 0.00 0.00 0
71976 0.00 0.00 0.00 0
71977 0.00 0.00 0.00 0
71978 0.00 0.00 0.00 0
71979 0.00 0.00 0.00 0
71980 0.00 0.00 0.00 0
71981 0.00 0.00 0.00 0
71982 0.00 0.00 0.00 0
71983 0.00 0.00 0.00 0
71989 0.00 0.00 0.00 0
71990 0.00 0.00 0.00 0
71991 0.00 0.00 0.00 0
71992 0.00 0.00 0.00 0
71993 0.00 0.00 0.00 0
71994 0.00 0.00 0.00 0
71995 0.00 0.00 0.00 0
71999 0.00 0.00 0.00 0
72000 0.00 0.00 0.00 0
72001 0.00 0.00 0.00 0
72002 0.00 0.00 0.00 0
72003 0.00 0.00 0.00 0
72010 0.00 0.00 0.00 0
72011 0.00 0.00 0.00 0
72012 0.00 0.00 0.00 0
72013 0.00 0.00 0.00 0
72023 0.00 0.00 0.00 0
72024 0.00 0.00 0.00 0
72025 0.00 0.00 0.00 0
72039 0.00 0.00 0.00 0
72040 0.00 0.00 0.00 0
73093 0.00 0.00 0.00 0
73094 0.00 0.00 0.00 0
73102 0.00 0.00 0.00 0
73103 0.00 0.00 0.00 0
73104 0.00 0.00 0.00 0
73105 0.00 0.00 0.00 0
73106 0.00 0.00 0.00 0
73107 0.00 0.00 0.00 0
73108 0.00 0.00 0.00 0
73109 0.00 0.00 0.00 0
73110 0.00 0.00 0.00 0
73117 0.00 0.00 0.00 0
73118 0.00 0.00 0.00 0
73119 0.00 0.00 0.00 0
73120 0.00 0.00 0.00 0
73121 0.00 0.00 0.00 0
73122 0.00 0.00 0.00 0
73123 0.00 0.00 0.00 0
73128 0.00 0.00 0.00 0
73129 0.00 0.00 0.00 0
73130 0.00 0.00 0.00 0
73131 0.00 0.00 0.00 0
73132 0.00 0.00 0.00 0
73137 0.00 0.00 0.00 0
73138 0.00 0.00 0.00 0
73139 0.00 0.00 0.00 0
73140 0.00 0.00 0.00 0
73148 0.00 0.00 0.00 0
73149 0.00 0.00 0.00 0
73150 0.00 0.00 0.00 0
73151 0.00 0.00 0.00 0
73152 0.00 0.00 0.00 0
73167 0.00 0.00 0.00 0
73168 0.00 0.00 0.00 0
73169 0.00 0.00 0.00 0
73183 0.00 0.00 0.00 0
73184 0.00 0.00 0.00 0
74213 0.00 0.00 0.00 0
74214 0.00 0.00 0.00 0
74215 0.00 0.00 0.00 0
74216 0.00 0.00 0.00 0
74223 0.00 0.00 0.00 0
74224 0.00 0.00 0.00 0
74225 0.00 0.00 0.00 0
74226 0.00 0.00 0.00 0
74227 0.00 0.00 0.00 0
74228 0.00 0.00 0.00 0
74229 0.00 0.00 0.00 0
74230 0.00 0.00 0.00 0
74235 0.00 0.00 0.00 0
74236 0.00 0.00 0.00 0
74237 0.00 0.00 0.00 0
74238 0.00 0.00 0.00 0
74239 0.00 0.00 0.00 0
74240 0.00 0.00 0.00 0
74241 0.00 0.00 0.00 0
74242 0.00 0.00 0.00 0
74243 0.00 0.00 0.00 0
74244 0.00 0.00 0.00 0
74249 0.00 0.00 0.00 0
74250 0.00 0.00 0.00 0
74251 0.00 0.00 0.00 0
74252 0.00 0.00 0.00 0
74253 0.00 0.00 0.00 0
74254 0.00 0.00 0.00 0
74260 0.00 0.00 0.00 0
74261 0.00 0.00 0.00 0
74262 0.00 0.00 0.00 0
74263 0.00 0.00 0.00 0
74264 0.00 0.00 0.00 0
74265 0.00 0.00 0.00 0
74266 0.00 0.00 0.00 0
74271 0.00 0.00 0.00 0
74272 0.00 0.00 0.00 0
74273 0.00 0.00 0.00 0
74274 0.00 0.00 0.00 0
74275 0.00 0.00 0.00 0
74276 0.00 0.00 0.00 0
74277 0.00 0.00 0.00 0
74286 0.00 0.00 0.00 0
74287 0.00 0.00 0.00 0
74288 0.00 0.00 0.00 0
74289 0.00 0.00 0.00 0
74290 0.00 0.00 0.00 0
74291 0.00 0.00 0.00 0
74307 0.00 0.00 0.00 0
74308 0.00 0.00 0.00 0
75387 0.00 0.00 0.00 0
75388 0.00 0.00 0.00 0
75389 0.00 0.00 0.00 0
75390 0.00 0.00 0.00 0
75396 0.00 0.00 0.00 0
75397 0.00 0.00 0.00 0
75398 0.00 0.00 0.00 0
75399 0.00 0.00 0.00 0
75400 0.00 0.00 0.00 0
75406 0.00 0.00 0.00 0
75407 0.00 0.00 0.00 0
75408 0.00 0.00 0.00 0
75409 0.00 0.00 0.00 0
75410 0.00 0.00 0.00 0
75411 0.00 0.00 0.00 0
75412 0.00 0.00 0.00 0
75413 0.00 0.00 0.00 0
75414 0.00 0.00 0.00 0
75415 0.00 0.00 0.00 0
75416 0.00 0.00 0.00 0
75420 0.00 0.00 0.00 0
75421 0.00 0.00 0.00 0
75422 0.00 0.00 0.00 0
75423 0.00 0.00 0.00 0
75424 0.00 0.00 0.00 0
75425 0.00 0.00 0.00 0
75426 0.00 0.00 0.00 0
75427 0.00 0.00 0.00 0
75428 0.00 0.00 0.00 0
75429 0.00 0.00 0.00 0
75433 0.00 0.00 0.00 0
75434 0.00 0.00 0.00 0
75435 0.00 0.00 0.00 0
75436 0.00 0.00 0.00 0
75437 0.00 0.00 0.00 0
75441 0.00 0.00 0.00 0
75442 0.00 0.00 0.00 0
75443 0.00 0.00 0.00 0
75444 0.00 0.00 0.00 0
75445 0.00 0.00 0.00 0
75446 0.00 0.00 0.00 0
75447 0.00 0.00 0.00 0
75448 0.00 0.00 0.00 0
75452 0.00 0.00 0.00 0
75453 0.00 0.00 0.00 0
75454 0.00 0.00 0.00 0
75455 0.00 0.00 0.00 0
75456 0.00 0.00 0.00 0
75457 0.00 0.00 0.00 0
75458 0.00 0.00 0.00 0
75459 0.00 0.00 0.00 0
75460 0.00 0.00 0.00 0
75467 0.00 0.00 0.00 0
75468 0.00 0.00 0.00 0
75469 0.00 0.00 0.00 0
75470 0.00 0.00 0.00 0
75471 0.00 0.00 0.00 0
75472 0.00 0.00 0.00 0
75487 0.00 0.00 0.00 0
75488 0.00 0.00 0.00 0
75489 0.00 0.00 0.00 0
75490 0.00 0.00 0.00 0
76652 0.00 0.00 0.00 0
76653 0.00 0.00 0.00 0
76654 0.00 0.00 0.00 0
76660 0.00 0.00 0.00 0
76661 0.00 0.00 0.00 0
76662 0.00 0.00 0.00 0
76663 0.00 0.00 0.00 0
76664 0.00 0.00 0.00 0
76665 0.00 0.00 0.00 0
76669 0.00 0.00 0.00 0
76670 0.00 0.00 0.00 0
76671 0.00 0.00 0.00 0
76672 0.00 0.00 0.00 0
76673 0.00 0.00 0.00 0
76674 0.00 0.00 0.00 0
76675 0.00 0.00 0.00 0
76679 0.00 0.00 0.00 0
76680 0.00 0.00 0.00 0
76681 0.00 0.00 0.00 0
76682 0.00 0.00 0.00 0
76683 0.00 0.00 0.00 0
76684 0.00 0.00 0.00 0
76685 0.00 0.00 0.00 0
76686 0.00 0.00 0.00 0
76687 0.00 0.00 0.00 0
76688 0.00 0.00 0.00 0
76689 0.00 0.00 0.00 0
76690 0.00 0.00 0.00 0
76695 0.00 0.00 0.00 0
76696 0.00 0.00 0.00 0
76697 0.00 0.00 0.00 0
76698 0.00 0.00 0.00 0
76699 0.00 0.00 0.00 0
76700 0.00 0.00 0.00 0
76704 0.00 0.00 0.00 0
76705 0.00 0.00 0.00 0
76706 0.00 0.00 0.00 0
76707 0.00 0.00 0.00 0
76708 0.00 0.00 0.00 0
76709 0.00 0.00 0.00 0
76715 0.00 0.00 0.00 0
76716 0.00 0.00 0.00 0
76717 0.00 0.00 0.00 0
76718 0.00 0.00 0.00 0
76719 0.00 0.00 0.00 0
76720 0.00 0.00 0.00 0
76721 0.00 0.00 0.00 0
76722 0.00 0.00 0.00 0
76727 0.00 0.00 0.00 0
76728 0.00 0.00 0.00 0
76729 0.00 0.00 0.00 0
76730 0.00 0.00 0.00 0
76731 0.00 0.00 0.00 0
76732 0.00 0.00 0.00 0
76733 0.00 0.00 0.00 0
76734 0.00 0.00 0.00 0
76744 0.00 0.00 0.00 0
76745 0.00 0.00 0.00 0
76746 0.00 0.00 0.00 0
76747 0.00 0.00 0.00 0
76748 0.00 0.00 0.00 0
76749 0.00 0.00 0.00 0
76764 0.00 0.00 0.00 0
76765 0.00 0.00 0.00 0
76766 0.00 0.00 0.00 0
77847 0.00 0.00 0.00 0
77848 0.00 0.00 0.00 0
77849 0.00 0.00 0.00 0
77850 0.00 0.00 0.00 0
77851 0.00 0.00 0.00 0
77852 0.00 0.00 0.00 0
77853 0.00 0.00 0.00 0
77858 0.00 0.00 0.00 0
77859 0.00 0.00 0.00 0
77860 0.00 0.00 0.00 0
77861 0.00 0.00 0.00 0
77862 0.00 0.00 0.00 0
77863 0.00 0.00 0.00 0
77864 0.00 0.00 0.00 0
77868 0.00 0.00 0.00 0
77869 0.00 0.00 0.00 0
77870 0.00 0.00 0.00 0
77871 0.00 0.00 0.00 0
77872 0.00 0.00 0.00 0
77873 0.00 0.00 0.00 0
77874 0.00 0.00 0.00 0
77875 0.00 0.00 0.00 0
77876 0.00 0.00 0.00 0
77877 0.00 0.00 0.00 0
77878 0.00 0.00 0.00 0
77883 0.00 0.00 0.00 0
77884 0.00 0.00 0.00 0
77885 0.00 0.00 0.00 0
77886 0.00 0.00 0.00 0
77887 0.00 0.00 0.00 0
77888 0.00 0.00 0.00 0
77889 0.00 0.00 0.00 0
77890 0.00 0.00 0.00 0
77891 0.00 0.00 0.00 0
77895 0.00 0.00 0.00 0
77896 0.00 0.00 0.00 0
77897 0.00 0.00 0.00 0
77898 0.00 0.00 0.00 0
77899 0.00 0.00 0.00 0
77905 0.00 0.00 0.00 0
77906 0.00 0.00 0.00 0
77907 0.00 0.00 0.00 0
77908 0.00 0.00 0.00 0
77909 0.00 0.00 0.00 0
77910 0.00 0.00 0.00 0
77916 0.00 0.00 0.00 0
77917 0.00 0.00 0.00 0
77918 0.00 0.00 0.00 0
77919 0.00 0.00 0.00 0
77924 0.00 0.00 0.00 0
77925 0.00 0.00 0.00 0
77926 0.00 0.00 0.00 0
77927 0.00 0.00 0.00 0
77939 0.00 0.00 0.00 0
77940 0.00 0.00 0.00 0
77941 0.00 0.00 0.00 0
77942 0.00 0.00 0.00 0
77943 0.00 0.00 0.00 0
77960 0.00 0.00 0.00 0
77961 0.00 0.00 0.00 0
79132 0.00 0.00 0.00 0
79133 0.00 0.00 0.00 0
79134 0.00 0.00 0.00 0
79135 0.00 0.00 0.00 0
79136 0.00 0.00 0.00 0
79137 0.00 0.00 0.00 0
79138 0.00 0.00 0.00 0
79143 0.00 0.00 0.00 0
79144 0.00 0.00 0.00 0
79145 0.00 0.00 0.00 0
79146 0.00 0.00 0.00 0
79147 0.00 0.00 0.00 0
79148 0.00 0.00 0.00 0
79153 0.00 0.00 0.00 0
79154 0.00 0.00 0.00 0
79155 0.00 0.00 0.00 0
79156 0.00 0.00 0.00 0
79157 0.00 0.00 0.00 0
79158 0.00 0.00 0.00 0
79159 0.00 0.00 0.00 0
79160 0.00 0.00 0.00 0
79161 0.00 0.00 0.00 0
79166 0.00 0.00 0.00 0
79167 0.00 0.00 0.00 0
79168 0.00 0.00 0.00 0
79169 0.00 0.00 0.00 0
79170 0.00 0.00 0.00 0
79171 0.00 0.00 0.00 0
79172 0.00 0.00 0.00 0
79173 0.00 0.00 0.00 0
79174 0.00 0.00 0.00 0
79175 0.00 0.00 0.00 0
79179 0.00 0.00 0.00 0
79180 0.00 0.00 0.00 0
79181 0.00 0.00 0.00 0
79182 0.00 0.00 0.00 0
79183 0.00 0.00 0.00 0
79188 0.00 0.00 0.00 0
79189 0.00 0.00 0.00 0
79190 0.00 0.00 0.00 0
79191 0.00 0.00 0.00 0
79192 0.00 0.00 0.00 0
79193 0.00 0.00 0.00 0
79197 0.00 0.00 0.00 0
79198 0.00 0.00 0.00 0
79199 0.00 0.00 0.00 0
79200 0.00 0.00 0.00 0
79201 0.00 0.00 0.00 0
79202 0.00 0.00 0.00 0
79207 0.00 0.00 0.00 0
79208 0.00 0.00 0.00 0
79209 0.00 0.00 0.00 0
79210 0.00 0.00 0.00 0
79222 0.00 0.00 0.00 0
79223 0.00 0.00 0.00 0
79224 0.00 0.00 0.00 0
79225 0.00 0.00 0.00 0
79226 0.00 0.00 0.00 0
79241 0.00 0.00 0.00 0
79242 0.00 0.00 0.00 0
79243 0.00 0.00 0.00 0
79244 0.00 0.00 0.00 0
80422 0.00 0.00 0.00 0
80423 0.00 0.00 0.00 0
80424 0.00 0.00 0.00 0
80425 0.00 0.00 0.00 0
80426 0.00 0.00 0.00 0
80427 0.00 0.00 0.00 0
80428 0.00 0.00 0.00 0
80432 0.00 0.00 0.00 0
80433 0.00 0.00 0.00 0
80434 0.00 0.00 0.00 0
80435 0.00 0.00 0.00 0
80436 0.00 0.00 0.00 0
80439 0.00 0.00 0.00 0
80440 0.00 0.00 0.00 0
80441 0.00 0.00 0.00 0
80442 0.00 0.00 0.00 0
80443 0.00 0.00 0.00 0
80444 0.00 0.00 0.00 0
80447 0.00 0.00 0.00 0
80448 0.00 0.00 0.00 0
80449 0.00 0.00 0.00 0
80450 0.00 0.00 0.00 0
80451 0.00 0.00 0.00 0
80452 0.00 0.00 0.00 0
80453 0.00 0.00 0.00 0
80454 0.00 0.00 0.00 0
80455 0.00 0.00 0.00 0
80456 0.00 0.00 0.00 0
80461 0.00 0.00 0.00 0
80462 0.00 0.00 0.00 0
80463 0.00 0.00 0.00 0
80464 0.00 0.00 0.00 0
80465 0.00 0.00 0.00 0
80469 0.00 0.00 0.00 0
80470 0.00 0.00 0.00 0
80471 0.00 0.00 0.00 0
80472 0.00 0.00 0.00 0
80477 0.00 0.00 0.00 0
80478 0.00 0.00 0.00 0
80479 0.00 0.00 0.00 0
80480 0.00 0.00 0.00 0
80481 0.00 0.00 0.00 0
80486 0.00 0.00 0.00 0
80487 0.00 0.00 0.00 0
80488 0.00 0.00 0.00 0
80489 0.00 0.00 0.00 0
80501 0.00 0.00 0.00 0
80502 0.00 0.00 0.00 0
80503 0.00 0.00 0.00 0
80516 0.00 0.00 0.00 0
80517 0.00 0.00 0.00 0
80518 0.00 0.00 0.00 0
80519 0.00 0.00 0.00 0
81674 0.00 0.00 0.00 0
81675 0.00 0.00 0.00 0
81676 0.00 0.00 0.00 0
81677 0.00 0.00 0.00 0
81678 0.00 0.00 0.00 0
81679 0.00 0.00 0.00 0
81680 0.00 0.00 0.00 0
81684 0.00 0.00 0.00 0
81685 0.00 0.00 0.00 0
81686 0.00 0.00 0.00 0
81687 0.00 0.00 0.00 0
81688 0.00 0.00 0.00 0
81695 0.00 0.00 0.00 0
81696 0.00 0.00 0.00 0
81697 0.00 0.00 0.00 0
81704 0.00 0.00 0.00 0
81705 0.00 0.00 0.00 0
81706 0.00 0.00 0.00 0
81707 0.00 0.00 0.00 0
81708 0.00 0.00 0.00 0
81709 0.00 0.00 0.00 0
81717 0.00 0.00 0.00 0
81718 0.00 0.00 0.00 0
81719 0.00 0.00 0.00 0
81725 0.00 0.00 0.00 0
81726 0.00 0.00 0.00 0
81727 0.00 0.00 0.00 0
81734 0.00 0.00 0.00 0
81735 0.00 0.00 0.00 0
81740 0.00 0.00 0.00 0
81741 0.00 0.00 0.00 0
81753 0.00 0.00 0.00 0
81754 0.00 0.00 0.00 0
81755 0.00 0.00 0.00 0
82871 0.00 0.00 0.00 0
82872 0.00 0.00 0.00 0
82873 0.00 0.00 0.00 0
82874 0.00 0.00 0.00 0
82875 0.00 0.00 0.00 0
82876 0.00 0.00 0.00 0
82881 0.00 0.00 0.00 0
82882 0.00 0.00 0.00 0
82883 0.00 0.00 0.00 0
82884 0.00 0.00 0.00 0
82885 0.00 0.00 0.00 0
82886 0.00 0.00 0.00 0
82895 0.00 0.00 0.00 0
82896 0.00 0.00 0.00 0
82897 0.00 0.00 0.00 0
82898 0.00 0.00 0.00 0
82899 0.00 0.00 0.00 0
82909 0.00 0.00 0.00 0
82910 0.00 0.00 0.00 0
82911 0.00 0.00 0.00 0
82912 0.00 0.00 0.00 0
82913 0.00 0.00 0.00 0
82922 0.00 0.00 0.00 0
82923 0.00 0.00 0.00 0
82924 0.00 0.00 0.00 0
82932 0.00 0.00 0.00 0
82933 0.00 0.00 0.00 0
82934 0.00 0.00 0.00 0
82942 0.00 0.00 0.00 0
82943 0.00 0.00 0.00 0
82944 0.00 0.00 0.00 0
82949 0.00 0.00 0.00 0
82950 0.00 0.00 0.00 0
82951 0.00 0.00 0.00 0
82964 0.00 0.00 0.00 0
82965 0.00 0.00 0.00 0
82966 0.00 0.00 0.00 0
84091 0.00 0.00 0.00 0
84092 0.00 0.00 0.00 0
84093 0.00 0.00 0.00 0
84099 0.00 0.00 0.00 0
84100 0.00 0.00 0.00 0
84101 0.00 0.00 0.00 0
84102 0.00 0.00 0.00 0
84103 0.00 0.00 0.00 0
84113 0.00 0.00 0.00 0
84114 0.00 0.00 0.00 0
84115 0.00 0.00 0.00 0
84116 0.00 0.00 0.00 0
84117 0.00 0.00 0.00 0
84118 0.00 0.00 0.00 0
84119 0.00 0.00 0.00 0
84120 0.00 0.00 0.00 0
84121 0.00 0.00 0.00 0
84133 0.00 0.00 0.00 0
84134 0.00 0.00 0.00 0
84135 0.00 0.00 0.00 0
84136 0.00 0.00 0.00 0
84149 0.00 0.00 0.00 0
84150 0.00 0.00 0.00 0
84160 0.00 0.00 0.00 0
84161 0.00 0.00 0.00 0
84162 0.00 0.00 0.00 0
84163 0.00 0.00 0.00 0
84164 0.00 0.00 0.00 0
84174 0.00 0.00 0.00 0
84175 0.00 0.00 0.00 0
84176 0.00 0.00 0.00 0
84177 0.00 0.00 0.00 0
84182 0.00 0.00 0.00 0
84183 0.00 0.00 0.00 0
84184 0.00 0.00 0.00 0
84196 0.00 0.00 0.00 0
84197 0.00 0.00 0.00 0
85350 0.00 0.00 0.00 0
85351 0.00 0.00 0.00 0
85356 0.00 0.00 0.00 0
85357 0.00 0.00 0.00 0
85358 0.00 0.00 0.00 0
85359 0.00 0.00 0.00 0
85368 0.00 0.00 0.00 0
85369 0.00 0.00 0.00 0
85370 0.00 0.00 0.00 0
85371 0.00 0.00 0.00 0
85372 0.00 0.00 0.00 0
85373 0.00 0.00 0.00 0
85374 0.00 0.00 0.00 0
85375 0.00 0.00 0.00 0
85376 0.00 0.00 0.00 0
85377 0.00 0.00 0.00 0
85384 0.00 0.00 0.00 0
85385 0.00 0.00 0.00 0
85386 0.00 0.00 0.00 0
85387 0.00 0.00 0.00 0
85388 0.00 0.00 0.00 0
85389 0.00 0.00 0.00 0
85390 0.00 0.00 0.00 0
85404 0.00 0.00 0.00 0
85405 0.00 0.00 0.00 0
85406 0.00 0.00 0.00 0
85407 0.00 0.00 0.00 0
85408 0.00 0.00 0.00 0
85424 0.00 0.00 0.00 0
85425 0.00 0.00 0.00 0
85426 0.00 0.00 0.00 0
85427 0.00 0.00 0.00 0
85428 0.00 0.00 0.00 0
85441 0.00 0.00 0.00 0
85442 0.00 0.00 0.00 0
85443 0.00 0.00 0.00 0
85452 0.00 0.00 0.00 0
85453 0.00 0.00 0.00 0
85454 0.00 0.00 0.00 0
85455 0.00 0.00 0.00 0
85470 0.00 0.00 0.00 0
86660 0.00 0.00 0.00 0
86661 0.00 0.00 0.00 0
86672 0.00 0.00 0.00 0
86673 0.00 0.00 0.00 0
86674 0.00 0.00 0.00 0
86675 0.00 0.00 0.00 0
86676 0.00 0.00 0.00 0
86677 0.00 0.00 0.00 0
86678 0.00 0.00 0.00 0
86679 0.00 0.00 0.00 0
86680 0.00 0.00 0.00 0
86681 0.00 0.00 0.00 0
86692 0.00 0.00 0.00 0
86693 0.00 0.00 0.00 0
86694 0.00 0.00 0.00 0
86695 0.00 0.00 0.00 0
86696 0.00 0.00 0.00 0
86697 0.00 0.00 0.00 0
86698 0.00 0.00 0.00 0
86699 0.00 0.00 0.00 0
86700 0.00 0.00 0.00 0
86713 0.00 0.00 0.00 0
86714 0.00 0.00 0.00 0
86715 0.00 0.00 0.00 0
86716 0.00 0.00 0.00 0
86717 0.00 0.00 0.00 0
86731 0.00 0.00 0.00 0
86732 0.00 0.00 0.00 0
86746 0.00 0.00 0.00 0
86747 0.00 0.00 0.00 0
86758 0.00 0.00 0.00 0
86759 0.00 0.00 0.00 0
86760 0.00 0.00 0.00 0
86761 0.00 0.00 0.00 0
87979 0.00 0.00 0.00 0
87980 0.00 0.00 0.00 0
87981 0.00 0.00 0.00 0
87982 0.00 0.00 0.00 0
87983 0.00 0.00 0.00 0
87984 0.00 0.00 0.00 0
87994 0.00 0.00 0.00 0
87995 0.00 0.00 0.00 0
87996 0.00 0.00 0.00 0
87997 0.00 0.00 0.00 0
87998 0.00 0.00 0.00 0
87999 0.00 0.00 0.00 0
88000 0.00 0.00 0.00 0
88009 0.00 0.00 0.00 0
88010 0.00 0.00 0.00 0
88022 0.00 0.00 0.00 0
88023 0.00 0.00 0.00 0
88037 0.00 0.00 0.00 0
88038 0.00 0.00 0.00 0
88039 0.00 0.00 0.00 0
88054 0.00 0.00 0.00 0
88055 0.00 0.00 0.00 0
89220 0.00 0.00 0.00 0
89221 0.00 0.00 0.00 0
89222 0.00 0.00 0.00 0
89231 0.00 0.00 0.00 0
89232 0.00 0.00 0.00 0
89233 0.00 0.00 0.00 0
89234 0.00 0.00 0.00 0
89235 0.00 0.00 0.00 0
89245 0.00 0.00 0.00 0
89246 0.00 0.00 0.00 0
89252 0.00 0.00 0.00 0
89253 0.00 0.00 0.00 0
89260 0.00 0.00 0.00 0
89261 0.00 0.00 0.00 0
89262 0.00 0.00 0.00 0
89276 0.00 0.00 0.00 0
90434 0.00 0.00 0.00 0
90435 0.00 0.00 0.00 0
90443 0.00 0.00 0.00 0
90444 0.00 0.00 0.00 0
90445 0.00 0.00 0.00 0
90446 0.00 0.00 0.00 0
90456 0.00 0.00 0.00 0
90464 0.00 0.00 0.00 0
90465 0.00 0.00 0.00 0
90474 0.00 0.00 0.00 0
90475 0.00 0.00 0.00 0
91627 0.00 0.00 0.00 0
91628 0.00 0.00 0.00 0
91629 0.00 0.00 0.00 0
91641 0.00 0.00 0.00 0
91642 0.00 0.00 0.00 0
91651 0.00 0.00 0.00 0
91652 0.00 0.00 0.00 0
91661 0.00 0.00 0.00 0
91662 0.00 0.00 0.00 0
92795 0.00 0.00 0.00 0
92809 0.00 0.00 0.00 0
92810 0.00 0.00 0.00 0
92820 0.00 0.00 0.00 0
92821 0.00 0.00 0.00 0
