# transversetemporal
733
64854 0.00 0.00 0.00 0
64865 0.00 0.00 0.00 0
64866 0.00 0.00 0.00 0
64873 0.00 0.00 0.00 0
66314 0.00 0.00 0.00 0
66315 0.00 0.00 0.00 0
66316 0.00 0.00 0.00 0
66337 0.00 0.00 0.00 0
66338 0.00 0.00 0.00 0
66348 0.00 0.00 0.00 0
66349 0.00 0.00 0.00 0
66352 0.00 0.00 0.00 0
67673 0.00 0.00 0.00 0
67674 0.00 0.00 0.00 0
67675 0.00 0.00 0.00 0
67686 0.00 0.00 0.00 0
67687 0.00 0.00 0.00 0
67688 0.00 0.00 0.00 0
67693 0.00 0.00 0.00 0
67694 0.00 0.00 0.00 0
67695 0.00 0.00 0.00 0
67704 0.00 0.00 0.00 0
68964 0.00 0.00 0.00 0
68965 0.00 0.00 0.00 0
68966 0.00 0.00 0.00 0
68978 0.00 0.00 0.00 0
68979 0.00 0.00 0.00 0
68980 0.00 0.00 0.00 0
68990 0.00 0.00 0.00 0
68991 0.00 0.00 0.00 0
68992 0.00 0.00 0.00 0
68993 0.00 0.00 0.00 0
69006 0.00 0.00 0.00 0
69007 0.00 0.00 0.00 0
70163 0.00 0.00 0.00 0
70164 0.00 0.00 0.00 0
70165 0.00 0.00 0.00 0
70166 0.00 0.00 0.00 0
70177 0.00 0.00 0.00 0
70178 0.00 0.00 0.00 0
70179 0.00 0.00 0.00 0
70180 0.00 0.00 0.00 0
70181 0.00 0.00 0.00 0
70189 0.00 0.00 0.00 0
70190 0.00 0.00 0.00 0
70191 0.00 0.00 0.00 0
70201 0.00 0.00 0.00 0
70202 0.00 0.00 0.00 0
70203 0.00 0.00 0.00 0
70213 0.00 0.00 0.00 0
70227 0.00 0.00 0.00 0
71447 0.00 0.00 0.00 0
71448 0.00 0.00 0.00 0
71449 0.00 0.00 0.00 0
71454 0.00 0.00 0.00 0
71455 0.00 0.00 0.00 0
71456 0.00 0.00 0.00 0
71457 0.00 0.00 0.00 0
71458 0.00 0.00 0.00 0
71464 0.00 0.00 0.00 0
71465 0.00 0.00 0.00 0
71466 0.00 0.00 0.00 0
71471 0.00 0.00 0.00 0
71472 0.00 0.00 0.00 0
71473 0.00 0.00 0.00 0
71474 0.00 0.00 0.00 0
71481 0.00 0.00 0.00 0
71482 0.00 0.00 0.00 0
71490 0.00 0.00 0.00 0
71491 0.00 0.00 0.00 0
72678 0.00 0.00 0.00 0
72679 0.00 0.00 0.00 0
72680 0.00 0.00 0.00 0
72686 0.00 0.00 0.00 0
72687 0.00 0.00 0.00 0
72688 0.00 0.00 0.00 0
72689 0.00 0.00 0.00 0
72690 0.00 0.00 0.00 0
72695 0.00 0.00 0.00 0
72696 0.00 0.00 0.00 0
72697 0.00 0.00 0.00 0
72698 0.00 0.00 0.00 0
72699 0.00 0.00 0.00 0
72705 0.00 0.00 0.00 0
72706 0.00 0.00 0.00 0
72707 0.00 0.00 0.00 0
72708 0.00 0.00 0.00 0
72712 0.00 0.00 0.00 0
72713 0.00 0.00 0.00 0
72714 0.00 0.00 0.00 0
72722 0.00 0.00 0.00 0
72723 0.00 0.00 0.00 0
72734 0.00 0.00 0.00 0
72735 0.00 0.00 0.00 0
73903 0.00 0.00 0.00 0
73904 0.00 0.00 0.00 0
73905 0.00 0.00 0.00 0
73914 0.00 0.00 0.00 0
73915 0.00 0.00 0.00 0
73919 0.00 0.00 0.00 0
73920 0.00 0.00 0.00 0
73921 0.00 0.00 0.00 0
73925 0.00 0.00 0.00 0
73926 0.00 0.00 0.00 0
73927 0.00 0.00 0.00 0
73928 0.00 0.00 0.00 0
73932 0.00 0.00 0.00 0
73933 0.00 0.00 0.00 0
73934 0.00 0.00 0.00 0
73935 0.00 0.00 0.00 0
73940 0.00 0.00 0.00 0
73941 0.00 0.00 0.00 0
73942 0.00 0.00 0.00 0
73958 0.00 0.00 0.00 0
73959 0.00 0.00 0.00 0
73981 0.00 0.00 0.00 0
75139 0.00 0.00 0.00 0
75140 0.00 0.00 0.00 0
75141 0.00 0.00 0.00 0
75151 0.00 0.00 0.00 0
75152 0.00 0.00 0.00 0
75153 0.00 0.00 0.00 0
75154 0.00 0.00 0.00 0
75157 0.00 0.00 0.00 0
75158 0.00 0.00 0.00 0
75159 0.00 0.00 0.00 0
75160 0.00 0.00 0.00 0
75161 0.00 0.00 0.00 0
75165 0.00 0.00 0.00 0
75166 0.00 0.00 0.00 0
75167 0.00 0.00 0.00 0
75168 0.00 0.00 0.00 0
75171 0.00 0.00 0.00 0
75172 0.00 0.00 0.00 0
75173 0.00 0.00 0.00 0
75174 0.00 0.00 0.00 0
75175 0.00 0.00 0.00 0
75184 0.00 0.00 0.00 0
75185 0.00 0.00 0.00 0
75186 0.00 0.00 0.00 0
75187 0.00 0.00 0.00 0
75207 0.00 0.00 0.00 0
75208 0.00 0.00 0.00 0
75209 0.00 0.00 0.00 0
75210 0.00 0.00 0.00 0
75211 0.00 0.00 0.00 0
75232 0.00 0.00 0.00 0
75233 0.00 0.00 0.00 0
75234 0.00 0.00 0.00 0
75235 0.00 0.00 0.00 0
75260 0.00 0.00 0.00 0
76447 0.00 0.00 0.00 0
76448 0.00 0.00 0.00 0
76449 0.00 0.00 0.00 0
76454 0.00 0.00 0.00 0
76455 0.00 0.00 0.00 0
76456 0.00 0.00 0.00 0
76457 0.00 0.00 0.00 0
76461 0.00 0.00 0.00 0
76462 0.00 0.00 0.00 0
76463 0.00 0.00 0.00 0
76464 0.00 0.00 0.00 0
76465 0.00 0.00 0.00 0
76469 0.00 0.00 0.00 0
76470 0.00 0.00 0.00 0
76471 0.00 0.00 0.00 0
76472 0.00 0.00 0.00 0
76473 0.00 0.00 0.00 0
76482 0.00 0.00 0.00 0
76483 0.00 0.00 0.00 0
76484 0.00 0.00 0.00 0
76485 0.00 0.00 0.00 0
76486 0.00 0.00 0.00 0
76503 0.00 0.00 0.00 0
76504 0.00 0.00 0.00 0
76505 0.00 0.00 0.00 0
76506 0.00 0.00 0.00 0
76507 0.00 0.00 0.00 0
76523 0.00 0.00 0.00 0
76524 0.00 0.00 0.00 0
76525 0.00 0.00 0.00 0
76526 0.00 0.00 0.00 0
76527 0.00 0.00 0.00 0
76545 0.00 0.00 0.00 0
76546 0.00 0.00 0.00 0
76547 0.00 0.00 0.00 0
76548 0.00 0.00 0.00 0
76564 0.00 0.00 0.00 0
76565 0.00 0.00 0.00 0
77659 0.00 0.00 0.00 0
77660 0.00 0.00 0.00 0
77661 0.00 0.00 0.00 0
77662 0.00 0.00 0.00 0
77663 0.00 0.00 0.00 0
77668 0.00 0.00 0.00 0
77669 0.00 0.00 0.00 0
77670 0.00 0.00 0.00 0
77671 0.00 0.00 0.00 0
77672 0.00 0.00 0.00 0
77673 0.00 0.00 0.00 0
77674 0.00 0.00 0.00 0
77687 0.00 0.00 0.00 0
77688 0.00 0.00 0.00 0
77689 0.00 0.00 0.00 0
77690 0.00 0.00 0.00 0
77707 0.00 0.00 0.00 0
77708 0.00 0.00 0.00 0
77709 0.00 0.00 0.00 0
77710 0.00 0.00 0.00 0
77711 0.00 0.00 0.00 0
77722 0.00 0.00 0.00 0
77723 0.00 0.00 0.00 0
77724 0.00 0.00 0.00 0
77725 0.00 0.00 0.00 0
77726 0.00 0.00 0.00 0
77727 0.00 0.00 0.00 0
77739 0.00 0.00 0.00 0
77740 0.00 0.00 0.00 0
77741 0.00 0.00 0.00 0
77742 0.00 0.00 0.00 0
77755 0.00 0.00 0.00 0
77756 0.00 0.00 0.00 0
77757 0.00 0.00 0.00 0
77764 0.00 0.00 0.00 0
77765 0.00 0.00 0.00 0
77766 0.00 0.00 0.00 0
77767 0.00 0.00 0.00 0
77772 0.00 0.00 0.00 0
77773 0.00 0.00 0.00 0
78990 0.00 0.00 0.00 0
78991 0.00 0.00 0.00 0
78998 0.00 0.00 0.00 0
78999 0.00 0.00 0.00 0
79000 0.00 0.00 0.00 0
79001 0.00 0.00 0.00 0
79002 0.00 0.00 0.00 0
79003 0.00 0.00 0.00 0
79004 0.00 0.00 0.00 0
79005 0.00 0.00 0.00 0
79019 0.00 0.00 0.00 0
79020 0.00 0.00 0.00 0
79021 0.00 0.00 0.00 0
79022 0.00 0.00 0.00 0
79023 0.00 0.00 0.00 0
79024 0.00 0.00 0.00 0
79038 0.00 0.00 0.00 0
79039 0.00 0.00 0.00 0
79040 0.00 0.00 0.00 0
79041 0.00 0.00 0.00 0
79042 0.00 0.00 0.00 0
79043 0.00 0.00 0.00 0
79055 0.00 0.00 0.00 0
79056 0.00 0.00 0.00 0
79057 0.00 0.00 0.00 0
79058 0.00 0.00 0.00 0
79073 0.00 0.00 0.00 0
79074 0.00 0.00 0.00 0
79087 0.00 0.00 0.00 0
79088 0.00 0.00 0.00 0
79089 0.00 0.00 0.00 0
79102 0.00 0.00 0.00 0
79103 0.00 0.00 0.00 0
79104 0.00 0.00 0.00 0
79105 0.00 0.00 0.00 0
79120 0.00 0.00 0.00 0
79121 0.00 0.00 0.00 0
79122 0.00 0.00 0.00 0
80386 0.00 0.00 0.00 0
80387 0.00 0.00 0.00 0
80388 0.00 0.00 0.00 0
80389 0.00 0.00 0.00 0
80390 0.00 0.00 0.00 0
80391 0.00 0.00 0.00 0
80406 0.00 0.00 0.00 0
80407 0.00 0.00 0.00 0
80408 0.00 0.00 0.00 0
80409 0.00 0.00 0.00 0
80410 0.00 0.00 0.00 0
80411 0.00 0.00 0.00 0
80423 0.00 0.00 0.00 0
80424 0.00 0.00 0.00 0
80425 0.00 0.00 0.00 0
80426 0.00 0.00 0.00 0
80427 0.00 0.00 0.00 0
80441 0.00 0.00 0.00 0
80442 0.00 0.00 0.00 0
80443 0.00 0.00 0.00 0
80444 0.00 0.00 0.00 0
80445 0.00 0.00 0.00 0
80460 0.00 0.00 0.00 0
80461 0.00 0.00 0.00 0
80462 0.00 0.00 0.00 0
80470 0.00 0.00 0.00 0
80471 0.00 0.00 0.00 0
80472 0.00 0.00 0.00 0
80485 0.00 0.00 0.00 0
80486 0.00 0.00 0.00 0
80487 0.00 0.00 0.00 0
80502 0.00 0.00 0.00 0
80503 0.00 0.00 0.00 0
80504 0.00 0.00 0.00 0
80505 0.00 0.00 0.00 0
80521 0.00 0.00 0.00 0
80522 0.00 0.00 0.00 0
81690 0.00 0.00 0.00 0
81691 0.00 0.00 0.00 0
81692 0.00 0.00 0.00 0
81693 0.00 0.00 0.00 0
81705 0.00 0.00 0.00 0
81706 0.00 0.00 0.00 0
81707 0.00 0.00 0.00 0
81708 0.00 0.00 0.00 0
81709 0.00 0.00 0.00 0
81710 0.00 0.00 0.00 0
81711 0.00 0.00 0.00 0
81723 0.00 0.00 0.00 0
81724 0.00 0.00 0.00 0
81725 0.00 0.00 0.00 0
81726 0.00 0.00 0.00 0
81742 0.00 0.00 0.00 0
81743 0.00 0.00 0.00 0
81744 0.00 0.00 0.00 0
81745 0.00 0.00 0.00 0
81746 0.00 0.00 0.00 0
81747 0.00 0.00 0.00 0
81758 0.00 0.00 0.00 0
81759 0.00 0.00 0.00 0
81760 0.00 0.00 0.00 0
81761 0.00 0.00 0.00 0
81771 0.00 0.00 0.00 0
81772 0.00 0.00 0.00 0
81784 0.00 0.00 0.00 0
81796 0.00 0.00 0.00 0
81797 0.00 0.00 0.00 0
81812 0.00 0.00 0.00 0
81813 0.00 0.00 0.00 0
82929 0.00 0.00 0.00 0
82930 0.00 0.00 0.00 0
82931 0.00 0.00 0.00 0
82932 0.00 0.00 0.00 0
82933 0.00 0.00 0.00 0
82934 0.00 0.00 0.00 0
82935 0.00 0.00 0.00 0
82950 0.00 0.00 0.00 0
82951 0.00 0.00 0.00 0
82952 0.00 0.00 0.00 0
82967 0.00 0.00 0.00 0
82968 0.00 0.00 0.00 0
82969 0.00 0.00 0.00 0
82970 0.00 0.00 0.00 0
82971 0.00 0.00 0.00 0
82972 0.00 0.00 0.00 0
82973 0.00 0.00 0.00 0
82981 0.00 0.00 0.00 0
82982 0.00 0.00 0.00 0
82983 0.00 0.00 0.00 0
82984 0.00 0.00 0.00 0
82985 0.00 0.00 0.00 0
82986 0.00 0.00 0.00 0
82991 0.00 0.00 0.00 0
82992 0.00 0.00 0.00 0
83000 0.00 0.00 0.00 0
83001 0.00 0.00 0.00 0
83009 0.00 0.00 0.00 0
83010 0.00 0.00 0.00 0
83020 0.00 0.00 0.00 0
84129 0.00 0.00 0.00 0
84130 0.00 0.00 0.00 0
84131 0.00 0.00 0.00 0
84132 0.00 0.00 0.00 0
84133 0.00 0.00 0.00 0
84134 0.00 0.00 0.00 0
84147 0.00 0.00 0.00 0
84148 0.00 0.00 0.00 0
84149 0.00 0.00 0.00 0
84150 0.00 0.00 0.00 0
84151 0.00 0.00 0.00 0
84152 0.00 0.00 0.00 0
84170 0.00 0.00 0.00 0
84171 0.00 0.00 0.00 0
84172 0.00 0.00 0.00 0
84190 0.00 0.00 0.00 0
84191 0.00 0.00 0.00 0
84192 0.00 0.00 0.00 0
84193 0.00 0.00 0.00 0
84194 0.00 0.00 0.00 0
84195 0.00 0.00 0.00 0
84211 0.00 0.00 0.00 0
84212 0.00 0.00 0.00 0
84213 0.00 0.00 0.00 0
84214 0.00 0.00 0.00 0
84215 0.00 0.00 0.00 0
84216 0.00 0.00 0.00 0
84224 0.00 0.00 0.00 0
84225 0.00 0.00 0.00 0
84233 0.00 0.00 0.00 0
84234 0.00 0.00 0.00 0
85368 0.00 0.00 0.00 0
85369 0.00 0.00 0.00 0
85370 0.00 0.00 0.00 0
85371 0.00 0.00 0.00 0
85372 0.00 0.00 0.00 0
85373 0.00 0.00 0.00 0
85382 0.00 0.00 0.00 0
85383 0.00 0.00 0.00 0
85384 0.00 0.00 0.00 0
85385 0.00 0.00 0.00 0
85386 0.00 0.00 0.00 0
85398 0.00 0.00 0.00 0
85399 0.00 0.00 0.00 0
85400 0.00 0.00 0.00 0
85401 0.00 0.00 0.00 0
85420 0.00 0.00 0.00 0
85421 0.00 0.00 0.00 0
85422 0.00 0.00 0.00 0
85423 0.00 0.00 0.00 0
85424 0.00 0.00 0.00 0
85425 0.00 0.00 0.00 0
85426 0.00 0.00 0.00 0
85433 0.00 0.00 0.00 0
85434 0.00 0.00 0.00 0
86562 0.00 0.00 0.00 0
86563 0.00 0.00 0.00 0
86564 0.00 0.00 0.00 0
86565 0.00 0.00 0.00 0
86566 0.00 0.00 0.00 0
86574 0.00 0.00 0.00 0
86575 0.00 0.00 0.00 0
86576 0.00 0.00 0.00 0
86577 0.00 0.00 0.00 0
86578 0.00 0.00 0.00 0
86579 0.00 0.00 0.00 0
86586 0.00 0.00 0.00 0
86587 0.00 0.00 0.00 0
86588 0.00 0.00 0.00 0
86589 0.00 0.00 0.00 0
86590 0.00 0.00 0.00 0
86591 0.00 0.00 0.00 0
86606 0.00 0.00 0.00 0
86607 0.00 0.00 0.00 0
86608 0.00 0.00 0.00 0
86609 0.00 0.00 0.00 0
86610 0.00 0.00 0.00 0
86611 0.00 0.00 0.00 0
86612 0.00 0.00 0.00 0
86613 0.00 0.00 0.00 0
86614 0.00 0.00 0.00 0
86622 0.00 0.00 0.00 0
86623 0.00 0.00 0.00 0
86624 0.00 0.00 0.00 0
87758 0.00 0.00 0.00 0
87759 0.00 0.00 0.00 0
87760 0.00 0.00 0.00 0
87761 0.00 0.00 0.00 0
87769 0.00 0.00 0.00 0
87770 0.00 0.00 0.00 0
87771 0.00 0.00 0.00 0
87772 0.00 0.00 0.00 0
87773 0.00 0.00 0.00 0
87774 0.00 0.00 0.00 0
87775 0.00 0.00 0.00 0
87776 0.00 0.00 0.00 0
87787 0.00 0.00 0.00 0
87788 0.00 0.00 0.00 0
87789 0.00 0.00 0.00 0
87790 0.00 0.00 0.00 0
87791 0.00 0.00 0.00 0
87792 0.00 0.00 0.00 0
87793 0.00 0.00 0.00 0
87794 0.00 0.00 0.00 0
87795 0.00 0.00 0.00 0
87808 0.00 0.00 0.00 0
87809 0.00 0.00 0.00 0
87810 0.00 0.00 0.00 0
87811 0.00 0.00 0.00 0
87812 0.00 0.00 0.00 0
87813 0.00 0.00 0.00 0
87814 0.00 0.00 0.00 0
87815 0.00 0.00 0.00 0
87819 0.00 0.00 0.00 0
87820 0.00 0.00 0.00 0
87821 0.00 0.00 0.00 0
87827 0.00 0.00 0.00 0
87828 0.00 0.00 0.00 0
88912 0.00 0.00 0.00 0
88913 0.00 0.00 0.00 0
88914 0.00 0.00 0.00 0
88915 0.00 0.00 0.00 0
88916 0.00 0.00 0.00 0
88917 0.00 0.00 0.00 0
88918 0.00 0.00 0.00 0
88931 0.00 0.00 0.00 0
88932 0.00 0.00 0.00 0
88933 0.00 0.00 0.00 0
88934 0.00 0.00 0.00 0
88935 0.00 0.00 0.00 0
88936 0.00 0.00 0.00 0
88937 0.00 0.00 0.00 0
88938 0.00 0.00 0.00 0
88939 0.00 0.00 0.00 0
88940 0.00 0.00 0.00 0
88941 0.00 0.00 0.00 0
88957 0.00 0.00 0.00 0
88958 0.00 0.00 0.00 0
88959 0.00 0.00 0.00 0
88960 0.00 0.00 0.00 0
88961 0.00 0.00 0.00 0
88962 0.00 0.00 0.00 0
88963 0.00 0.00 0.00 0
88974 0.00 0.00 0.00 0
88975 0.00 0.00 0.00 0
88976 0.00 0.00 0.00 0
88977 0.00 0.00 0.00 0
88978 0.00 0.00 0.00 0
88979 0.00 0.00 0.00 0
88980 0.00 0.00 0.00 0
88984 0.00 0.00 0.00 0
88985 0.00 0.00 0.00 0
88986 0.00 0.00 0.00 0
88987 0.00 0.00 0.00 0
88993 0.00 0.00 0.00 0
88994 0.00 0.00 0.00 0
90156 0.00 0.00 0.00 0
90157 0.00 0.00 0.00 0
90158 0.00 0.00 0.00 0
90163 0.00 0.00 0.00 0
90164 0.00 0.00 0.00 0
90165 0.00 0.00 0.00 0
90166 0.00 0.00 0.00 0
90167 0.00 0.00 0.00 0
90168 0.00 0.00 0.00 0
90169 0.00 0.00 0.00 0
90170 0.00 0.00 0.00 0
90171 0.00 0.00 0.00 0
90172 0.00 0.00 0.00 0
90173 0.00 0.00 0.00 0
90174 0.00 0.00 0.00 0
90175 0.00 0.00 0.00 0
90189 0.00 0.00 0.00 0
90190 0.00 0.00 0.00 0
90191 0.00 0.00 0.00 0
90192 0.00 0.00 0.00 0
90193 0.00 0.00 0.00 0
90194 0.00 0.00 0.00 0
90195 0.00 0.00 0.00 0
90196 0.00 0.00 0.00 0
90197 0.00 0.00 0.00 0
90213 0.00 0.00 0.00 0
90214 0.00 0.00 0.00 0
90215 0.00 0.00 0.00 0
90216 0.00 0.00 0.00 0
90221 0.00 0.00 0.00 0
90222 0.00 0.00 0.00 0
90223 0.00 0.00 0.00 0
90224 0.00 0.00 0.00 0
90225 0.00 0.00 0.00 0
90229 0.00 0.00 0.00 0
90230 0.00 0.00 0.00 0
90242 0.00 0.00 0.00 0
91501 0.00 0.00 0.00 0
91502 0.00 0.00 0.00 0
91503 0.00 0.00 0.00 0
91507 0.00 0.00 0.00 0
91508 0.00 0.00 0.00 0
91509 0.00 0.00 0.00 0
91510 0.00 0.00 0.00 0
91511 0.00 0.00 0.00 0
91512 0.00 0.00 0.00 0
91513 0.00 0.00 0.00 0
91514 0.00 0.00 0.00 0
91515 0.00 0.00 0.00 0
91516 0.00 0.00 0.00 0
91517 0.00 0.00 0.00 0
91530 0.00 0.00 0.00 0
91531 0.00 0.00 0.00 0
91532 0.00 0.00 0.00 0
91533 0.00 0.00 0.00 0
91534 0.00 0.00 0.00 0
91547 0.00 0.00 0.00 0
91548 0.00 0.00 0.00 0
91549 0.00 0.00 0.00 0
91554 0.00 0.00 0.00 0
91555 0.00 0.00 0.00 0
91556 0.00 0.00 0.00 0
91557 0.00 0.00 0.00 0
91558 0.00 0.00 0.00 0
91562 0.00 0.00 0.00 0
91563 0.00 0.00 0.00 0
91564 0.00 0.00 0.00 0
91582 0.00 0.00 0.00 0
91583 0.00 0.00 0.00 0
92691 0.00 0.00 0.00 0
92692 0.00 0.00 0.00 0
92693 0.00 0.00 0.00 0
92694 0.00 0.00 0.00 0
92698 0.00 0.00 0.00 0
92699 0.00 0.00 0.00 0
92700 0.00 0.00 0.00 0
92701 0.00 0.00 0.00 0
92702 0.00 0.00 0.00 0
92703 0.00 0.00 0.00 0
92704 0.00 0.00 0.00 0
92705 0.00 0.00 0.00 0
92706 0.00 0.00 0.00 0
92707 0.00 0.00 0.00 0
92720 0.00 0.00 0.00 0
92721 0.00 0.00 0.00 0
92722 0.00 0.00 0.00 0
92723 0.00 0.00 0.00 0
92737 0.00 0.00 0.00 0
92738 0.00 0.00 0.00 0
92739 0.00 0.00 0.00 0
92740 0.00 0.00 0.00 0
92741 0.00 0.00 0.00 0
92746 0.00 0.00 0.00 0
92747 0.00 0.00 0.00 0
92748 0.00 0.00 0.00 0
92749 0.00 0.00 0.00 0
92750 0.00 0.00 0.00 0
92755 0.00 0.00 0.00 0
92756 0.00 0.00 0.00 0
93860 0.00 0.00 0.00 0
93861 0.00 0.00 0.00 0
93862 0.00 0.00 0.00 0
93863 0.00 0.00 0.00 0
93867 0.00 0.00 0.00 0
93868 0.00 0.00 0.00 0
93869 0.00 0.00 0.00 0
93870 0.00 0.00 0.00 0
93871 0.00 0.00 0.00 0
93872 0.00 0.00 0.00 0
93883 0.00 0.00 0.00 0
93884 0.00 0.00 0.00 0
93885 0.00 0.00 0.00 0
93886 0.00 0.00 0.00 0
93887 0.00 0.00 0.00 0
93901 0.00 0.00 0.00 0
93902 0.00 0.00 0.00 0
93903 0.00 0.00 0.00 0
93904 0.00 0.00 0.00 0
93905 0.00 0.00 0.00 0
93912 0.00 0.00 0.00 0
93913 0.00 0.00 0.00 0
93914 0.00 0.00 0.00 0
94979 0.00 0.00 0.00 0
94980 0.00 0.00 0.00 0
94981 0.00 0.00 0.00 0
94982 0.00 0.00 0.00 0
94983 0.00 0.00 0.00 0
94989 0.00 0.00 0.00 0
94990 0.00 0.00 0.00 0
94991 0.00 0.00 0.00 0
94992 0.00 0.00 0.00 0
94993 0.00 0.00 0.00 0
94994 0.00 0.00 0.00 0
95005 0.00 0.00 0.00 0
95006 0.00 0.00 0.00 0
95007 0.00 0.00 0.00 0
95008 0.00 0.00 0.00 0
95009 0.00 0.00 0.00 0
95010 0.00 0.00 0.00 0
95011 0.00 0.00 0.00 0
95028 0.00 0.00 0.00 0
95029 0.00 0.00 0.00 0
95030 0.00 0.00 0.00 0
95031 0.00 0.00 0.00 0
95032 0.00 0.00 0.00 0
95033 0.00 0.00 0.00 0
95034 0.00 0.00 0.00 0
95040 0.00 0.00 0.00 0
95041 0.00 0.00 0.00 0
96094 0.00 0.00 0.00 0
96095 0.00 0.00 0.00 0
96096 0.00 0.00 0.00 0
96097 0.00 0.00 0.00 0
96101 0.00 0.00 0.00 0
96102 0.00 0.00 0.00 0
96103 0.00 0.00 0.00 0
96104 0.00 0.00 0.00 0
96105 0.00 0.00 0.00 0
96112 0.00 0.00 0.00 0
96113 0.00 0.00 0.00 0
96114 0.00 0.00 0.00 0
96115 0.00 0.00 0.00 0
96116 0.00 0.00 0.00 0
96117 0.00 0.00 0.00 0
96136 0.00 0.00 0.00 0
96137 0.00 0.00 0.00 0
96138 0.00 0.00 0.00 0
96139 0.00 0.00 0.00 0
96140 0.00 0.00 0.00 0
97162 0.00 0.00 0.00 0
97163 0.00 0.00 0.00 0
97164 0.00 0.00 0.00 0
97165 0.00 0.00 0.00 0
97169 0.00 0.00 0.00 0
97170 0.00 0.00 0.00 0
97171 0.00 0.00 0.00 0
97172 0.00 0.00 0.00 0
97173 0.00 0.00 0.00 0
97174 0.00 0.00 0.00 0
97180 0.00 0.00 0.00 0
97181 0.00 0.00 0.00 0
97182 0.00 0.00 0.00 0
97183 0.00 0.00 0.00 0
97184 0.00 0.00 0.00 0
97202 0.00 0.00 0.00 0
97203 0.00 0.00 0.00 0
98197 0.00 0.00 0.00 0
98198 0.00 0.00 0.00 0
98199 0.00 0.00 0.00 0
98200 0.00 0.00 0.00 0
98204 0.00 0.00 0.00 0
98205 0.00 0.00 0.00 0
98206 0.00 0.00 0.00 0
98207 0.00 0.00 0.00 0
98212 0.00 0.00 0.00 0
98213 0.00 0.00 0.00 0
98214 0.00 0.00 0.00 0
98215 0.00 0.00 0.00 0
98230 0.00 0.00 0.00 0
98232 0.00 0.00 0.00 0
99272 0.00 0.00 0.00 0
99273 0.00 0.00 0.00 0
99274 0.00 0.00 0.00 0
99275 0.00 0.00 0.00 0
99280 0.00 0.00 0.00 0
99281 0.00 0.00 0.00 0
99282 0.00 0.00 0.00 0
99283 0.00 0.00 0.00 0
99290 0.00 0.00 0.00 0
99291 0.00 0.00 0.00 0
99292 0.00 0.00 0.00 0
