# Label from mne_analyze
883
62238 32.02 -27.26 -12.60 0
62239 31.33 -26.88 -12.42 0
63485 28.47 -25.35 -11.55 0
63492 29.49 -25.75 -12.02 0
63493 28.97 -25.62 -11.71 0
63500 32.33 -27.18 -12.91 0
63501 31.68 -26.66 -12.89 0
63502 30.79 -26.31 -12.53 0
63503 30.21 -26.15 -12.22 0
63519 33.75 -27.64 -13.56 0
63520 32.87 -27.28 -13.23 0
63521 32.29 -26.94 -13.11 0
64871 28.07 -24.95 -11.61 0
64872 27.40 -24.38 -11.59 0
64873 26.58 -23.59 -11.68 0
64879 29.26 -25.30 -12.25 0
64880 28.52 -24.99 -11.96 0
64881 27.77 -24.27 -12.03 0
64888 31.55 -26.14 -13.23 0
64889 30.89 -25.93 -12.93 0
64890 29.96 -25.58 -12.54 0
64898 34.98 -27.81 -14.29 0
64899 34.15 -27.39 -14.05 0
64900 33.23 -26.98 -13.74 0
64901 32.30 -26.60 -13.39 0
66351 27.08 -23.69 -12.01 0
66352 26.37 -23.18 -11.91 0
66357 29.07 -24.85 -12.50 0
66358 28.25 -24.33 -12.34 0
66359 27.65 -23.90 -12.26 0
66365 31.07 -25.57 -13.33 0
66366 30.31 -25.28 -13.03 0
66367 29.66 -24.99 -12.81 0
66375 35.22 -27.65 -14.59 0
66376 34.71 -27.15 -14.62 0
66377 33.65 -26.66 -14.26 0
66378 32.70 -26.25 -13.92 0
66379 31.83 -25.88 -13.62 0
66388 36.71 -28.05 -15.33 0
66389 35.65 -27.58 -14.94 0
66390 35.14 -27.08 -14.97 0
67686 25.30 -22.22 -11.92 0
67693 25.93 -22.65 -12.05 0
67703 27.26 -23.39 -12.41 0
67704 26.58 -23.03 -12.22 0
67712 29.23 -24.56 -12.84 0
67713 28.60 -24.14 -12.73 0
67714 27.92 -23.78 -12.55 0
67722 31.29 -25.19 -13.74 0
67723 30.55 -24.94 -13.43 0
67724 29.76 -24.61 -13.15 0
67725 29.09 -24.16 -13.03 0
67731 34.83 -26.66 -15.06 0
67732 34.06 -26.30 -14.79 0
67733 33.08 -25.87 -14.44 0
67734 32.13 -25.48 -14.08 0
67742 37.63 -27.69 -16.27 0
67743 37.10 -27.65 -15.91 0
67744 36.15 -27.25 -15.54 0
67745 35.39 -26.91 -15.26 0
67759 38.16 -28.14 -16.33 0
68978 24.81 -21.53 -12.16 0
68979 24.15 -21.10 -11.98 0
68990 26.05 -22.14 -12.59 0
68991 25.53 -21.99 -12.33 0
69006 26.73 -22.68 -12.61 0
69007 26.15 -22.51 -12.36 0
69018 28.16 -23.67 -12.79 0
69019 27.64 -23.21 -12.80 0
69026 30.78 -24.63 -13.78 0
69027 30.12 -24.32 -13.57 0
69028 29.36 -23.94 -13.35 0
69029 28.49 -23.52 -13.10 0
69030 27.83 -22.89 -13.13 0
69034 35.03 -25.95 -15.67 0
69035 34.61 -25.97 -15.38 0
69036 33.50 -25.46 -14.98 0
69037 32.47 -25.02 -14.60 0
69038 31.42 -24.61 -14.19 0
69040 37.29 -27.25 -16.33 0
69041 36.57 -26.89 -16.08 0
69042 35.50 -26.35 -15.73 0
69043 35.08 -26.48 -15.36 0
69045 38.64 -27.93 -16.85 0
69046 37.94 -27.41 -16.69 0
69057 39.41 -28.21 -17.24 0
70163 23.50 -19.98 -12.44 0
70177 24.87 -20.91 -12.75 0
70178 24.25 -20.65 -12.48 0
70179 23.65 -20.43 -12.17 0
70189 25.54 -21.49 -12.76 0
70190 24.99 -21.32 -12.49 0
70201 26.33 -21.98 -12.90 0
70213 27.14 -22.45 -13.04 0
70223 30.51 -24.05 -13.97 0
70224 29.74 -23.67 -13.74 0
70225 28.99 -23.29 -13.54 0
70226 28.25 -22.77 -13.45 0
70227 27.62 -22.45 -13.31 0
70237 36.42 -25.86 -16.64 0
70238 35.75 -25.58 -16.37 0
70239 34.98 -25.51 -15.91 0
70240 33.92 -25.00 -15.53 0
70241 32.88 -24.54 -15.14 0
70242 31.87 -24.12 -14.76 0
70243 30.94 -23.72 -14.42 0
70244 30.10 -23.34 -14.15 0
70245 29.35 -23.01 -13.91 0
70246 28.76 -22.76 -13.73 0
70253 38.42 -26.77 -17.45 0
70254 38.02 -26.66 -17.23 0
70255 37.19 -26.57 -16.72 0
70256 36.17 -26.20 -16.27 0
70257 35.60 -25.92 -16.07 0
70266 38.62 -26.81 -17.57 0
70267 38.68 -27.27 -17.33 0
70268 37.96 -26.98 -17.00 0
70279 40.01 -28.08 -17.80 0
70280 39.42 -27.62 -17.65 0
71447 23.07 -19.40 -12.55 0
71448 22.42 -18.81 -12.46 0
71454 24.47 -20.26 -12.98 0
71455 23.63 -19.58 -12.85 0
71456 22.88 -18.82 -12.83 0
71464 25.18 -20.78 -13.06 0
71471 26.44 -21.29 -13.44 0
71472 25.93 -21.24 -13.19 0
71481 26.98 -21.61 -13.52 0
71482 26.67 -21.78 -13.23 0
71489 28.22 -21.96 -13.93 0
71490 27.70 -22.01 -13.63 0
71491 27.22 -22.07 -13.34 0
71500 38.29 -25.72 -17.91 0
71501 37.73 -25.51 -17.65 0
71502 36.98 -25.28 -17.29 0
71503 36.15 -25.13 -16.86 0
71504 35.21 -24.79 -16.46 0
71505 34.28 -24.44 -16.07 0
71506 33.28 -24.01 -15.68 0
71507 32.26 -23.59 -15.29 0
71508 31.30 -23.22 -14.92 0
71509 30.43 -22.91 -14.59 0
71510 29.64 -22.62 -14.30 0
71511 28.85 -22.33 -14.04 0
71512 28.35 -22.38 -13.75 0
71521 38.56 -26.03 -17.94 0
71522 38.34 -26.31 -17.65 0
71523 37.52 -26.03 -17.25 0
71524 36.85 -25.78 -16.95 0
71532 38.83 -26.30 -17.99 0
71533 39.04 -26.86 -17.83 0
71534 39.26 -27.32 -17.73 0
71538 40.58 -27.82 -18.39 0
71539 39.66 -27.36 -17.99 0
71540 39.45 -27.44 -17.80 0
72678 23.96 -18.72 -13.84 0
72679 23.71 -18.49 -13.82 0
72680 23.57 -18.29 -13.84 0
72686 24.22 -19.07 -13.73 0
72687 23.77 -18.76 -13.63 0
72688 23.47 -18.33 -13.71 0
72689 21.94 -18.21 -12.52 0
72695 24.72 -19.55 -13.66 0
72696 24.11 -19.42 -13.36 0
72697 23.21 -18.50 -13.32 0
72698 22.16 -17.76 -12.94 0
72699 21.61 -17.75 -12.54 0
72705 25.32 -20.09 -13.64 0
72706 24.86 -20.13 -13.34 0
72707 21.71 -16.92 -13.06 0
72708 21.33 -16.84 -12.81 0
72712 25.98 -20.69 -13.59 0
72713 25.45 -20.60 -13.36 0
72714 20.56 -15.87 -12.66 0
72722 27.05 -20.86 -14.01 0
72723 26.67 -21.05 -13.71 0
72730 38.09 -24.20 -18.44 0
72731 37.72 -24.28 -18.18 0
72732 35.73 -23.69 -17.30 0
72733 35.32 -23.61 -17.11 0
72734 27.73 -21.38 -14.03 0
72735 27.22 -21.39 -13.77 0
72738 39.52 -25.19 -18.94 0
72739 38.82 -24.90 -18.62 0
72740 38.01 -24.94 -18.09 0
72741 37.23 -24.76 -17.69 0
72742 36.38 -24.41 -17.35 0
72743 35.48 -24.16 -16.94 0
72744 34.65 -23.87 -16.58 0
72745 33.70 -23.44 -16.23 0
72746 32.65 -22.99 -15.83 0
72747 31.63 -22.63 -15.42 0
72748 30.67 -22.29 -15.05 0
72749 29.93 -22.21 -14.69 0
72750 29.19 -21.87 -14.48 0
72751 28.45 -21.63 -14.24 0
72753 39.98 -25.77 -19.00 0
72754 39.44 -25.77 -18.65 0
72755 38.77 -25.75 -18.21 0
72756 30.40 -21.82 -15.14 0
72757 30.08 -21.79 -14.99 0
72758 29.60 -21.72 -14.78 0
72760 40.25 -26.11 -19.03 0
72761 40.11 -26.41 -18.80 0
72762 39.42 -26.52 -18.28 0
72763 39.45 -26.94 -18.08 0
72765 41.26 -27.26 -19.17 0
72766 40.77 -27.23 -18.84 0
72767 40.04 -27.06 -18.42 0
72768 39.65 -26.98 -18.20 0
73903 24.04 -18.64 -13.95 0
73904 23.87 -18.49 -13.94 0
73905 23.68 -18.28 -13.93 0
73914 24.22 -18.80 -13.93 0
73915 23.47 -18.03 -13.89 0
73919 24.61 -19.08 -13.93 0
73920 23.15 -17.82 -13.73 0
73921 22.60 -17.40 -13.50 0
73925 25.42 -19.21 -14.20 0
73926 25.23 -19.45 -13.99 0
73927 21.87 -16.53 -13.38 0
73928 21.50 -16.51 -13.12 0
73932 25.97 -19.50 -14.27 0
73933 25.77 -20.04 -13.88 0
73934 21.56 -15.75 -13.52 0
73935 21.15 -15.72 -13.23 0
73940 26.83 -20.17 -14.29 0
73941 26.37 -20.40 -13.95 0
73942 20.28 -14.53 -13.10 0
73947 41.42 -23.48 -20.74 0
73948 40.83 -23.47 -20.38 0
73949 40.17 -23.41 -19.99 0
73950 39.45 -23.38 -19.57 0
73951 38.71 -23.34 -19.14 0
73952 38.02 -23.38 -18.72 0
73953 37.34 -23.62 -18.23 0
73954 36.50 -23.31 -17.88 0
73955 35.84 -23.15 -17.58 0
73956 35.13 -23.05 -17.23 0
73957 34.65 -22.59 -17.16 0
73958 27.95 -20.48 -14.63 0
73959 27.49 -20.68 -14.31 0
73965 41.84 -24.31 -20.72 0
73966 41.35 -24.28 -20.42 0
73967 40.76 -24.32 -20.04 0
73968 40.07 -24.30 -19.63 0
73969 39.32 -24.33 -19.15 0
73970 38.60 -24.04 -18.81 0
73971 37.43 -24.34 -17.99 0
73972 36.86 -24.04 -17.78 0
73973 36.26 -23.73 -17.58 0
73974 34.96 -23.52 -16.94 0
73975 34.25 -22.85 -16.82 0
73976 33.12 -22.42 -16.36 0
73977 31.93 -21.81 -15.98 0
73978 31.01 -21.85 -15.46 0
73979 30.59 -21.84 -15.24 0
73980 28.63 -21.12 -14.62 0
73981 28.05 -21.07 -14.36 0
73984 42.04 -24.76 -20.69 0
73985 41.80 -24.85 -20.50 0
73986 41.43 -25.23 -20.13 0
73987 40.67 -25.16 -19.68 0
73988 40.02 -25.13 -19.28 0
73989 31.45 -21.04 -16.07 0
73990 30.98 -21.16 -15.77 0
73991 30.28 -21.34 -15.32 0
73992 29.60 -21.28 -15.01 0
73993 29.22 -21.40 -14.76 0
73995 41.77 -26.10 -20.01 0
73996 41.19 -25.97 -19.69 0
73997 40.52 -25.96 -19.27 0
73998 40.37 -26.26 -19.04 0
74002 42.17 -26.76 -20.01 0
74003 41.63 -26.67 -19.69 0
74004 41.07 -26.68 -19.31 0
74005 40.57 -26.52 -19.06 0
74018 42.02 -27.31 -19.68 0
74019 41.54 -27.13 -19.42 0
75139 24.17 -18.64 -14.01 0
75140 24.05 -18.48 -14.04 0
75141 23.84 -18.29 -14.02 0
75151 24.56 -18.55 -14.22 0
75152 24.41 -18.59 -14.13 0
75153 24.01 -18.15 -14.15 0
75154 23.68 -17.99 -14.05 0
75157 24.74 -18.58 -14.27 0
75158 24.90 -18.93 -14.15 0
75159 23.78 -17.72 -14.20 0
75160 23.36 -17.42 -14.07 0
75161 22.88 -17.17 -13.84 0
75165 25.30 -18.72 -14.39 0
75166 25.20 -19.09 -14.18 0
75167 22.89 -16.63 -14.08 0
75168 22.43 -16.55 -13.79 0
75171 26.41 -18.32 -15.01 0
75172 26.10 -18.51 -14.80 0
75173 22.50 -15.97 -14.09 0
75174 21.90 -15.53 -13.86 0
75175 21.35 -15.18 -13.63 0
75180 41.18 -22.00 -21.05 0
75181 40.95 -22.00 -20.91 0
75182 40.45 -21.96 -20.62 0
75183 39.92 -21.80 -20.35 0
75184 26.78 -18.70 -14.99 0
75185 26.78 -19.42 -14.65 0
75186 21.35 -14.38 -13.98 0
75187 20.85 -14.44 -13.59 0
75192 43.58 -21.04 -23.15 0
75193 43.29 -21.28 -22.81 0
75194 42.80 -21.58 -22.31 0
75195 42.21 -21.93 -21.77 0
75196 41.52 -22.39 -21.15 0
75197 40.92 -22.66 -20.69 0
75198 40.31 -22.62 -20.34 0
75199 39.57 -22.36 -19.97 0
75200 38.83 -22.47 -19.51 0
75201 38.02 -22.38 -19.07 0
75202 37.37 -22.66 -18.61 0
75203 36.71 -22.69 -18.23 0
75204 36.02 -22.57 -17.90 0
75205 35.39 -22.49 -17.59 0
75206 34.89 -22.42 -17.35 0
75207 28.04 -19.28 -15.26 0
75208 27.67 -19.53 -14.99 0
75209 27.34 -20.07 -14.57 0
75210 20.79 -13.44 -13.99 0
75211 20.22 -13.34 -13.60 0
75217 44.54 -21.79 -23.90 0
75218 44.35 -21.96 -23.60 0
75219 43.89 -21.85 -23.15 0
75220 43.42 -22.34 -22.55 0
75221 42.93 -22.72 -22.02 0
75222 42.43 -23.15 -21.51 0
75223 42.05 -23.72 -21.05 0
75224 37.33 -21.90 -18.86 0
75225 36.80 -21.98 -18.55 0
75226 36.20 -21.96 -18.23 0
75227 35.52 -21.80 -17.92 0
75228 34.92 -21.90 -17.56 0
75229 34.34 -22.01 -17.21 0
75230 33.50 -21.82 -16.83 0
75231 32.67 -21.55 -16.49 0
75232 28.49 -19.67 -15.28 0
75233 28.53 -20.37 -14.95 0
75234 20.51 -11.67 -14.54 0
75235 20.38 -12.26 -14.20 0
75236 19.73 -12.07 -13.77 0
75241 45.06 -22.59 -24.27 0
75242 44.77 -22.50 -23.90 0
75243 44.41 -22.87 -23.32 0
75244 44.00 -23.14 -22.78 0
75245 43.56 -23.47 -22.25 0
75246 43.11 -23.83 -21.76 0
75247 42.69 -24.24 -21.31 0
75248 42.33 -24.70 -20.90 0
75249 42.16 -25.14 -20.63 0
75250 41.92 -25.33 -20.41 0
75251 34.96 -21.34 -17.79 0
75252 34.44 -21.29 -17.53 0
75253 33.74 -21.15 -17.21 0
75254 32.89 -20.90 -16.87 0
75255 31.92 -20.75 -16.43 0
75256 30.98 -20.41 -16.10 0
75257 30.23 -20.46 -15.71 0
75258 29.38 -20.45 -15.31 0
75259 29.07 -20.93 -14.93 0
75260 20.20 -11.32 -14.47 0
75261 19.81 -11.20 -14.22 0
75268 45.21 -23.46 -24.09 0
75269 44.89 -23.74 -23.52 0
75270 44.52 -24.01 -22.97 0
75271 44.11 -24.24 -22.46 0
75272 43.69 -24.53 -21.97 0
75273 43.28 -24.84 -21.52 0
75274 42.89 -25.17 -21.11 0
75275 42.56 -25.48 -20.77 0
75276 42.25 -25.68 -20.49 0
75277 41.93 -25.72 -20.27 0
75285 44.61 -25.04 -22.64 0
75286 44.22 -25.24 -22.16 0
75287 43.82 -25.49 -21.71 0
75288 43.42 -25.74 -21.29 0
75289 43.03 -25.97 -20.91 0
75290 42.64 -26.14 -20.58 0
75291 42.24 -26.20 -20.29 0
75301 44.68 -25.95 -22.35 0
75302 44.31 -26.17 -21.89 0
75303 43.91 -26.38 -21.45 0
75304 43.50 -26.56 -21.05 0
75305 43.08 -26.69 -20.68 0
75306 42.65 -26.77 -20.34 0
76447 24.56 -18.43 -14.27 0
76448 24.37 -18.14 -14.31 0
76449 24.07 -17.78 -14.32 0
76454 24.78 -18.20 -14.44 0
76455 24.44 -17.63 -14.52 0
76456 23.83 -17.19 -14.40 0
76457 23.31 -16.69 -14.31 0
76461 25.76 -17.45 -15.12 0
76462 25.34 -17.63 -14.87 0
76463 24.33 -16.75 -14.78 0
76464 23.58 -16.25 -14.61 0
76465 22.94 -15.92 -14.38 0
76469 26.90 -17.43 -15.58 0
76470 26.36 -17.73 -15.24 0
76471 25.93 -17.97 -14.97 0
76472 22.37 -15.17 -14.33 0
76473 21.84 -14.67 -14.19 0
76478 41.05 -21.58 -21.10 0
76479 40.54 -21.38 -20.84 0
76480 40.04 -21.28 -20.56 0
76481 39.76 -21.32 -20.39 0
76482 27.94 -17.71 -15.89 0
76483 27.49 -17.74 -15.70 0
76484 27.38 -18.61 -15.28 0
76485 22.03 -14.22 -14.49 0
76486 21.59 -14.00 -14.31 0
76491 44.85 -19.99 -25.15 0
76492 44.60 -20.22 -24.65 0
76493 44.26 -20.41 -24.13 0
76494 43.84 -20.67 -23.54 0
76495 43.27 -20.37 -23.10 0
76496 42.74 -20.47 -22.63 0
76497 42.15 -20.72 -22.10 0
76498 41.42 -20.99 -21.52 0
76499 39.68 -20.97 -20.44 0
76500 39.39 -21.22 -20.20 0
76501 38.87 -21.60 -19.80 0
76502 38.32 -21.71 -19.46 0
76503 28.25 -18.03 -15.89 0
76504 28.20 -18.83 -15.53 0
76505 27.82 -19.07 -15.26 0
76506 21.61 -13.33 -14.58 0
76507 21.19 -13.35 -14.31 0
76513 44.95 -20.92 -24.90 0
76514 44.69 -21.41 -24.27 0
76515 44.31 -21.28 -23.82 0
76516 44.11 -21.44 -23.53 0
76517 38.83 -20.87 -19.99 0
76518 38.28 -20.91 -19.68 0
76519 37.56 -21.17 -19.22 0
76520 36.89 -21.29 -18.83 0
76521 36.32 -21.32 -18.51 0
76522 35.82 -21.35 -18.24 0
76523 29.01 -18.67 -15.94 0
76524 29.13 -19.50 -15.64 0
76525 21.07 -11.52 -14.96 0
76526 21.03 -12.11 -14.70 0
76527 20.84 -12.80 -14.30 0
76534 45.10 -22.02 -24.61 0
76535 44.92 -22.13 -24.26 0
76536 36.93 -20.69 -19.04 0
76537 36.39 -20.64 -18.78 0
76538 35.79 -20.70 -18.45 0
76539 35.29 -20.95 -18.10 0
76540 34.65 -20.75 -17.84 0
76541 33.99 -20.55 -17.56 0
76542 33.23 -20.28 -17.28 0
76543 32.29 -19.82 -16.98 0
76544 31.24 -19.63 -16.56 0
76545 30.06 -19.39 -16.10 0
76546 29.70 -19.96 -15.69 0
76547 20.89 -11.08 -15.01 0
76548 20.45 -10.97 -14.78 0
76558 35.37 -20.41 -18.33 0
76559 34.92 -20.27 -18.14 0
76560 34.29 -20.03 -17.90 0
76561 33.59 -19.77 -17.64 0
76562 32.86 -19.45 -17.40 0
76563 32.28 -19.07 -17.26 0
76564 20.56 -10.24 -15.12 0
77659 25.59 -16.97 -15.23 0
77660 24.88 -16.22 -15.21 0
77661 23.95 -15.50 -15.05 0
77662 23.20 -15.37 -14.73 0
77663 22.79 -15.25 -14.54 0
77668 27.59 -16.55 -16.20 0
77669 26.87 -16.80 -15.81 0
77670 25.91 -16.46 -15.55 0
77671 25.36 -16.28 -15.40 0
77672 23.70 -14.71 -15.21 0
77673 23.32 -14.72 -15.02 0
77674 22.67 -14.51 -14.75 0
77678 44.51 -18.29 -25.32 0
77679 44.20 -18.32 -24.84 0
77680 43.84 -18.43 -24.35 0
77681 43.42 -18.53 -23.87 0
77682 42.98 -18.56 -23.44 0
77683 42.70 -18.53 -23.20 0
77684 40.67 -20.73 -21.11 0
77685 40.09 -20.71 -20.76 0
77686 39.80 -20.80 -20.56 0
77687 28.75 -17.03 -16.49 0
77688 28.07 -17.33 -16.10 0
77689 27.50 -17.11 -15.95 0
77690 22.14 -13.57 -14.80 0
77695 44.85 -19.33 -25.47 0
77696 44.55 -19.25 -24.99 0
77697 44.23 -19.35 -24.49 0
77698 43.84 -19.48 -23.98 0
77699 43.36 -19.48 -23.49 0
77700 42.74 -19.26 -23.01 0
77701 42.15 -19.57 -22.46 0
77702 41.51 -19.74 -21.95 0
77703 40.80 -19.81 -21.46 0
77704 40.08 -19.86 -21.00 0
77705 39.39 -20.22 -20.49 0
77706 39.04 -20.59 -20.19 0
77707 29.96 -17.31 -16.89 0
77708 29.41 -17.60 -16.55 0
77709 28.84 -17.85 -16.21 0
77710 21.86 -12.08 -15.18 0
77711 21.72 -12.69 -14.89 0
77718 38.88 -19.64 -20.37 0
77719 38.54 -20.03 -20.08 0
77720 37.53 -20.02 -19.55 0
77721 37.17 -20.45 -19.24 0
77722 30.66 -17.92 -16.97 0
77723 30.05 -18.11 -16.62 0
77724 29.57 -18.39 -16.30 0
77725 21.45 -10.28 -15.59 0
77726 21.32 -11.34 -15.16 0
77727 21.47 -12.07 -14.98 0
77733 37.00 -19.48 -19.45 0
77734 36.64 -19.89 -19.15 0
77735 35.79 -19.95 -18.70 0
77736 35.56 -20.24 -18.49 0
77737 32.09 -18.39 -17.43 0
77738 31.59 -18.64 -17.11 0
77739 30.61 -18.73 -16.63 0
77740 30.07 -18.66 -16.41 0
77741 21.04 -9.43 -15.66 0
77742 20.94 -10.24 -15.33 0
77748 35.51 -19.79 -18.61 0
77749 35.28 -19.87 -18.47 0
77750 34.62 -19.56 -18.23 0
77751 33.93 -19.27 -17.99 0
77752 33.23 -18.99 -17.74 0
77753 32.55 -18.72 -17.52 0
77754 32.13 -18.71 -17.33 0
77757 20.44 -9.04 -15.45 0
78990 24.85 -15.71 -15.40 0
78991 24.57 -15.47 -15.36 0
78996 44.01 -16.60 -25.15 0
78997 43.93 -16.79 -24.97 0
78998 28.23 -15.53 -16.83 0
78999 27.87 -15.76 -16.60 0
79000 27.06 -15.73 -16.28 0
79001 26.18 -15.56 -15.98 0
79002 25.13 -15.38 -15.61 0
79003 24.13 -14.45 -15.49 0
79004 23.44 -14.12 -15.28 0
79005 22.99 -14.06 -15.08 0
79010 44.50 -16.89 -25.98 0
79011 44.47 -17.33 -25.68 0
79012 44.17 -17.21 -25.20 0
79013 43.84 -17.36 -24.69 0
79014 43.45 -17.55 -24.20 0
79015 43.02 -17.69 -23.75 0
79016 42.59 -17.86 -23.31 0
79017 42.15 -17.87 -22.95 0
79018 41.81 -18.02 -22.65 0
79019 29.22 -15.42 -17.26 0
79020 28.70 -15.97 -16.86 0
79021 28.19 -16.54 -16.45 0
79022 23.57 -13.52 -15.55 0
79023 22.97 -13.22 -15.36 0
79024 22.60 -13.67 -15.02 0
79029 44.72 -17.57 -26.22 0
79030 44.72 -18.30 -25.73 0
79031 42.48 -18.43 -23.04 0
79032 42.16 -18.63 -22.74 0
79033 41.58 -18.60 -22.33 0
79034 40.90 -18.73 -21.84 0
79035 40.17 -18.80 -21.36 0
79036 39.31 -18.89 -20.83 0
79037 38.78 -18.35 -20.69 0
79038 30.59 -16.10 -17.60 0
79039 29.75 -16.27 -17.18 0
79040 29.31 -16.85 -16.79 0
79041 22.59 -11.22 -15.83 0
79042 22.45 -12.17 -15.45 0
79043 22.28 -12.91 -15.11 0
79050 39.04 -19.41 -20.52 0
79051 38.54 -18.90 -20.40 0
79052 37.80 -19.10 -19.96 0
79053 32.61 -16.78 -18.24 0
79054 31.91 -16.82 -17.92 0
79055 31.23 -16.90 -17.59 0
79056 30.56 -17.03 -17.25 0
79057 22.04 -10.21 -15.90 0
79058 21.94 -11.22 -15.52 0
79064 37.21 -19.07 -19.67 0
79065 36.60 -18.93 -19.42 0
79066 35.69 -18.90 -18.99 0
79067 34.72 -18.24 -18.73 0
79068 33.89 -17.86 -18.46 0
79069 33.13 -17.64 -18.18 0
79070 32.45 -17.57 -17.90 0
79071 31.83 -17.74 -17.55 0
79072 31.17 -17.65 -17.29 0
79074 21.49 -9.15 -15.98 0
79081 35.46 -19.54 -18.67 0
79082 35.01 -19.15 -18.57 0
79083 34.29 -18.76 -18.34 0
79084 33.56 -18.47 -18.09 0
79085 32.88 -18.26 -17.84 0
79086 32.36 -18.14 -17.64 0
80382 44.11 -15.80 -25.69 0
80383 44.06 -16.20 -25.40 0
80384 43.81 -16.18 -25.03 0
80385 43.58 -16.15 -24.76 0
80386 28.37 -15.36 -16.94 0
80387 28.00 -14.99 -16.92 0
80388 27.33 -14.93 -16.66 0
80389 26.55 -14.71 -16.42 0
80390 25.61 -14.20 -16.21 0
80391 24.74 -14.01 -15.91 0
80396 44.45 -16.36 -26.19 0
80397 44.30 -16.32 -25.81 0
80398 44.26 -16.77 -25.52 0
80399 43.73 -16.61 -24.79 0
80400 43.45 -16.57 -24.49 0
80401 43.03 -16.73 -24.05 0
80402 42.60 -16.88 -23.62 0
80403 42.14 -17.02 -23.20 0
80404 41.67 -17.23 -22.78 0
80405 41.26 -17.21 -22.49 0
80406 29.21 -14.76 -17.47 0
80407 28.57 -14.90 -17.17 0
80408 28.15 -14.59 -17.11 0
80409 24.92 -13.17 -16.26 0
80410 23.99 -12.79 -15.97 0
80411 23.40 -12.96 -15.65 0
80418 41.47 -17.75 -22.48 0
80419 41.00 -17.68 -22.19 0
80420 40.32 -17.74 -21.75 0
80421 39.57 -17.75 -21.31 0
80422 38.90 -17.76 -20.93 0
80423 31.45 -15.17 -18.27 0
80424 30.78 -15.17 -17.98 0
80425 29.90 -15.15 -17.62 0
80426 23.32 -11.28 -16.16 0
80427 23.11 -12.28 -15.73 0
80434 38.35 -17.83 -20.62 0
80435 37.58 -17.92 -20.21 0
80436 36.59 -17.21 -19.94 0
80437 35.63 -16.73 -19.64 0
80438 34.66 -16.32 -19.32 0
80439 33.71 -16.03 -18.98 0
80440 32.78 -15.84 -18.63 0
80441 32.00 -15.87 -18.28 0
80442 31.33 -16.01 -17.94 0
80444 22.73 -9.00 -16.61 0
80445 22.72 -10.14 -16.24 0
80454 37.38 -18.60 -19.90 0
80455 36.92 -18.28 -19.77 0
80456 36.10 -17.94 -19.49 0
80457 35.18 -17.55 -19.17 0
80458 34.26 -17.15 -18.87 0
80459 33.40 -16.89 -18.56 0
80462 22.13 -9.18 -16.27 0
81685 44.12 -15.34 -25.95 0
81686 43.93 -15.33 -25.59 0
81687 43.74 -15.42 -25.24 0
81688 43.49 -15.49 -24.88 0
81689 43.22 -15.34 -24.63 0
81690 27.95 -14.48 -17.07 0
81691 27.59 -14.31 -16.98 0
81692 26.91 -14.04 -16.79 0
81693 26.23 -13.76 -16.61 0
81697 44.29 -15.84 -26.07 0
81698 43.37 -15.86 -24.62 0
81699 43.04 -15.74 -24.34 0
81700 42.60 -15.90 -23.91 0
81701 42.14 -16.06 -23.49 0
81702 41.65 -16.21 -23.07 0
81703 41.16 -16.45 -22.65 0
81704 40.77 -16.43 -22.39 0
81705 29.50 -14.24 -17.75 0
81706 28.85 -14.04 -17.56 0
81707 28.08 -13.96 -17.28 0
81708 27.30 -13.42 -17.14 0
81709 26.52 -13.03 -16.96 0
81710 25.61 -12.75 -16.68 0
81711 24.71 -12.06 -16.52 0
81717 40.94 -16.91 -22.36 0
81718 40.49 -16.76 -22.13 0
81719 39.77 -16.68 -21.73 0
81720 38.90 -16.62 -21.27 0
81721 38.11 -16.27 -20.97 0
81722 37.59 -16.20 -20.73 0
81723 31.51 -14.78 -18.43 0
81724 31.17 -14.56 -18.35 0
81725 30.27 -14.00 -18.14 0
81726 24.06 -11.30 -16.49 0
81735 38.43 -17.09 -20.88 0
81736 37.87 -16.96 -20.64 0
81737 37.12 -16.44 -20.43 0
81738 36.14 -15.90 -20.13 0
81739 35.11 -15.40 -19.80 0
81740 34.08 -15.06 -19.44 0
81741 33.07 -14.87 -19.06 0
81742 31.92 -14.58 -18.66 0
81743 31.08 -13.62 -18.59 0
81744 30.47 -13.11 -18.49 0
81746 23.21 -8.53 -16.97 0
81747 23.54 -9.89 -16.69 0
81758 31.64 -13.55 -18.85 0
81759 31.34 -13.01 -18.88 0
82911 43.99 -14.50 -26.18 0
82912 43.84 -14.58 -25.81 0
82913 43.66 -14.64 -25.46 0
82914 43.42 -14.68 -25.11 0
82915 43.19 -14.76 -24.80 0
82916 42.94 -14.83 -24.53 0
82923 42.58 -14.90 -24.19 0
82924 42.13 -15.06 -23.78 0
82925 41.67 -15.24 -23.37 0
82926 41.08 -15.24 -22.94 0
82927 40.69 -15.82 -22.52 0
82928 40.51 -16.17 -22.31 0
82929 29.29 -13.23 -17.98 0
82930 28.50 -13.12 -17.70 0
82931 27.74 -12.78 -17.51 0
82932 26.97 -12.33 -17.35 0
82933 26.15 -11.86 -17.17 0
82934 25.17 -11.06 -17.02 0
82935 24.56 -11.24 -16.72 0
82943 40.72 -14.62 -22.88 0
82944 40.50 -14.98 -22.64 0
82945 40.08 -15.62 -22.21 0
82946 39.21 -15.55 -21.75 0
82947 38.27 -15.17 -21.37 0
82948 37.58 -15.51 -20.93 0
82949 37.27 -15.80 -20.69 0
82950 29.93 -12.84 -18.35 0
82951 24.64 -9.68 -17.22 0
82952 24.34 -10.48 -16.86 0
82961 37.86 -14.33 -21.40 0
82962 37.47 -14.58 -21.14 0
82963 36.76 -15.03 -20.67 0
82964 35.63 -14.55 -20.27 0
82965 34.48 -13.84 -19.96 0
82966 33.43 -13.89 -19.50 0
82967 32.51 -13.79 -19.15 0
82968 31.99 -13.70 -18.96 0
82969 30.78 -12.50 -18.80 0
82970 30.30 -12.57 -18.57 0
82972 23.96 -8.64 -17.25 0
82973 24.11 -9.68 -17.00 0
82979 34.13 -12.87 -20.08 0
82980 33.63 -12.93 -19.85 0
82981 32.79 -12.85 -19.53 0
82982 31.87 -12.84 -19.15 0
82983 31.30 -12.50 -19.01 0
84114 43.72 -13.76 -26.01 0
84115 43.57 -13.91 -25.68 0
84116 43.35 -13.93 -25.34 0
84117 43.01 -13.87 -24.94 0
84118 42.95 -14.34 -24.70 0
84124 42.69 -13.34 -24.79 0
84125 42.61 -13.91 -24.53 0
84126 42.08 -13.95 -24.07 0
84127 41.68 -14.30 -23.65 0
84128 41.30 -14.49 -23.32 0
84129 29.14 -12.69 -18.08 0
84130 28.85 -12.52 -18.02 0
84131 28.20 -12.13 -17.88 0
84132 27.46 -11.66 -17.74 0
84133 26.69 -11.18 -17.58 0
84134 25.97 -10.74 -17.43 0
84140 41.61 -13.49 -23.84 0
84141 41.20 -13.56 -23.52 0
84142 40.84 -14.09 -23.12 0
84143 40.40 -14.14 -22.82 0
84144 39.97 -14.39 -22.49 0
84145 39.40 -14.58 -22.12 0
84146 38.79 -14.58 -21.80 0
84147 29.30 -12.30 -18.25 0
84148 28.70 -11.63 -18.21 0
84149 28.00 -11.02 -18.12 0
84150 27.21 -10.47 -17.98 0
84151 26.40 -9.98 -17.81 0
84152 25.50 -9.60 -17.58 0
84160 40.75 -13.20 -23.31 0
84161 40.40 -13.32 -23.05 0
84162 39.94 -13.41 -22.75 0
84163 39.43 -13.57 -22.41 0
84164 38.85 -13.70 -22.07 0
84165 38.19 -13.87 -21.68 0
84166 37.50 -13.67 -21.40 0
84167 36.83 -13.73 -21.05 0
84168 36.02 -13.67 -20.69 0
84169 35.23 -13.44 -20.40 0
84170 30.59 -11.68 -18.95 0
84171 30.00 -11.81 -18.67 0
84172 24.83 -8.56 -17.62 0
84179 40.42 -12.56 -23.28 0
84180 39.97 -12.48 -23.03 0
84181 39.43 -12.55 -22.70 0
84182 38.93 -12.77 -22.37 0
84183 38.33 -12.81 -22.04 0
84184 37.66 -12.78 -21.71 0
84185 36.96 -12.71 -21.39 0
84186 36.22 -12.66 -21.05 0
84187 35.43 -12.57 -20.71 0
84188 34.59 -12.54 -20.35 0
84189 33.83 -12.15 -20.14 0
84190 33.10 -11.97 -19.89 0
84191 32.22 -11.65 -19.62 0
84192 31.21 -11.62 -19.22 0
84203 38.98 -12.04 -22.59 0
84204 38.49 -11.91 -22.37 0
84205 37.83 -11.81 -22.06 0
84206 37.13 -11.73 -21.73 0
84207 36.40 -11.65 -21.39 0
84208 35.64 -11.59 -21.06 0
84209 34.87 -11.51 -20.74 0
84210 34.11 -11.37 -20.45 0
84211 33.40 -11.19 -20.21 0
84212 32.72 -11.01 -19.99 0
84213 32.20 -10.72 -19.86 0
85348 43.51 -13.30 -25.88 0
85349 43.30 -13.24 -25.57 0
85350 43.08 -13.25 -25.27 0
85357 42.97 -12.48 -25.47 0
85358 42.70 -12.73 -25.05 0
85359 42.37 -12.84 -24.66 0
85360 42.17 -13.20 -24.37 0
85365 42.03 -12.54 -24.45 0
85366 41.71 -12.73 -24.14 0
85367 41.32 -12.88 -23.81 0
85368 29.22 -11.32 -18.50 0
85369 28.64 -10.43 -18.52 0
85370 27.80 -9.78 -18.39 0
85371 26.98 -9.19 -18.25 0
85372 26.09 -8.64 -18.07 0
85373 25.44 -8.47 -17.88 0
85380 41.22 -12.13 -23.96 0
85381 40.84 -12.45 -23.59 0
85382 30.37 -10.78 -19.10 0
85383 29.50 -10.42 -18.86 0
85384 28.93 -9.57 -18.87 0
85394 40.78 -11.47 -23.84 0
85395 40.10 -11.33 -23.44 0
85396 39.49 -11.67 -22.98 0
85397 39.19 -11.85 -22.76 0
85398 31.63 -10.54 -19.67 0
85399 30.94 -10.41 -19.43 0
85412 39.38 -10.70 -23.17 0
85413 38.82 -11.10 -22.76 0
85414 38.03 -10.87 -22.40 0
85415 37.31 -10.74 -22.07 0
85416 36.58 -10.63 -21.74 0
85417 35.83 -10.56 -21.41 0
85418 35.09 -10.51 -21.08 0
85419 34.35 -10.44 -20.78 0
85420 33.64 -10.36 -20.51 0
85421 32.99 -10.28 -20.27 0
85422 32.43 -10.21 -20.07 0
85423 32.01 -10.16 -19.92 0
86551 42.49 -11.39 -25.34 0
86552 42.23 -11.92 -24.85 0
86553 42.10 -12.25 -24.61 0
86560 41.73 -11.69 -24.49 0
86561 41.47 -11.96 -24.19 0
86562 28.33 -9.22 -18.74 0
86573 41.16 -11.27 -24.18 0
86574 29.93 -9.87 -19.18 0
86575 29.47 -9.09 -19.20 0
86587 31.13 -9.43 -19.76 0
86588 30.39 -9.63 -19.42 0
86599 38.81 -9.87 -23.07 0
86600 38.18 -9.88 -22.74 0
86602 36.77 -9.57 -22.10 0
86603 36.02 -9.47 -21.76 0
86604 35.27 -9.46 -21.42 0
86605 34.54 -9.46 -21.10 0
86608 32.58 -9.49 -20.30 0
86609 32.10 -9.57 -20.10 0
86610 31.71 -9.73 -19.91 0
