# Label from mne_analyze
1097
68064 -21.74 -12.83 -12.17 0
68086 -21.65 -12.62 -12.42 0
69327 -21.33 -12.23 -11.94 0
69339 -21.26 -12.00 -12.43 0
69340 -21.64 -12.47 -12.67 0
69341 -22.15 -13.10 -12.81 0
69344 -23.90 -14.75 -13.56 0
69363 -21.03 -11.56 -12.67 0
69364 -21.19 -11.71 -12.84 0
69365 -21.64 -12.17 -13.10 0
69366 -22.30 -12.99 -13.22 0
69367 -22.90 -13.64 -13.39 0
69368 -23.33 -14.10 -13.50 0
69377 -21.05 -11.43 -12.98 0
69378 -21.18 -11.55 -13.06 0
70649 -20.92 -11.57 -11.68 0
70661 -20.85 -11.39 -12.14 0
70662 -23.80 -14.31 -13.87 0
70679 -20.78 -11.15 -12.62 0
70680 -20.95 -11.37 -12.80 0
70681 -21.58 -11.83 -13.41 0
70682 -21.93 -12.26 -13.49 0
70683 -22.49 -12.87 -13.63 0
70684 -23.20 -13.49 -13.90 0
70685 -24.06 -14.29 -14.15 0
70686 -24.66 -14.42 -14.60 0
70695 -20.59 -10.73 -12.84 0
70696 -20.84 -11.01 -13.05 0
70697 -21.23 -11.39 -13.34 0
70698 -21.56 -11.48 -13.73 0
70699 -22.13 -12.14 -13.86 0
70700 -22.56 -12.64 -13.92 0
70701 -24.73 -13.89 -15.00 0
70702 -25.51 -14.69 -15.10 0
70703 -26.31 -14.76 -15.66 0
70704 -27.05 -15.09 -15.99 0
70705 -27.40 -15.00 -16.27 0
70711 -20.70 -10.60 -13.28 0
70712 -20.84 -10.72 -13.41 0
70713 -21.11 -10.91 -13.64 0
71944 -20.45 -10.71 -11.85 0
71958 -20.42 -10.59 -12.34 0
71959 -23.09 -12.85 -14.30 0
71960 -23.58 -13.35 -14.40 0
71961 -24.07 -13.81 -14.51 0
71972 -20.38 -10.43 -12.69 0
71973 -20.39 -10.29 -12.97 0
71974 -21.52 -11.09 -14.03 0
71975 -21.85 -11.46 -14.09 0
71976 -22.47 -12.03 -14.30 0
71977 -23.15 -12.47 -14.62 0
71978 -24.01 -13.13 -14.90 0
71979 -24.79 -13.29 -15.39 0
71980 -25.61 -13.65 -15.77 0
71981 -26.42 -13.93 -16.17 0
71982 -27.27 -14.29 -16.52 0
71983 -27.64 -14.10 -16.83 0
71988 -20.46 -10.05 -13.38 0
71989 -20.80 -10.27 -13.74 0
71990 -21.21 -10.64 -13.98 0
71991 -21.54 -10.72 -14.30 0
71992 -21.95 -11.27 -14.34 0
71993 -27.64 -15.00 -16.41 0
71994 -28.03 -14.82 -16.72 0
71995 -28.43 -14.80 -16.96 0
71997 -20.24 -9.42 -13.61 0
71998 -20.42 -9.45 -13.86 0
71999 -20.82 -9.75 -14.16 0
72000 -21.18 -10.23 -14.25 0
72002 -28.71 -15.71 -16.69 0
72003 -28.51 -15.09 -16.87 0
72010 -20.38 -9.06 -14.10 0
72011 -20.52 -9.28 -14.13 0
73083 -20.02 -9.91 -11.87 0
73092 -20.07 -9.96 -12.15 0
73093 -27.67 -12.82 -17.41 0
73094 -27.90 -12.81 -17.53 0
73100 -20.04 -9.82 -12.55 0
73101 -20.15 -9.93 -12.81 0
73102 -22.34 -11.49 -14.56 0
73103 -22.62 -11.58 -14.72 0
73104 -23.24 -11.81 -15.09 0
73105 -24.00 -11.88 -15.62 0
73106 -24.94 -12.43 -15.97 0
73107 -25.76 -12.73 -16.34 0
73108 -26.58 -13.00 -16.71 0
73109 -27.39 -13.25 -17.06 0
73110 -28.00 -13.37 -17.34 0
73115 -19.96 -9.57 -12.79 0
73116 -20.03 -9.51 -13.05 0
73117 -21.57 -10.44 -14.50 0
73118 -21.99 -10.80 -14.65 0
73119 -22.59 -10.84 -15.13 0
73120 -23.18 -10.90 -15.55 0
73121 -23.62 -10.91 -15.88 0
73122 -27.87 -13.98 -17.02 0
73123 -28.31 -14.28 -17.12 0
73126 -19.99 -9.08 -13.45 0
73127 -20.13 -9.05 -13.73 0
73128 -20.84 -9.45 -14.37 0
73129 -21.21 -9.75 -14.55 0
73130 -21.66 -9.74 -14.97 0
73131 -28.94 -15.52 -16.93 0
73132 -28.88 -14.97 -17.13 0
73135 -19.91 -8.61 -13.72 0
73136 -20.13 -8.66 -14.01 0
73137 -20.52 -8.82 -14.39 0
73138 -20.81 -8.55 -14.83 0
73139 -29.26 -15.84 -16.97 0
73140 -29.66 -15.46 -17.37 0
73148 -20.45 -8.05 -14.75 0
73149 -20.57 -7.78 -15.01 0
74201 -19.81 -9.41 -11.70 0
74211 -19.83 -9.50 -11.99 0
74212 -19.53 -8.83 -12.05 0
74213 -27.36 -12.40 -17.41 0
74214 -27.73 -12.21 -17.68 0
74215 -28.18 -11.90 -18.02 0
74216 -28.62 -11.74 -18.29 0
74221 -19.70 -9.19 -12.33 0
74222 -19.40 -8.53 -12.32 0
74223 -23.96 -11.15 -15.99 0
74224 -24.40 -11.35 -16.17 0
74225 -25.15 -11.59 -16.51 0
74226 -25.93 -11.71 -16.92 0
74227 -26.77 -11.97 -17.27 0
74228 -28.19 -12.76 -17.69 0
74229 -28.67 -12.56 -18.01 0
74230 -29.15 -12.04 -18.43 0
74233 -19.68 -8.97 -12.75 0
74234 -19.65 -8.59 -13.16 0
74235 -22.09 -10.07 -15.16 0
74236 -22.49 -9.78 -15.62 0
74237 -23.20 -10.12 -15.97 0
74238 -23.86 -10.43 -16.27 0
74239 -24.58 -10.54 -16.66 0
74240 -25.32 -10.71 -17.01 0
74241 -25.78 -10.84 -17.21 0
74242 -28.67 -13.65 -17.57 0
74243 -29.25 -13.21 -18.05 0
74244 -29.75 -12.80 -18.45 0
74248 -19.65 -8.24 -13.54 0
74249 -21.27 -8.88 -15.08 0
74250 -21.79 -9.12 -15.40 0
74251 -22.06 -8.79 -15.78 0
74252 -29.41 -14.34 -17.69 0
74253 -29.87 -13.82 -18.15 0
74254 -30.27 -13.42 -18.51 0
74258 -19.73 -7.95 -13.90 0
74259 -19.94 -7.64 -14.38 0
74260 -20.25 -7.91 -14.61 0
74261 -20.91 -8.00 -15.21 0
74262 -21.33 -8.05 -15.54 0
74263 -21.71 -8.44 -15.68 0
74264 -30.15 -14.90 -17.89 0
74265 -30.42 -14.22 -18.30 0
74266 -30.66 -13.90 -18.55 0
74270 -19.84 -6.97 -14.66 0
74271 -20.16 -7.12 -14.93 0
74272 -20.60 -7.12 -15.36 0
74273 -20.95 -7.55 -15.46 0
74276 -30.84 -14.90 -18.29 0
74277 -30.76 -14.33 -18.46 0
74286 -20.16 -6.47 -15.25 0
74287 -20.31 -6.69 -15.29 0
75364 -19.50 -8.57 -11.37 0
75375 -19.33 -8.34 -11.78 0
75376 -19.08 -7.67 -11.53 0
75385 -19.15 -7.95 -12.17 0
75386 -19.00 -7.56 -11.89 0
75387 -27.24 -11.67 -17.64 0
75388 -27.61 -11.04 -18.06 0
75389 -28.28 -11.02 -18.38 0
75390 -28.80 -11.11 -18.59 0
75394 -19.46 -8.62 -12.52 0
75395 -19.20 -7.99 -12.53 0
75396 -26.18 -11.02 -17.35 0
75397 -26.73 -10.65 -17.77 0
75398 -27.21 -9.77 -18.32 0
75399 -29.26 -11.03 -18.82 0
75400 -29.74 -10.83 -19.11 0
75404 -19.39 -8.40 -12.67 0
75405 -19.28 -7.97 -12.90 0
75406 -22.40 -9.10 -15.90 0
75407 -22.76 -9.24 -16.08 0
75408 -23.35 -9.37 -16.42 0
75409 -24.03 -9.49 -16.79 0
75410 -24.79 -9.61 -17.17 0
75411 -25.72 -9.87 -17.57 0
75412 -26.43 -9.09 -18.20 0
75413 -26.99 -8.81 -18.56 0
75414 -29.74 -11.78 -18.80 0
75415 -30.31 -11.43 -19.18 0
75416 -30.82 -11.53 -19.39 0
75419 -19.32 -7.72 -13.31 0
75420 -22.34 -8.52 -16.12 0
75421 -22.84 -8.47 -16.48 0
75422 -23.47 -8.43 -16.90 0
75423 -24.19 -8.46 -17.31 0
75424 -24.95 -8.53 -17.69 0
75425 -25.64 -8.37 -18.10 0
75426 -26.11 -8.02 -18.45 0
75427 -30.25 -12.51 -18.80 0
75428 -30.75 -12.31 -19.12 0
75429 -31.24 -12.04 -19.44 0
75431 -19.37 -7.43 -13.68 0
75432 -19.45 -7.05 -14.07 0
75433 -21.34 -7.61 -15.76 0
75434 -21.72 -7.74 -16.00 0
75435 -30.71 -13.25 -18.80 0
75436 -31.23 -13.05 -19.13 0
75437 -31.71 -12.69 -19.48 0
75439 -19.54 -6.55 -14.51 0
75440 -19.78 -6.53 -14.81 0
75441 -20.65 -6.72 -15.58 0
75442 -21.02 -7.00 -15.76 0
75443 -21.47 -6.41 -16.38 0
75444 -21.66 -5.75 -16.81 0
75445 -31.14 -14.87 -18.47 0
75446 -31.16 -14.24 -18.70 0
75447 -31.82 -13.66 -19.24 0
75448 -32.12 -13.07 -19.58 0
75450 -19.55 -5.96 -14.83 0
75451 -19.86 -6.00 -15.15 0
75452 -20.36 -6.02 -15.63 0
75453 -20.87 -5.71 -16.20 0
75454 -21.24 -5.25 -16.70 0
75455 -21.62 -4.93 -17.12 0
75458 -31.44 -15.43 -18.42 0
75459 -31.92 -14.71 -18.94 0
75460 -32.29 -14.20 -19.31 0
75467 -20.44 -4.93 -16.17 0
75468 -20.75 -4.54 -16.59 0
75469 -21.14 -4.12 -17.09 0
75470 -21.58 -4.05 -17.45 0
75487 -21.29 -3.34 -17.52 0
75488 -21.57 -3.47 -17.67 0
76634 -18.79 -6.88 -11.32 0
76643 -18.72 -6.83 -11.76 0
76650 -18.93 -7.38 -12.43 0
76651 -18.75 -6.96 -12.21 0
76652 -27.92 -10.00 -18.56 0
76653 -28.57 -10.25 -18.78 0
76654 -28.95 -10.56 -18.85 0
76658 -18.84 -7.02 -12.74 0
76659 -18.74 -6.90 -12.50 0
76660 -27.55 -8.94 -18.76 0
76661 -28.31 -8.93 -19.09 0
76662 -29.18 -9.81 -19.18 0
76663 -30.25 -10.04 -19.58 0
76664 -31.04 -9.50 -20.07 0
76665 -31.42 -9.27 -20.30 0
76668 -18.96 -7.03 -13.14 0
76669 -26.62 -8.09 -18.65 0
76670 -27.17 -8.09 -18.88 0
76671 -27.72 -8.01 -19.14 0
76672 -30.63 -10.97 -19.47 0
76673 -31.16 -10.83 -19.76 0
76674 -31.62 -9.88 -20.23 0
76675 -31.91 -9.50 -20.46 0
76678 -19.08 -7.00 -13.47 0
76679 -22.33 -7.68 -16.47 0
76680 -22.88 -7.50 -16.91 0
76681 -23.57 -7.20 -17.45 0
76682 -24.37 -7.43 -17.82 0
76683 -25.03 -7.38 -18.17 0
76684 -25.64 -7.26 -18.51 0
76685 -26.23 -7.21 -18.79 0
76686 -26.82 -7.29 -19.01 0
76687 -27.32 -7.40 -19.18 0
76688 -31.77 -11.78 -19.78 0
76689 -31.95 -10.83 -20.13 0
76690 -32.16 -9.95 -20.46 0
76693 -19.08 -6.58 -13.79 0
76694 -19.14 -6.07 -14.20 0
76695 -21.94 -7.00 -16.48 0
76696 -22.32 -6.78 -16.84 0
76697 -22.80 -6.37 -17.32 0
76698 -32.13 -12.46 -19.76 0
76699 -32.43 -11.77 -20.11 0
76700 -32.58 -10.73 -20.47 0
76703 -19.23 -5.54 -14.62 0
76704 -21.90 -6.35 -16.73 0
76705 -22.12 -5.73 -17.14 0
76706 -22.59 -5.20 -17.67 0
76707 -32.33 -13.58 -19.53 0
76708 -32.62 -12.91 -19.89 0
76709 -32.93 -12.19 -20.26 0
76712 -19.41 -5.13 -15.04 0
76713 -19.72 -4.73 -15.55 0
76714 -20.09 -4.66 -15.97 0
76715 -22.02 -4.64 -17.52 0
76716 -22.38 -4.12 -17.96 0
76717 -22.51 -3.54 -18.26 0
76719 -32.21 -15.66 -18.77 0
76720 -32.63 -14.98 -19.23 0
76721 -32.79 -13.99 -19.65 0
76722 -33.10 -13.40 -20.00 0
76725 -19.79 -3.87 -16.01 0
76726 -20.18 -3.68 -16.46 0
76727 -20.65 -3.47 -16.95 0
76728 -20.94 -3.17 -17.31 0
76729 -21.86 -3.72 -17.78 0
76730 -22.11 -3.21 -18.14 0
76731 -22.44 -2.82 -18.47 0
76743 -20.30 -2.74 -16.94 0
76744 -20.61 -2.48 -17.31 0
76745 -21.02 -2.39 -17.67 0
76746 -21.56 -2.75 -17.94 0
76747 -21.98 -2.20 -18.41 0
76748 -22.35 -2.06 -18.68 0
76764 -21.22 -1.93 -18.00 0
76765 -21.51 -1.68 -18.29 0
76766 -21.81 -1.34 -18.60 0
77835 -18.41 -6.03 -11.56 0
77836 -18.09 -5.22 -11.77 0
77841 -18.32 -5.83 -12.07 0
77842 -18.06 -5.18 -12.01 0
77845 -18.62 -6.47 -12.79 0
77846 -18.50 -6.19 -12.62 0
77847 -28.50 -8.16 -19.41 0
77848 -28.86 -8.44 -19.48 0
77849 -29.53 -8.35 -19.78 0
77850 -30.44 -8.51 -20.10 0
77851 -31.34 -8.44 -20.50 0
77852 -31.96 -7.73 -20.95 0
77853 -32.26 -7.37 -21.17 0
77856 -18.56 -6.16 -12.99 0
77857 -18.42 -5.89 -12.87 0
77858 -28.19 -7.78 -19.41 0
77859 -28.63 -7.50 -19.68 0
77860 -29.04 -7.84 -19.73 0
77861 -31.69 -9.21 -20.44 0
77862 -32.17 -8.94 -20.73 0
77863 -32.59 -7.92 -21.18 0
77864 -32.97 -7.86 -21.37 0
77867 -18.76 -6.20 -13.45 0
77868 -23.99 -6.46 -17.98 0
77869 -24.53 -6.46 -18.27 0
77870 -25.09 -6.18 -18.63 0
77871 -25.77 -6.35 -18.88 0
77872 -26.47 -6.21 -19.22 0
77873 -27.13 -6.67 -19.35 0
77874 -27.77 -6.88 -19.53 0
77875 -28.24 -7.16 -19.63 0
77876 -32.72 -9.80 -20.78 0
77877 -33.00 -8.90 -21.14 0
77878 -32.99 -8.20 -21.30 0
77881 -18.77 -5.63 -13.88 0
77882 -18.82 -5.01 -14.33 0
77883 -23.35 -5.70 -17.92 0
77884 -24.14 -5.47 -18.43 0
77885 -24.62 -5.78 -18.56 0
77886 -26.67 -5.56 -19.52 0
77887 -27.04 -5.93 -19.55 0
77888 -27.40 -6.31 -19.57 0
77889 -33.00 -11.43 -20.50 0
77890 -33.23 -10.53 -20.86 0
77891 -33.15 -9.71 -21.02 0
77894 -18.97 -4.47 -14.81 0
77895 -22.91 -4.53 -18.12 0
77896 -23.52 -4.61 -18.42 0
77897 -33.18 -12.75 -20.24 0
77898 -33.44 -12.04 -20.58 0
77899 -33.37 -11.31 -20.74 0
77903 -19.18 -3.98 -15.29 0
77904 -19.39 -3.40 -15.78 0
77905 -22.68 -3.95 -18.22 0
77906 -22.97 -3.53 -18.51 0
77907 -33.18 -14.74 -19.63 0
77908 -33.41 -14.07 -19.98 0
77909 -33.48 -13.24 -20.27 0
77910 -33.51 -12.69 -20.45 0
77914 -19.63 -2.83 -16.26 0
77915 -19.90 -2.28 -16.75 0
77916 -22.75 -2.32 -18.81 0
77923 -20.20 -1.75 -17.22 0
77924 -20.62 -1.32 -17.75 0
77925 -20.97 -1.69 -17.90 0
77926 -22.14 -1.45 -18.76 0
77927 -22.49 -1.42 -18.96 0
77939 -20.73 -0.63 -18.10 0
77940 -21.06 -1.08 -18.18 0
77941 -21.49 -0.69 -18.61 0
77942 -21.97 -0.64 -18.92 0
77943 -22.26 -0.96 -18.99 0
77960 -21.55 -0.17 -18.83 0
77961 -21.70 -0.34 -18.86 0
79127 -18.05 -5.14 -12.15 0
79130 -18.06 -5.04 -12.45 0
79132 -29.51 -7.61 -19.99 0
79133 -29.87 -7.41 -20.19 0
79134 -30.65 -7.30 -20.53 0
79135 -31.36 -6.98 -20.90 0
79136 -32.02 -6.69 -21.24 0
79137 -32.52 -6.34 -21.54 0
79138 -32.96 -6.20 -21.77 0
79141 -18.41 -5.69 -13.08 0
79142 -18.25 -5.30 -12.98 0
79143 -28.71 -7.02 -19.86 0
79144 -29.15 -7.06 -20.01 0
79145 -29.66 -6.46 -20.39 0
79146 -32.46 -7.11 -21.32 0
79147 -32.90 -7.18 -21.50 0
79148 -33.37 -6.72 -21.84 0
79151 -18.44 -5.59 -13.26 0
79152 -18.24 -4.77 -13.46 0
79153 -25.05 -5.59 -18.83 0
79154 -25.33 -5.58 -18.95 0
79155 -25.87 -5.59 -19.17 0
79156 -27.93 -6.36 -19.76 0
79157 -28.36 -6.47 -19.89 0
79158 -28.86 -5.96 -20.23 0
79159 -33.35 -8.87 -21.33 0
79160 -33.39 -8.10 -21.53 0
79161 -33.78 -7.18 -21.95 0
79164 -18.51 -5.35 -13.60 0
79165 -18.41 -4.52 -13.95 0
79166 -24.33 -5.04 -18.68 0
79167 -24.74 -4.97 -18.89 0
79168 -25.52 -4.77 -19.29 0
79169 -26.26 -4.99 -19.52 0
79170 -26.91 -5.07 -19.76 0
79171 -27.67 -5.71 -19.86 0
79172 -28.17 -5.55 -20.10 0
79173 -33.56 -10.45 -21.07 0
79174 -33.64 -9.60 -21.32 0
79175 -33.91 -8.61 -21.70 0
79178 -18.51 -3.75 -14.53 0
79179 -24.11 -4.63 -18.72 0
79180 -24.26 -3.90 -19.03 0
79181 -33.73 -11.99 -20.77 0
79182 -33.82 -11.20 -21.04 0
79183 -34.05 -10.31 -21.40 0
79186 -18.73 -3.34 -15.04 0
79187 -18.92 -2.77 -15.52 0
79188 -23.68 -3.72 -18.81 0
79189 -23.93 -2.91 -19.20 0
79191 -33.73 -13.77 -20.27 0
79192 -33.93 -12.73 -20.70 0
79193 -34.18 -11.98 -21.07 0
79195 -19.15 -2.16 -16.03 0
79196 -19.42 -1.55 -16.55 0
79197 -23.32 -2.63 -18.99 0
79198 -23.63 -1.83 -19.39 0
79201 -34.05 -13.80 -20.46 0
79202 -34.24 -13.47 -20.69 0
79205 -19.73 -1.05 -17.06 0
79206 -20.06 -0.55 -17.55 0
79207 -23.00 -1.40 -19.22 0
79208 -23.38 -0.76 -19.60 0
79221 -20.41 0.11 -18.10 0
79222 -20.88 -0.21 -18.35 0
79223 -21.16 -0.45 -18.47 0
79224 -22.10 -0.14 -19.15 0
79225 -22.49 -0.28 -19.31 0
79226 -22.98 -0.48 -19.49 0
79240 -20.43 0.88 -18.39 0
79241 -20.72 0.62 -18.52 0
79242 -21.25 0.23 -18.75 0
79243 -21.80 0.18 -19.08 0
79244 -22.16 0.21 -19.29 0
80420 -17.83 -4.19 -12.83 0
80422 -30.15 -6.50 -20.56 0
80423 -30.72 -5.93 -20.94 0
80424 -31.49 -5.77 -21.28 0
80425 -32.10 -5.50 -21.59 0
80426 -32.68 -5.32 -21.87 0
80427 -33.32 -5.42 -22.14 0
80428 -33.88 -5.09 -22.49 0
80431 -17.92 -4.07 -13.26 0
80432 -29.31 -5.94 -20.41 0
80433 -29.87 -5.35 -20.79 0
80434 -30.48 -4.79 -21.17 0
80435 -33.83 -6.18 -22.21 0
80436 -34.34 -5.62 -22.61 0
80438 -18.00 -3.73 -13.70 0
80439 -28.50 -5.47 -20.25 0
80440 -28.99 -4.82 -20.62 0
80441 -29.57 -4.19 -21.01 0
80442 -33.97 -7.86 -21.90 0
80443 -34.30 -6.99 -22.28 0
80444 -34.81 -6.27 -22.73 0
80446 -18.10 -3.29 -14.15 0
80447 -24.64 -3.94 -19.19 0
80448 -25.08 -3.68 -19.45 0
80449 -25.84 -3.77 -19.73 0
80450 -26.56 -3.93 -19.96 0
80451 -27.30 -4.24 -20.16 0
80452 -28.14 -4.51 -20.40 0
80453 -28.62 -3.81 -20.78 0
80454 -34.11 -9.08 -21.72 0
80455 -34.44 -8.37 -22.07 0
80456 -34.87 -7.36 -22.54 0
80457 -35.18 -6.69 -22.86 0
80461 -24.50 -3.18 -19.37 0
80462 -24.86 -2.42 -19.75 0
80463 -34.32 -10.70 -21.48 0
80464 -34.43 -9.72 -21.78 0
80465 -34.88 -9.04 -22.22 0
80468 -18.45 -2.15 -15.22 0
80469 -24.24 -2.13 -19.57 0
80470 -24.58 -1.29 -19.97 0
80471 -34.44 -12.41 -21.12 0
80472 -34.52 -11.57 -21.40 0
80475 -18.67 -1.51 -15.75 0
80476 -18.91 -0.82 -16.30 0
80477 -23.95 -1.09 -19.76 0
80478 -24.22 -0.29 -20.12 0
80481 -34.64 -13.36 -20.99 0
80484 -19.22 -0.09 -16.92 0
80485 -19.63 -0.03 -17.36 0
80486 -23.69 -0.21 -19.90 0
80487 -23.83 0.57 -20.20 0
80499 -19.38 0.83 -17.44 0
80500 -19.81 0.78 -17.82 0
80501 -22.61 0.45 -19.59 0
80502 -23.09 0.53 -19.85 0
80503 -23.59 1.35 -20.32 0
80514 -20.12 1.38 -18.31 0
80515 -20.50 1.44 -18.63 0
80516 -20.94 1.35 -18.91 0
80517 -21.50 1.25 -19.23 0
80518 -22.27 1.13 -19.62 0
80519 -22.83 1.76 -20.09 0
80525 -20.24 2.16 -18.67 0
80526 -20.62 2.31 -19.00 0
80527 -21.12 2.33 -19.33 0
80528 -21.67 2.33 -19.67 0
80529 -22.11 2.54 -19.97 0
81674 -31.06 -4.78 -21.38 0
81675 -31.67 -4.66 -21.64 0
81676 -32.21 -4.17 -21.98 0
81677 -32.90 -4.23 -22.24 0
81678 -33.57 -4.13 -22.57 0
81679 -34.33 -4.07 -22.95 0
81680 -34.65 -3.32 -23.27 0
81684 -30.11 -4.13 -21.22 0
81685 -30.66 -3.69 -21.53 0
81686 -31.35 -3.82 -21.74 0
81687 -31.78 -3.89 -21.88 0
81688 -34.88 -5.07 -23.03 0
81689 -35.05 -3.67 -23.41 0
81690 -35.47 -2.99 -23.76 0
81691 -35.70 -2.82 -23.91 0
81695 -29.09 -3.28 -21.10 0
81696 -29.81 -3.31 -21.34 0
81697 -30.24 -3.42 -21.46 0
81698 -35.25 -5.85 -23.07 0
81699 -35.51 -4.89 -23.42 0
81700 -35.62 -3.67 -23.71 0
81701 -35.70 -3.11 -23.86 0
81704 -25.49 -2.66 -19.93 0
81705 -26.15 -2.53 -20.22 0
81706 -26.92 -2.96 -20.39 0
81707 -27.64 -3.22 -20.59 0
81708 -28.25 -3.22 -20.82 0
81709 -28.63 -3.16 -20.98 0
81710 -35.06 -8.24 -22.48 0
81711 -35.43 -7.51 -22.85 0
81712 -35.54 -6.43 -23.13 0
81713 -35.56 -5.72 -23.28 0
81717 -25.31 -1.50 -20.20 0
81718 -25.71 -2.00 -20.21 0
81719 -34.80 -10.70 -21.81 0
81720 -35.17 -9.92 -22.23 0
81721 -35.33 -8.89 -22.53 0
81722 -35.40 -8.23 -22.70 0
81724 -18.24 -0.92 -15.47 0
81725 -24.94 -0.27 -20.41 0
81726 -25.16 0.36 -20.68 0
81727 -34.90 -12.40 -21.44 0
81728 -35.19 -11.55 -21.87 0
81729 -35.19 -10.70 -22.07 0
81732 -18.40 -0.21 -15.97 0
81733 -18.63 0.64 -16.55 0
81734 -24.38 0.64 -20.45 0
81735 -24.86 0.83 -20.70 0
81737 -35.28 -12.39 -21.71 0
81739 -18.94 1.43 -17.20 0
81740 -24.02 1.42 -20.53 0
81741 -24.45 1.61 -20.75 0
81751 -19.36 2.09 -17.88 0
81752 -19.76 1.71 -18.12 0
81753 -23.28 1.90 -20.34 0
81754 -23.77 2.34 -20.68 0
81755 -24.15 2.07 -20.76 0
81764 -19.43 2.94 -18.25 0
81765 -19.79 2.62 -18.46 0
81766 -22.53 2.44 -20.15 0
81767 -23.01 2.83 -20.49 0
81768 -23.39 2.64 -20.61 0
81773 -20.24 3.13 -18.97 0
81774 -20.76 3.52 -19.46 0
81775 -21.31 3.27 -19.74 0
81776 -21.78 3.53 -20.09 0
81777 -22.32 3.30 -20.30 0
81778 -22.66 3.13 -20.42 0
81783 -20.85 4.31 -19.77 0
81784 -21.15 4.08 -19.88 0
81785 -21.44 3.87 -20.00 0
82871 -32.20 -3.47 -22.15 0
82872 -32.49 -3.34 -22.29 0
82873 -33.14 -2.97 -22.65 0
82874 -33.83 -2.94 -22.96 0
82875 -34.40 -2.66 -23.28 0
82876 -34.76 -2.14 -23.56 0
82881 -30.69 -3.06 -21.71 0
82882 -31.02 -2.97 -21.84 0
82883 -31.87 -2.87 -22.17 0
82884 -32.59 -2.30 -22.58 0
82885 -33.05 -1.86 -22.86 0
82886 -34.80 -2.85 -23.44 0
82887 -35.14 -2.42 -23.70 0
82888 -35.60 -2.21 -23.96 0
82889 -36.04 -1.59 -24.26 0
82890 -36.45 -1.08 -24.53 0
82895 -29.03 -2.30 -21.36 0
82896 -29.51 -2.29 -21.51 0
82897 -30.38 -2.50 -21.74 0
82898 -31.14 -1.84 -22.16 0
82899 -31.70 -1.40 -22.46 0
82900 -35.81 -4.99 -23.57 0
82901 -35.96 -4.41 -23.76 0
82902 -36.03 -2.94 -24.05 0
82903 -36.49 -1.93 -24.42 0
82904 -36.77 -1.23 -24.66 0
82909 -26.21 -1.86 -20.44 0
82910 -26.57 -1.76 -20.61 0
82911 -27.30 -2.05 -20.80 0
82912 -27.93 -2.27 -20.98 0
82913 -28.57 -2.32 -21.19 0
82914 -35.69 -7.64 -23.00 0
82915 -35.86 -7.14 -23.20 0
82916 -35.96 -5.66 -23.53 0
82917 -36.35 -4.84 -23.90 0
82921 -17.59 0.17 -15.05 0
82922 -25.55 -1.22 -20.38 0
82923 -25.91 -1.26 -20.50 0
82924 -26.46 -0.78 -20.85 0
82925 -35.47 -10.05 -22.41 0
82926 -35.65 -9.59 -22.63 0
82927 -35.79 -8.24 -22.96 0
82928 -36.17 -7.61 -23.32 0
82930 -17.87 -0.34 -15.23 0
82931 -17.69 0.79 -15.45 0
82932 -25.45 -0.86 -20.45 0
82933 -25.56 0.01 -20.73 0
82934 -25.72 0.85 -21.02 0
82935 -35.60 -11.55 -22.17 0
82936 -35.60 -10.63 -22.38 0
82937 -35.99 -10.04 -22.79 0
82940 -18.03 0.12 -15.64 0
82941 -18.01 1.32 -16.09 0
82942 -25.30 0.92 -20.89 0
82943 -25.58 1.70 -21.19 0
82944 -25.72 2.44 -21.44 0
82946 -35.67 -12.44 -21.98 0
82948 -18.34 2.25 -16.85 0
82949 -24.96 1.79 -20.99 0
82950 -25.25 2.75 -21.35 0
82951 -25.70 3.09 -21.60 0
82963 -18.73 2.95 -17.54 0
82964 -23.88 2.92 -20.89 0
82965 -24.36 2.95 -21.08 0
82966 -24.97 3.69 -21.50 0
82974 -19.11 3.59 -18.17 0
82975 -19.48 3.50 -18.49 0
82976 -23.11 3.42 -20.71 0
82977 -23.53 3.50 -20.90 0
82978 -24.06 4.23 -21.30 0
82982 -19.33 4.27 -18.61 0
82983 -19.78 4.14 -18.95 0
82984 -20.28 4.06 -19.30 0
82985 -21.80 4.13 -20.28 0
82986 -22.08 4.25 -20.46 0
82987 -22.79 3.96 -20.72 0
82988 -23.22 4.68 -21.11 0
82992 -20.11 4.84 -19.42 0
82993 -20.54 4.75 -19.70 0
82994 -20.99 4.92 -20.04 0
82995 -21.57 4.64 -20.29 0
82996 -21.98 5.16 -20.67 0
84091 -33.51 -1.93 -23.03 0
84092 -34.02 -1.87 -23.27 0
84093 -34.45 -1.41 -23.55 0
84094 -34.99 -1.33 -23.82 0
84095 -35.16 -0.68 -24.01 0
84099 -32.24 -1.44 -22.64 0
84100 -32.76 -1.25 -22.88 0
84101 -33.24 -0.84 -23.15 0
84102 -33.78 -1.06 -23.33 0
84103 -34.12 -1.19 -23.45 0
84104 -35.31 -1.73 -23.90 0
84105 -35.52 -0.93 -24.13 0
84106 -36.15 -0.44 -24.48 0
84107 -36.79 -0.19 -24.82 0
84113 -27.97 -0.75 -21.42 0
84114 -28.39 -0.89 -21.52 0
84115 -28.96 -1.28 -21.60 0
84116 -29.79 -1.04 -21.91 0
84117 -30.58 -0.78 -22.22 0
84118 -31.29 -0.45 -22.53 0
84119 -31.94 -0.34 -22.78 0
84120 -32.53 -0.43 -22.97 0
84121 -32.89 -0.57 -23.08 0
84122 -36.47 -3.87 -24.12 0
84123 -36.69 -2.81 -24.39 0
84124 -36.96 -1.91 -24.65 0
84133 -27.07 -0.81 -21.07 0
84134 -27.67 -1.27 -21.16 0
84135 -28.18 -1.51 -21.28 0
84136 -28.52 -1.50 -21.40 0
84137 -36.42 -6.84 -23.62 0
84138 -36.58 -5.65 -23.90 0
84139 -36.80 -4.61 -24.19 0
84140 -36.99 -3.58 -24.44 0
84141 -37.20 -2.63 -24.68 0
84148 -17.31 1.09 -14.98 0
84149 -26.12 -0.06 -20.92 0
84150 -26.64 0.03 -21.14 0
84151 -36.20 -9.30 -23.08 0
84152 -36.34 -8.21 -23.34 0
84153 -36.44 -7.57 -23.52 0
84158 -17.40 2.42 -15.72 0
84159 -17.23 3.45 -15.92 0
84160 -25.91 0.49 -20.99 0
84161 -26.25 1.20 -21.30 0
84162 -26.71 2.26 -21.74 0
84163 -27.02 2.83 -21.98 0
84164 -27.14 3.17 -22.10 0
84165 -35.95 -11.54 -22.43 0
84166 -36.23 -10.64 -22.85 0
84167 -36.25 -9.99 -22.99 0
84172 -17.67 3.32 -16.46 0
84173 -17.37 3.39 -16.10 0
84174 -25.93 2.01 -21.40 0
84175 -26.16 2.71 -21.66 0
84176 -26.73 3.31 -22.00 0
84177 -27.01 3.26 -22.08 0
84181 -18.12 3.90 -17.23 0
84182 -25.44 3.68 -21.66 0
84183 -25.95 3.90 -21.89 0
84184 -26.36 3.56 -21.94 0
84194 -18.55 4.49 -17.91 0
84195 -24.60 4.66 -21.62 0
84196 -25.24 4.43 -21.79 0
84197 -25.58 4.23 -21.85 0
84203 -18.96 4.94 -18.48 0
84204 -23.68 5.11 -21.40 0
84205 -24.14 4.94 -21.53 0
84210 -19.35 5.25 -18.94 0
84211 -19.77 5.52 -19.36 0
84212 -22.38 5.09 -20.85 0
84213 -22.84 5.51 -21.18 0
84214 -23.26 5.36 -21.31 0
84220 -20.20 5.76 -19.76 0
84221 -20.68 5.90 -20.12 0
84222 -21.21 5.91 -20.45 0
84223 -21.71 5.93 -20.74 0
84224 -22.16 5.92 -20.98 0
84225 -22.46 5.76 -21.08 0
85350 -34.43 -0.87 -23.65 0
85351 -34.62 -0.76 -23.76 0
85352 -34.94 -0.53 -23.93 0
85356 -33.28 -0.22 -23.30 0
85357 -33.57 -0.08 -23.44 0
85358 -34.23 -0.41 -23.65 0
85359 -34.72 0.04 -23.93 0
85360 -35.19 0.12 -24.15 0
85361 -35.75 0.43 -24.43 0
85362 -36.33 0.76 -24.74 0
85368 -27.89 -0.39 -21.49 0
85369 -28.10 -0.20 -21.61 0
85370 -28.62 -0.05 -21.81 0
85371 -29.26 0.21 -22.05 0
85372 -30.05 0.45 -22.34 0
85373 -30.81 0.73 -22.63 0
85374 -31.57 0.96 -22.92 0
85375 -32.30 0.78 -23.14 0
85376 -33.02 0.28 -23.30 0
85377 -33.47 0.90 -23.59 0
85384 -27.26 -0.34 -21.27 0
85385 -27.59 -0.20 -21.43 0
85386 -27.93 0.37 -21.70 0
85387 -28.80 0.68 -22.04 0
85388 -29.05 1.21 -22.22 0
85389 -31.97 1.65 -23.20 0
85390 -32.31 1.80 -23.34 0
85391 -36.69 -6.98 -23.78 0
85392 -36.82 -6.49 -23.93 0
85393 -37.11 -5.42 -24.27 0
85394 -37.30 -4.27 -24.52 0
85395 -37.48 -3.31 -24.75 0
85404 -27.11 0.00 -21.31 0
85405 -27.28 0.72 -21.56 0
85406 -27.35 1.45 -21.77 0
85407 -27.57 2.07 -21.99 0
85408 -27.83 2.69 -22.21 0
85409 -36.45 -9.39 -23.25 0
85410 -36.57 -8.90 -23.41 0
85411 -36.83 -7.60 -23.79 0
85412 -37.25 -6.47 -24.25 0
85413 -37.51 -5.65 -24.52 0
85414 -37.60 -3.89 -24.75 0
85422 -17.07 2.45 -15.19 0
85423 -16.99 3.64 -15.58 0
85424 -26.84 0.66 -21.38 0
85425 -26.93 1.40 -21.60 0
85426 -27.16 2.14 -21.87 0
85427 -27.38 2.88 -22.11 0
85428 -27.78 3.54 -22.39 0
85430 -36.58 -9.93 -23.25 0
85431 -36.99 -8.94 -23.73 0
85432 -37.31 -8.19 -24.08 0
85439 -17.46 4.16 -16.54 0
85440 -17.21 4.40 -16.28 0
85441 -26.82 3.80 -22.16 0
85442 -27.15 3.75 -22.25 0
85443 -27.68 4.55 -22.59 0
85450 -17.54 4.80 -16.89 0
85451 -17.17 5.64 -16.74 0
85452 -26.10 4.67 -22.14 0
85453 -26.59 4.36 -22.22 0
85454 -27.21 4.97 -22.56 0
85455 -27.64 5.38 -22.78 0
85467 -17.94 5.69 -17.69 0
85468 -24.70 5.83 -21.98 0
85469 -25.15 5.46 -22.03 0
85470 -25.69 4.93 -22.08 0
85474 -18.49 5.93 -18.35 0
85475 -23.76 6.24 -21.74 0
85476 -24.21 5.79 -21.79 0
85480 -18.94 6.20 -18.87 0
85481 -19.38 6.46 -19.34 0
85482 -22.88 6.57 -21.48 0
85483 -23.30 6.18 -21.55 0
85488 -19.83 6.71 -19.77 0
85489 -20.32 6.90 -20.16 0
85490 -20.88 7.22 -20.62 0
85491 -21.44 6.90 -20.87 0
85492 -21.95 7.10 -21.19 0
85493 -22.48 6.55 -21.30 0
85506 -21.01 8.04 -20.93 0
85507 -21.31 7.78 -21.03 0
85508 -21.62 7.52 -21.13 0
86660 -33.92 0.82 -23.75 0
86661 -34.44 0.84 -23.95 0
86662 -34.91 1.01 -24.17 0
86663 -35.37 1.52 -24.43 0
86664 -35.93 1.61 -24.68 0
86672 -28.29 0.53 -21.85 0
86673 -28.56 0.64 -21.96 0
86674 -29.58 1.51 -22.44 0
86675 -30.31 2.11 -22.78 0
86676 -31.05 2.11 -22.99 0
86677 -31.62 2.28 -23.21 0
86678 -32.72 1.55 -23.44 0
86679 -33.20 1.55 -23.61 0
86680 -33.64 1.95 -23.85 0
86681 -34.17 1.79 -24.02 0
86682 -34.69 1.81 -24.21 0
86683 -35.03 1.77 -24.33 0
86692 -27.66 0.72 -21.70 0
86693 -28.01 1.05 -21.89 0
86694 -28.53 1.41 -22.13 0
86695 -29.08 2.27 -22.47 0
86696 -29.70 2.83 -22.76 0
86697 -32.06 2.48 -23.39 0
86698 -32.50 2.54 -23.55 0
86699 -32.99 2.41 -23.70 0
86700 -33.32 2.25 -23.79 0
86701 -37.53 -4.82 -24.61 0
86702 -37.57 -4.28 -24.69 0
86713 -27.49 1.06 -21.73 0
86714 -27.68 1.37 -21.86 0
86715 -28.01 1.93 -22.09 0
86716 -28.43 3.03 -22.46 0
86717 -29.19 3.62 -22.79 0
86718 -37.46 -7.30 -24.31 0
86728 -16.74 5.15 -15.82 0
86731 -28.20 4.37 -22.69 0
86732 -28.77 4.49 -22.87 0
86744 -16.83 6.17 -16.44 0
86746 -28.04 5.35 -22.87 0
86747 -28.48 5.28 -22.97 0
86756 -17.29 6.56 -17.25 0
86758 -26.19 5.52 -22.39 0
86759 -26.80 5.80 -22.65 0
86760 -27.38 5.99 -22.85 0
86761 -27.85 6.10 -23.00 0
86773 -17.63 7.11 -17.87 0
86774 -24.53 6.66 -22.15 0
86775 -25.02 6.62 -22.31 0
86776 -25.65 6.34 -22.44 0
86782 -18.05 7.08 -18.31 0
86783 -23.57 7.00 -21.87 0
86784 -24.06 7.14 -22.10 0
86791 -18.52 7.24 -18.82 0
86792 -18.98 7.45 -19.30 0
86793 -22.70 7.13 -21.55 0
86794 -23.07 7.54 -21.81 0
86802 -19.44 7.69 -19.75 0
86803 -19.95 7.99 -20.22 0
86804 -20.42 7.84 -20.50 0
86805 -22.04 7.77 -21.41 0
86806 -22.39 7.90 -21.61 0
86807 -22.83 8.61 -21.98 0
86822 -20.27 8.62 -20.62 0
86823 -20.71 8.50 -20.87 0
86824 -21.17 8.68 -21.19 0
86825 -21.77 8.34 -21.43 0
86826 -22.18 8.98 -21.78 0
87973 -35.37 2.20 -24.53 0
87974 -35.60 2.31 -24.64 0
87979 -30.40 2.85 -22.96 0
87980 -30.66 3.20 -23.11 0
87981 -31.32 3.39 -23.34 0
87982 -31.73 3.88 -23.56 0
87983 -33.67 2.56 -23.97 0
87984 -33.90 2.63 -24.06 0
87985 -34.43 2.74 -24.27 0
87986 -35.14 2.76 -24.52 0
87994 -30.22 3.25 -22.99 0
87995 -30.42 4.30 -23.26 0
87996 -31.78 3.11 -23.42 0
87997 -32.17 3.54 -23.63 0
87998 -32.77 3.48 -23.82 0
87999 -33.45 3.13 -23.99 0
88000 -34.06 3.64 -24.28 0
88001 -34.63 3.83 -24.51 0
88009 -29.82 4.25 -23.09 0
88010 -30.19 5.36 -23.42 0
88022 -29.31 4.88 -23.10 0
88023 -29.71 5.55 -23.34 0
88037 -28.36 6.45 -23.20 0
88038 -28.97 5.76 -23.20 0
88039 -29.37 5.66 -23.28 0
88052 -26.34 7.08 -22.84 0
88053 -27.10 6.93 -23.00 0
88054 -27.64 6.81 -23.11 0
88055 -27.97 6.68 -23.16 0
88066 -17.67 8.21 -18.31 0
88067 -24.69 7.96 -22.55 0
88068 -25.39 7.52 -22.67 0
88069 -25.80 7.25 -22.73 0
88077 -18.11 8.35 -18.81 0
88078 -23.63 7.96 -22.15 0
88079 -24.05 8.41 -22.44 0
88089 -18.59 8.50 -19.29 0
88090 -19.05 8.66 -19.74 0
88091 -23.32 9.00 -22.29 0
88092 -23.71 8.72 -22.39 0
88103 -19.49 8.90 -20.16 0
88104 -19.93 9.28 -20.58 0
88105 -22.52 9.13 -21.97 0
88106 -22.84 9.54 -22.21 0
88118 -20.38 9.54 -20.95 0
88119 -20.86 9.62 -21.26 0
88120 -21.41 9.84 -21.62 0
88121 -21.91 9.61 -21.82 0
88122 -22.30 9.96 -22.08 0
88123 -22.58 9.80 -22.16 0
88137 -21.54 10.60 -21.89 0
88138 -21.79 10.39 -21.95 0
88139 -22.04 10.22 -22.03 0
89220 -30.94 4.41 -23.43 0
89221 -31.48 4.73 -23.65 0
89222 -31.92 4.62 -23.76 0
89231 -30.64 5.33 -23.53 0
89232 -31.10 5.52 -23.69 0
89233 -32.44 4.66 -23.93 0
89234 -33.06 4.64 -24.12 0
89235 -33.69 4.69 -24.33 0
89236 -34.27 4.84 -24.54 0
89245 -30.44 6.07 -23.62 0
89246 -30.76 6.31 -23.75 0
89252 -30.09 6.69 -23.67 0
89253 -30.49 6.67 -23.76 0
89258 -27.38 9.04 -23.57 0
89259 -27.97 8.61 -23.60 0
89260 -28.48 7.91 -23.56 0
89261 -29.00 7.17 -23.51 0
89262 -29.47 6.46 -23.47 0
89272 -25.92 9.17 -23.25 0
89273 -26.38 8.66 -23.24 0
89274 -26.93 8.13 -23.25 0
89275 -27.51 7.81 -23.31 0
89276 -28.00 7.37 -23.32 0
89285 -24.79 9.23 -22.93 0
89286 -25.32 8.89 -23.01 0
89287 -25.85 8.09 -22.96 0
89295 -17.72 9.46 -18.80 0
89296 -24.38 9.21 -22.78 0
89303 -18.19 9.63 -19.31 0
89304 -18.70 9.74 -19.78 0
89305 -23.48 10.03 -22.61 0
89306 -23.85 9.52 -22.64 0
89314 -19.13 9.69 -20.12 0
89315 -19.50 10.15 -20.53 0
89316 -23.15 10.14 -22.49 0
89322 -20.00 10.49 -20.97 0
89323 -20.55 10.73 -21.38 0
89324 -21.00 10.48 -21.57 0
89325 -22.38 10.49 -22.24 0
89326 -22.67 10.58 -22.39 0
89341 -20.91 11.23 -21.72 0
89342 -21.29 11.03 -21.87 0
89343 -21.68 11.16 -22.09 0
89344 -22.17 10.94 -22.26 0
89345 -22.53 11.54 -22.56 0
90434 -31.58 5.20 -23.77 0
90435 -31.71 5.19 -23.81 0
90443 -31.55 5.67 -23.85 0
90444 -32.04 5.73 -24.01 0
90445 -32.69 5.93 -24.24 0
90446 -33.34 5.95 -24.44 0
90447 -33.95 5.96 -24.62 0
90456 -31.22 6.65 -23.95 0
90463 -28.29 10.37 -24.08 0
90464 -30.11 7.87 -23.92 0
90465 -30.66 7.61 -23.99 0
90470 -26.79 10.60 -23.81 0
90471 -27.11 10.28 -23.80 0
90472 -27.89 10.17 -23.95 0
90473 -28.50 9.39 -23.90 0
90474 -29.03 8.50 -23.81 0
90475 -29.63 7.96 -23.83 0
90482 -25.66 9.99 -23.38 0
90483 -26.39 10.24 -23.63 0
90484 -26.84 9.26 -23.50 0
90489 -24.61 9.78 -23.01 0
90490 -24.99 10.34 -23.27 0
90497 -24.33 10.38 -23.04 0
90498 -24.61 11.28 -23.36 0
90506 -18.30 10.97 -19.84 0
90507 -23.39 10.55 -22.69 0
90508 -23.72 10.93 -22.92 0
90520 -18.94 11.06 -20.39 0
90521 -19.54 11.55 -20.97 0
90522 -23.21 11.13 -22.75 0
90523 -23.48 11.83 -23.03 0
90533 -20.12 11.78 -21.41 0
90534 -20.65 11.98 -21.77 0
90535 -22.87 11.74 -22.75 0
90547 -21.08 11.98 -22.00 0
90548 -21.45 11.98 -22.19 0
90549 -21.87 12.05 -22.40 0
90550 -22.30 12.13 -22.60 0
90551 -22.65 12.32 -22.79 0
91627 -31.72 6.69 -24.10 0
91628 -32.26 7.34 -24.37 0
91629 -33.01 7.29 -24.57 0
91630 -33.65 7.19 -24.74 0
91641 -31.53 8.06 -24.31 0
91642 -32.11 8.81 -24.61 0
91649 -28.76 10.61 -24.22 0
91650 -29.42 10.21 -24.27 0
91651 -30.06 9.21 -24.19 0
91652 -30.97 9.41 -24.43 0
91657 -26.86 11.30 -23.99 0
91658 -27.60 11.33 -24.15 0
91660 -29.04 9.55 -24.05 0
91661 -29.49 9.03 -24.03 0
91662 -29.73 8.73 -24.01 0
91670 -25.69 11.34 -23.71 0
91671 -26.31 11.60 -23.93 0
91683 -25.02 11.83 -23.63 0
91700 -24.20 11.62 -23.29 0
91701 -24.55 12.23 -23.57 0
91721 -18.39 12.44 -20.40 0
91722 -23.83 12.34 -23.30 0
91723 -24.22 12.55 -23.52 0
91742 -19.01 12.91 -21.01 0
91743 -19.70 12.94 -21.47 0
91744 -23.20 12.13 -22.98 0
91761 -20.30 13.05 -21.87 0
91762 -20.95 13.15 -22.24 0
91763 -21.25 13.77 -22.56 0
91764 -22.97 12.77 -23.04 0
91779 -21.25 12.55 -22.24 0
91780 -21.54 13.12 -22.52 0
91781 -22.09 13.02 -22.74 0
91782 -22.49 12.92 -22.88 0
91783 -22.72 12.86 -22.95 0
92795 -32.73 8.87 -24.78 0
92809 -31.72 9.93 -24.72 0
92819 -29.92 11.21 -24.57 0
92820 -30.61 10.86 -24.64 0
92821 -31.21 10.77 -24.76 0
92838 -26.04 12.59 -24.10 0
92852 -25.44 12.79 -23.98 0
92862 -24.87 13.02 -23.86 0
92903 -21.49 14.39 -22.83 0
92904 -21.96 14.11 -22.96 0
92905 -22.42 13.82 -23.08 0
92906 -22.76 13.43 -23.12 0
