# Label from mne_analyze
623
4602 -34.77 -115.60 -68.10 0
5356 -36.06 -114.01 -66.11 0
5357 -36.16 -114.46 -65.70 0
5358 -36.35 -114.62 -65.18 0
5374 -35.88 -114.72 -66.24 0
5393 -35.60 -114.60 -66.90 0
5403 -35.14 -115.35 -67.49 0
6177 -38.09 -110.93 -60.65 0
6178 -38.15 -111.11 -60.54 0
6194 -37.99 -111.15 -60.98 0
6195 -38.07 -111.74 -60.91 0
6212 -37.41 -112.15 -62.78 0
6213 -37.74 -111.99 -61.83 0
6214 -37.98 -112.56 -61.27 0
6230 -36.76 -112.55 -64.70 0
6231 -36.93 -112.61 -64.20 0
6232 -37.14 -112.77 -63.54 0
6233 -37.39 -112.93 -62.83 0
6234 -37.66 -113.14 -62.11 0
6253 -36.66 -113.10 -64.87 0
6254 -36.83 -113.37 -64.33 0
6255 -37.05 -113.62 -63.68 0
6256 -37.31 -113.85 -62.98 0
6275 -36.46 -113.88 -65.17 0
6276 -36.69 -114.16 -64.49 0
6277 -36.89 -114.57 -63.88 0
6334 -34.61 -113.17 -69.75 0
6335 -34.74 -112.88 -69.62 0
6336 -34.82 -111.33 -70.00 0
6337 -34.84 -111.03 -70.03 0
6338 -34.83 -110.72 -70.08 0
6343 -33.51 -115.58 -70.60 0
6344 -34.39 -113.41 -70.09 0
6345 -34.56 -112.88 -70.00 0
6346 -34.60 -112.37 -70.13 0
6347 -34.74 -111.75 -70.07 0
6348 -34.65 -111.40 -70.33 0
6349 -34.64 -110.96 -70.41 0
6359 -33.99 -114.62 -70.19 0
6360 -34.06 -113.93 -70.43 0
6361 -34.12 -113.42 -70.60 0
6362 -34.22 -112.84 -70.68 0
6363 -34.40 -112.27 -70.58 0
6364 -34.44 -111.84 -70.63 0
6371 -34.14 -112.56 -70.96 0
6372 -34.20 -112.22 -70.96 0
7070 -38.14 -109.45 -59.86 0
7071 -38.20 -109.69 -59.77 0
7072 -38.35 -110.19 -59.57 0
7088 -38.07 -109.68 -60.20 0
7089 -38.11 -110.51 -60.43 0
7090 -38.31 -110.86 -59.98 0
7105 -37.85 -110.21 -61.12 0
7106 -37.95 -110.73 -61.00 0
7123 -37.55 -111.15 -62.27 0
7124 -37.82 -111.05 -61.44 0
7135 -36.74 -112.35 -64.82 0
7136 -36.90 -111.90 -64.31 0
7137 -37.20 -111.89 -63.40 0
7157 -36.55 -112.73 -65.27 0
7158 -36.69 -112.19 -64.95 0
7180 -36.34 -112.69 -65.80 0
7210 -35.60 -112.33 -67.65 0
7211 -35.69 -111.76 -67.58 0
7219 -35.09 -112.99 -68.64 0
7220 -35.45 -111.78 -68.21 0
7221 -35.49 -111.21 -68.33 0
7222 -35.19 -109.94 -69.33 0
7223 -35.07 -109.46 -69.62 0
7224 -34.96 -109.11 -69.88 0
7237 -34.53 -113.64 -69.62 0
7238 -34.79 -113.03 -69.39 0
7239 -34.94 -112.44 -69.29 0
7240 -35.21 -111.46 -68.99 0
7241 -35.03 -111.11 -69.56 0
7242 -35.00 -110.59 -69.73 0
7243 -34.82 -110.28 -70.10 0
7244 -34.72 -109.61 -70.29 0
7254 -33.34 -115.16 -71.13 0
7256 -34.76 -112.43 -69.78 0
7257 -34.88 -112.01 -69.65 0
7258 -34.97 -111.59 -69.57 0
7259 -34.47 -110.69 -70.69 0
7260 -34.53 -110.23 -70.61 0
7272 -33.67 -114.48 -70.89 0
7273 -33.64 -114.00 -71.19 0
7274 -33.81 -113.41 -71.17 0
7275 -33.86 -112.93 -71.26 0
7976 -38.13 -107.99 -58.90 0
7977 -38.28 -108.50 -58.67 0
7990 -38.02 -108.17 -59.51 0
7991 -38.13 -108.96 -59.59 0
7992 -38.39 -109.33 -58.92 0
8014 -37.97 -108.58 -60.00 0
8015 -37.94 -109.23 -60.43 0
8034 -37.84 -108.64 -60.50 0
8035 -37.74 -109.26 -61.13 0
8053 -37.56 -110.02 -61.99 0
8072 -36.93 -111.25 -64.20 0
8073 -37.21 -110.68 -63.27 0
8096 -36.51 -112.28 -65.41 0
8097 -36.71 -111.63 -64.89 0
8098 -36.89 -110.74 -64.29 0
8119 -36.34 -112.42 -65.83 0
8120 -36.40 -111.98 -65.69 0
8121 -36.54 -110.99 -65.33 0
8134 -36.07 -112.72 -66.41 0
8135 -36.18 -111.78 -66.26 0
8136 -36.25 -110.99 -66.18 0
8145 -35.87 -112.38 -66.96 0
8146 -35.93 -111.61 -66.99 0
8147 -36.06 -110.69 -66.77 0
8148 -35.54 -108.55 -68.57 0
8149 -35.46 -108.44 -68.76 0
8150 -35.29 -108.20 -69.13 0
8158 -35.78 -111.31 -67.46 0
8159 -35.75 -110.73 -67.70 0
8160 -35.66 -110.26 -68.09 0
8161 -35.51 -109.82 -68.54 0
8162 -35.47 -108.99 -68.73 0
8163 -35.22 -108.80 -69.33 0
8178 -35.50 -110.87 -68.39 0
8179 -35.37 -110.66 -68.80 0
8180 -35.23 -110.43 -69.20 0
8958 -37.72 -105.84 -58.85 0
8959 -37.79 -106.13 -58.77 0
8960 -37.92 -106.61 -58.57 0
8961 -38.07 -107.15 -58.35 0
8962 -38.24 -107.72 -58.17 0
8963 -38.40 -108.24 -57.97 0
8973 -37.68 -105.68 -58.89 0
8974 -37.71 -106.18 -59.32 0
8975 -37.84 -106.90 -59.30 0
8976 -37.98 -107.45 -59.10 0
8998 -37.62 -106.51 -60.11 0
8999 -37.73 -107.16 -60.06 0
9000 -37.87 -107.88 -59.93 0
9018 -37.57 -106.79 -60.58 0
9019 -37.61 -107.24 -60.67 0
9020 -37.66 -108.24 -61.00 0
9021 -37.58 -109.20 -61.71 0
9035 -37.47 -108.85 -61.98 0
9036 -37.41 -109.59 -62.40 0
9055 -37.37 -109.17 -62.48 0
9056 -37.27 -109.56 -62.92 0
9078 -37.08 -109.92 -63.61 0
9093 -36.83 -109.95 -64.44 0
9112 -36.49 -109.84 -65.52 0
9113 -35.58 -107.15 -68.30 0
9127 -36.12 -109.65 -66.75 0
9128 -36.10 -109.12 -66.93 0
9129 -35.87 -108.34 -67.64 0
9130 -35.67 -108.20 -68.20 0
9131 -35.52 -107.84 -68.55 0
9132 -35.34 -107.57 -68.93 0
9144 -35.86 -110.02 -67.53 0
9145 -35.89 -109.43 -67.54 0
9146 -35.74 -109.00 -68.01 0
9147 -35.70 -108.64 -68.15 0
9944 -37.86 -105.64 -57.67 0
9945 -37.89 -105.71 -57.53 0
9957 -37.52 -104.67 -58.28 0
9958 -37.68 -105.39 -58.39 0
9959 -37.84 -105.85 -58.12 0
9960 -37.97 -106.19 -57.76 0
9961 -38.16 -106.93 -57.59 0
9962 -38.33 -107.53 -57.50 0
9974 -37.38 -104.18 -58.51 0
9975 -37.46 -104.57 -58.62 0
9976 -37.59 -105.32 -58.97 0
9977 -37.61 -105.88 -59.59 0
9996 -37.42 -104.40 -58.76 0
9997 -37.46 -104.78 -59.08 0
9998 -37.53 -105.43 -59.54 0
9999 -37.56 -105.96 -59.96 0
10014 -37.45 -105.03 -59.60 0
10015 -37.49 -105.62 -60.04 0
10016 -37.52 -106.33 -60.52 0
10017 -37.52 -107.05 -61.01 0
10018 -37.55 -107.68 -61.23 0
10035 -37.43 -105.20 -60.03 0
10036 -37.43 -105.76 -60.56 0
10037 -37.40 -106.60 -61.35 0
10038 -37.43 -107.62 -61.70 0
10039 -37.49 -108.21 -61.70 0
10056 -37.28 -106.67 -62.06 0
10057 -37.28 -107.49 -62.32 0
10058 -37.30 -108.64 -62.57 0
10059 -37.19 -109.33 -63.17 0
10071 -37.21 -106.47 -62.35 0
10072 -37.13 -107.16 -62.92 0
10073 -37.10 -108.23 -63.27 0
10074 -37.07 -109.18 -63.56 0
10088 -37.01 -107.24 -63.46 0
10089 -36.91 -107.88 -63.98 0
10090 -36.86 -108.97 -64.27 0
10091 -35.78 -106.04 -67.52 0
10113 -36.74 -108.14 -64.71 0
10114 -36.71 -108.68 -64.85 0
10115 -35.99 -106.72 -67.08 0
10116 -35.84 -106.68 -67.50 0
10117 -35.59 -106.46 -68.11 0
10126 -36.66 -108.45 -65.06 0
10127 -36.50 -108.78 -65.58 0
10128 -36.27 -108.59 -66.37 0
10129 -36.12 -108.09 -66.85 0
10130 -35.98 -107.32 -67.19 0
10131 -35.73 -107.44 -67.95 0
10141 -36.08 -108.80 -67.03 0
10142 -35.95 -108.74 -67.42 0
11039 -37.82 -105.43 -57.57 0
11040 -37.85 -105.49 -57.50 0
11052 -37.43 -104.19 -57.85 0
11053 -37.52 -104.51 -57.71 0
11054 -37.74 -105.18 -57.52 0
11055 -37.87 -105.53 -57.19 0
11056 -38.05 -106.14 -57.00 0
11057 -38.29 -106.89 -56.76 0
11069 -37.30 -103.79 -58.27 0
11070 -37.38 -104.05 -58.10 0
11078 -37.33 -104.07 -58.83 0
11079 -37.41 -104.60 -59.27 0
11089 -37.27 -103.89 -59.18 0
11090 -37.36 -104.52 -59.59 0
11104 -37.36 -105.04 -60.37 0
11105 -37.36 -105.72 -61.02 0
11106 -37.33 -106.14 -61.54 0
11120 -37.32 -105.19 -60.88 0
11121 -37.30 -105.58 -61.38 0
11122 -37.27 -106.09 -61.88 0
11133 -37.25 -105.68 -61.77 0
11134 -37.20 -105.99 -62.18 0
11135 -37.12 -106.43 -62.71 0
11136 -36.22 -105.03 -65.71 0
11137 -36.11 -105.08 -66.11 0
11138 -35.95 -105.00 -66.63 0
11155 -37.04 -106.85 -63.20 0
11156 -36.93 -107.04 -63.73 0
11157 -36.32 -105.80 -65.67 0
11158 -36.24 -105.59 -65.87 0
11159 -35.99 -105.84 -66.82 0
11160 -35.80 -105.43 -67.26 0
11178 -36.74 -107.49 -64.59 0
11179 -36.57 -107.26 -65.15 0
11180 -36.45 -106.85 -65.51 0
11181 -36.32 -106.25 -65.79 0
11182 -36.11 -106.43 -66.61 0
11183 -35.99 -106.42 -67.01 0
11196 -36.64 -108.18 -65.08 0
11197 -36.53 -108.00 -65.45 0
11198 -36.37 -107.67 -65.94 0
11199 -36.25 -107.17 -66.30 0
11200 -36.17 -106.80 -66.48 0
12150 -37.02 -102.72 -57.37 0
12151 -37.26 -103.53 -57.32 0
12152 -37.45 -104.10 -56.89 0
12153 -37.66 -104.70 -56.59 0
12154 -37.88 -105.33 -56.38 0
12155 -38.09 -105.96 -56.27 0
12156 -38.22 -106.31 -56.09 0
12167 -36.97 -102.55 -58.09 0
12168 -37.14 -103.17 -58.09 0
12169 -37.23 -103.45 -57.83 0
12177 -37.01 -102.69 -58.50 0
12178 -37.15 -103.28 -58.69 0
12186 -37.08 -103.01 -58.91 0
12187 -37.19 -103.56 -59.28 0
12188 -37.28 -104.02 -59.52 0
12196 -37.24 -103.89 -59.61 0
12197 -37.27 -104.24 -59.95 0
12204 -37.27 -104.63 -60.56 0
12205 -37.27 -104.98 -61.06 0
12206 -36.61 -104.30 -63.69 0
12207 -36.54 -104.21 -63.92 0
12208 -36.40 -104.14 -64.47 0
12209 -36.28 -104.12 -64.99 0
12222 -37.24 -105.25 -61.49 0
12223 -37.20 -105.48 -61.90 0
12224 -37.10 -105.72 -62.45 0
12225 -36.95 -105.63 -63.02 0
12226 -36.80 -105.35 -63.49 0
12227 -36.65 -104.77 -63.82 0
12228 -36.48 -104.85 -64.59 0
12229 -36.32 -104.90 -65.26 0
12230 -36.18 -104.49 -65.58 0
12231 -36.05 -104.50 -66.07 0
12232 -35.90 -104.33 -66.47 0
12243 -37.00 -106.35 -63.18 0
12244 -36.81 -106.40 -63.97 0
12245 -36.66 -105.80 -64.31 0
12246 -36.53 -105.50 -64.73 0
12247 -36.38 -105.53 -65.34 0
12248 -36.32 -105.35 -65.49 0
12256 -36.69 -106.94 -64.62 0
12257 -36.62 -106.57 -64.78 0
12258 -36.51 -106.15 -65.07 0
12259 -36.44 -105.87 -65.24 0
13199 -34.36 -96.93 -51.46 0
13200 -34.82 -97.94 -51.64 0
13213 -34.87 -97.81 -52.39 0
13214 -35.21 -98.68 -52.16 0
13228 -35.31 -98.53 -53.52 0
13229 -35.52 -99.19 -53.03 0
13230 -35.69 -99.69 -52.64 0
13250 -35.82 -99.35 -55.36 0
13251 -35.72 -99.27 -54.63 0
13252 -35.89 -99.88 -54.03 0
13253 -36.11 -100.55 -53.43 0
13254 -36.01 -100.39 -52.84 0
13274 -36.06 -99.91 -55.82 0
13275 -36.11 -100.14 -55.49 0
13276 -36.22 -100.56 -55.03 0
13277 -36.42 -101.17 -54.53 0
13297 -36.30 -100.57 -56.14 0
13298 -36.48 -101.14 -55.94 0
13299 -36.68 -101.78 -55.57 0
13300 -36.94 -102.52 -55.14 0
13301 -37.29 -103.45 -55.16 0
13312 -36.62 -101.39 -57.16 0
13313 -36.64 -101.52 -56.88 0
13314 -36.87 -102.28 -56.55 0
13315 -37.10 -102.98 -56.24 0
13316 -37.36 -103.69 -55.94 0
13317 -37.62 -104.41 -55.63 0
13318 -37.93 -105.26 -55.60 0
13319 -38.12 -105.85 -55.78 0
13328 -36.73 -101.74 -57.53 0
13329 -36.91 -102.34 -57.59 0
13330 -38.07 -105.60 -55.35 0
13341 -36.85 -102.09 -58.15 0
13350 -36.95 -102.47 -58.70 0
13351 -37.06 -103.06 -59.39 0
13352 -37.03 -103.07 -59.81 0
13364 -37.19 -103.72 -59.70 0
13365 -37.14 -103.82 -60.31 0
13366 -37.08 -103.94 -60.99 0
13367 -37.00 -103.82 -61.41 0
13368 -36.90 -103.66 -61.80 0
13369 -36.79 -103.48 -62.17 0
13370 -36.68 -103.28 -62.56 0
13371 -36.56 -102.98 -62.89 0
13372 -36.47 -102.70 -63.04 0
13382 -37.23 -104.52 -60.79 0
13383 -37.18 -104.65 -61.22 0
13384 -37.08 -104.48 -61.64 0
13385 -36.98 -104.34 -62.05 0
13386 -36.87 -104.16 -62.44 0
13387 -36.76 -103.96 -62.81 0
13388 -36.63 -103.90 -63.32 0
13389 -36.45 -103.25 -63.63 0
13390 -36.30 -103.44 -64.44 0
13391 -36.13 -103.59 -65.21 0
13392 -35.93 -103.22 -65.67 0
13393 -35.75 -102.99 -66.10 0
13404 -37.20 -105.12 -61.62 0
13405 -37.14 -105.09 -61.86 0
13406 -37.04 -105.03 -62.29 0
13407 -36.91 -104.86 -62.73 0
13408 -36.79 -104.58 -63.09 0
13409 -36.71 -104.31 -63.26 0
13410 -36.10 -104.14 -65.69 0
13411 -36.00 -103.92 -65.90 0
13412 -35.82 -103.66 -66.30 0
14408 -34.18 -96.32 -51.89 0
14429 -34.67 -97.08 -53.01 0
14450 -35.15 -97.93 -54.06 0
14472 -35.66 -98.86 -55.39 0
14473 -35.48 -98.52 -54.90 0
14474 -36.36 -101.16 -53.44 0
14475 -36.35 -101.20 -52.93 0
14491 -36.00 -99.65 -56.25 0
14492 -35.89 -99.39 -55.93 0
14493 -36.61 -101.72 -53.96 0
14494 -36.96 -102.60 -53.74 0
14495 -37.28 -103.35 -53.76 0
14508 -36.14 -100.02 -56.46 0
14509 -36.15 -100.11 -56.18 0
14510 -37.06 -102.82 -54.52 0
14511 -37.44 -103.80 -54.56 0
14512 -37.57 -104.08 -53.90 0
14527 -36.46 -100.91 -57.08 0
14528 -36.34 -100.63 -56.55 0
14529 -37.73 -104.63 -55.12 0
14530 -37.91 -105.05 -54.67 0
14541 -36.62 -101.29 -58.00 0
14542 -36.62 -101.35 -57.76 0
14553 -36.63 -101.31 -58.17 0
14554 -36.75 -101.74 -58.34 0
14566 -36.87 -102.24 -58.93 0
14567 -36.92 -102.53 -59.45 0
14568 -36.95 -102.87 -60.11 0
14569 -36.84 -102.63 -60.54 0
14570 -36.75 -102.45 -60.92 0
14571 -36.66 -102.25 -61.28 0
14572 -36.57 -102.06 -61.64 0
14573 -36.49 -101.89 -61.97 0
14574 -36.44 -101.76 -62.14 0
14585 -37.05 -103.49 -60.55 0
14586 -36.98 -103.32 -60.80 0
14587 -36.89 -103.15 -61.17 0
14588 -36.79 -102.97 -61.54 0
14589 -36.69 -102.77 -61.90 0
14590 -36.58 -102.54 -62.25 0
14591 -36.46 -102.18 -62.53 0
14592 -36.39 -102.34 -63.13 0
14593 -36.31 -102.26 -63.50 0
14594 -36.24 -102.28 -63.85 0
14602 -36.38 -102.66 -63.54 0
14603 -36.32 -102.77 -63.90 0
14604 -36.18 -102.68 -64.41 0
14605 -36.01 -102.66 -65.02 0
14606 -35.83 -102.49 -65.51 0
15718 -33.89 -95.29 -52.46 0
15731 -34.61 -96.58 -53.74 0
15743 -35.41 -98.16 -55.38 0
15744 -35.10 -97.57 -54.58 0
15745 -36.87 -102.39 -53.00 0
15761 -35.97 -99.54 -56.36 0
15762 -35.73 -98.91 -56.12 0
15763 -37.10 -102.92 -53.41 0
15781 -36.12 -99.91 -56.88 0
15782 -35.91 -99.35 -56.51 0
15800 -36.42 -100.69 -57.70 0
15801 -36.40 -100.66 -57.45 0
15809 -36.54 -101.01 -57.96 0
15810 -36.53 -101.01 -57.77 0
15824 -36.59 -101.15 -58.16 0
15825 -36.65 -101.36 -58.36 0
15826 -36.65 -101.40 -58.65 0
15827 -36.64 -101.44 -58.99 0
15828 -36.61 -101.43 -59.36 0
15829 -36.57 -101.35 -59.74 0
15830 -36.51 -101.24 -60.11 0
15831 -36.46 -101.13 -60.43 0
15841 -36.75 -101.73 -58.66 0
15842 -36.78 -101.90 -59.03 0
15843 -36.78 -102.04 -59.48 0
15844 -36.75 -102.04 -59.92 0
15845 -36.68 -101.91 -60.32 0
15846 -36.60 -101.75 -60.67 0
15847 -36.50 -101.45 -60.98 0
15848 -36.44 -101.41 -61.45 0
15849 -36.38 -101.32 -61.83 0
15850 -36.31 -101.16 -62.09 0
15857 -36.39 -101.60 -62.23 0
15858 -36.33 -101.56 -62.56 0
15859 -36.28 -101.70 -63.06 0
15860 -36.21 -101.76 -63.49 0
15861 -35.87 -101.46 -64.69 0
15862 -35.79 -101.34 -64.86 0
15873 -36.14 -101.88 -63.96 0
15874 -36.05 -102.06 -64.48 0
15875 -35.90 -101.84 -64.85 0
15876 -35.72 -101.82 -65.40 0
17137 -33.99 -94.99 -53.52 0
17158 -35.18 -97.50 -55.39 0
17159 -34.80 -96.62 -54.81 0
17179 -35.38 -97.94 -55.90 0
17180 -35.11 -97.28 -55.46 0
17198 -36.04 -99.63 -57.04 0
17199 -35.81 -99.03 -56.66 0
17214 -36.42 -100.67 -57.85 0
17215 -36.21 -100.08 -57.49 0
17216 -35.99 -99.47 -57.11 0
17228 -36.52 -100.93 -58.08 0
17229 -36.40 -100.59 -57.99 0
17242 -36.58 -101.12 -58.23 0
17243 -36.54 -101.01 -58.31 0
17244 -36.52 -100.97 -58.57 0
17245 -36.47 -100.89 -58.85 0
17246 -36.43 -100.78 -59.18 0
17247 -36.38 -100.67 -59.55 0
17248 -36.34 -100.58 -59.94 0
17249 -36.31 -100.58 -60.44 0
17250 -36.23 -100.31 -60.77 0
17251 -36.17 -100.15 -61.10 0
17254 -36.37 -100.92 -60.99 0
17255 -36.31 -100.78 -61.30 0
17256 -36.22 -100.54 -61.63 0
17257 -36.20 -100.72 -62.16 0
17258 -36.13 -100.62 -62.50 0
17263 -36.22 -101.15 -62.66 0
17264 -36.16 -101.09 -63.01 0
17265 -36.11 -101.28 -63.52 0
17266 -36.02 -101.14 -63.81 0
17267 -35.89 -101.18 -64.35 0
17268 -35.67 -100.55 -64.61 0
17283 -36.08 -101.48 -63.86 0
17284 -36.04 -101.58 -64.15 0
17285 -35.98 -101.68 -64.46 0
18579 -34.10 -94.81 -54.35 0
18580 -34.17 -94.68 -54.87 0
18599 -34.55 -95.69 -55.18 0
18600 -34.39 -95.17 -55.20 0
18615 -35.29 -97.63 -56.03 0
18616 -35.06 -97.02 -55.74 0
18640 -35.42 -97.91 -56.45 0
18641 -35.12 -97.06 -56.19 0
18658 -36.11 -99.77 -57.68 0
18659 -35.87 -99.12 -57.26 0
18670 -36.26 -100.20 -57.96 0
18671 -36.08 -99.66 -58.00 0
18672 -36.04 -99.52 -58.40 0
18673 -35.98 -99.33 -58.74 0
18674 -35.96 -99.20 -59.16 0
18675 -35.94 -99.10 -59.59 0
18676 -35.91 -98.99 -60.03 0
18677 -35.88 -98.88 -60.46 0
18678 -35.83 -98.72 -60.71 0
18685 -36.42 -100.65 -58.24 0
18686 -36.34 -100.44 -58.38 0
18687 -36.27 -100.23 -58.63 0
18688 -36.22 -100.09 -58.98 0
18689 -36.18 -99.97 -59.36 0
18690 -36.15 -99.87 -59.78 0
18691 -36.11 -99.75 -60.20 0
18692 -36.06 -99.60 -60.62 0
18693 -35.99 -99.46 -61.19 0
18694 -35.95 -99.35 -61.51 0
18706 -36.11 -100.15 -61.74 0
18707 -36.02 -99.84 -61.94 0
18708 -36.01 -100.25 -62.71 0
18709 -35.89 -100.01 -63.12 0
18710 -35.78 -99.88 -63.51 0
18711 -35.68 -99.80 -63.88 0
18723 -36.08 -100.84 -63.14 0
18724 -36.01 -100.69 -63.33 0
18725 -35.90 -100.55 -63.69 0
18726 -35.78 -100.36 -64.04 0
18727 -35.68 -100.15 -64.21 0
19977 -34.51 -95.44 -55.40 0
19978 -34.31 -94.86 -55.37 0
19995 -34.76 -96.04 -55.90 0
19996 -34.50 -95.26 -55.80 0
20020 -35.56 -98.22 -57.09 0
20021 -35.21 -97.23 -56.70 0
20034 -35.78 -98.80 -57.63 0
20035 -35.50 -97.98 -57.40 0
20036 -35.50 -97.53 -59.29 0
20037 -35.51 -97.50 -59.77 0
20038 -35.52 -97.55 -60.25 0
20039 -35.54 -97.60 -60.52 0
20047 -35.91 -99.16 -58.02 0
20048 -35.74 -98.63 -58.04 0
20049 -35.74 -98.52 -58.54 0
20050 -35.73 -98.41 -58.98 0
20051 -35.72 -98.32 -59.43 0
20052 -35.71 -98.24 -59.88 0
20053 -35.70 -98.20 -60.32 0
20054 -35.71 -98.30 -60.88 0
20055 -35.66 -98.20 -61.37 0
20056 -35.62 -98.10 -61.61 0
20057 -35.46 -97.87 -62.33 0
20058 -35.35 -97.75 -62.79 0
20071 -35.89 -99.04 -61.30 0
20072 -35.86 -99.04 -61.61 0
20073 -35.74 -98.68 -61.91 0
20074 -35.64 -98.53 -62.35 0
20075 -35.55 -98.54 -62.87 0
20076 -35.44 -98.53 -63.45 0
20088 -35.94 -99.45 -61.89 0
20089 -35.91 -99.44 -62.10 0
20090 -35.83 -99.37 -62.52 0
20091 -35.73 -99.27 -62.96 0
20092 -35.63 -99.23 -63.41 0
21281 -34.60 -95.44 -56.18 0
21282 -34.32 -94.71 -55.76 0
21293 -34.91 -96.30 -56.60 0
21294 -34.97 -95.88 -58.54 0
21295 -34.99 -95.86 -59.05 0
21296 -35.02 -95.88 -59.57 0
21297 -35.01 -95.84 -60.07 0
21298 -34.97 -95.71 -60.52 0
21316 -35.22 -97.10 -57.27 0
21317 -35.22 -96.97 -57.77 0
21318 -35.23 -96.85 -58.22 0
21319 -35.24 -96.76 -58.68 0
21320 -35.26 -96.72 -59.17 0
21321 -35.28 -96.74 -59.68 0
21322 -35.34 -96.93 -60.29 0
21323 -35.26 -96.68 -60.70 0
21324 -35.19 -96.52 -61.14 0
21325 -35.11 -96.34 -61.58 0
21340 -35.49 -97.89 -57.66 0
21341 -35.49 -97.81 -57.94 0
21342 -35.49 -97.70 -58.38 0
21343 -35.49 -97.60 -58.83 0
21344 -35.53 -97.59 -60.64 0
21345 -35.50 -97.53 -60.87 0
21346 -35.46 -97.49 -61.33 0
21347 -35.38 -97.33 -61.78 0
21348 -35.25 -97.06 -62.18 0
21361 -35.57 -98.02 -61.84 0
21362 -35.52 -97.94 -62.07 0
22492 -34.57 -95.29 -56.36 0
22493 -34.39 -94.76 -56.25 0
22518 -34.72 -95.67 -56.64 0
22519 -34.65 -95.33 -56.98 0
22520 -34.66 -95.20 -57.46 0
22521 -34.63 -94.95 -57.87 0
22522 -34.68 -94.98 -58.40 0
22523 -34.70 -94.94 -58.90 0
22524 -34.73 -94.94 -59.42 0
22525 -34.72 -94.87 -59.90 0
22542 -34.95 -96.33 -56.92 0
22543 -34.95 -96.25 -57.19 0
22544 -34.95 -96.10 -57.61 0
22545 -34.95 -95.96 -58.06 0
155947 -34.38 -115.40 -68.95 0
155948 -35.13 -114.11 -68.06 0
155949 -35.12 -114.61 -67.87 0
155952 -34.73 -114.26 -68.83 0
155953 -35.58 -114.08 -67.18 0
155954 -35.53 -113.43 -67.47 0
155955 -34.02 -115.24 -69.77 0
155956 -35.78 -113.73 -66.90 0
155958 -36.19 -113.23 -66.05 0
155959 -36.39 -113.40 -65.50 0
155960 -35.86 -113.82 -66.73 0
155961 -35.81 -114.00 -66.73 0
155962 -35.94 -113.69 -66.54 0
155963 -35.90 -113.34 -66.71 0
155964 -35.84 -113.17 -66.87 0
