# Label from mne_analyze
1253
5633 35.60 -111.68 -54.28 0
5634 35.48 -111.47 -54.61 0
5645 35.49 -112.00 -54.80 0
5646 35.36 -111.66 -55.10 0
5659 35.33 -112.28 -55.38 0
5660 35.22 -111.99 -55.68 0
5673 35.22 -112.44 -55.80 0
6447 35.64 -110.30 -53.09 0
6448 35.51 -110.06 -53.54 0
6449 35.41 -109.94 -53.89 0
6456 35.83 -111.22 -52.86 0
6457 35.73 -110.98 -53.23 0
6458 35.61 -110.71 -53.64 0
6459 35.47 -110.45 -54.06 0
6474 35.80 -111.76 -53.41 0
6475 35.68 -111.35 -53.77 0
6476 35.55 -111.10 -54.18 0
6477 35.37 -110.93 -54.70 0
6492 35.21 -111.29 -55.42 0
6510 35.06 -111.72 -56.07 0
6529 35.06 -112.53 -56.28 0
7305 35.55 -109.41 -52.62 0
7306 35.43 -109.03 -52.75 0
7307 35.25 -108.40 -52.94 0
7308 35.09 -107.86 -53.02 0
7323 35.64 -109.82 -52.57 0
7324 35.53 -109.65 -53.02 0
7325 35.33 -109.28 -53.55 0
7326 35.08 -108.26 -53.57 0
7327 34.97 -108.03 -53.88 0
7335 35.88 -111.07 -52.44 0
7336 35.77 -110.56 -52.59 0
7337 35.28 -109.97 -54.39 0
7338 35.06 -108.89 -54.34 0
7339 35.00 -108.30 -54.04 0
7354 35.18 -110.53 -55.15 0
7355 35.06 -109.78 -55.06 0
7372 35.03 -110.89 -55.84 0
7373 35.05 -110.31 -55.49 0
7391 34.91 -111.44 -56.43 0
7409 34.87 -112.13 -56.73 0
7426 34.80 -112.99 -57.09 0
7518 28.76 -111.86 -70.74 0
7519 28.60 -112.42 -70.84 0
7529 28.72 -108.33 -70.77 0
7530 28.80 -108.81 -70.70 0
7531 28.78 -109.45 -70.75 0
8151 34.42 -104.58 -51.66 0
8152 34.31 -104.28 -51.76 0
8153 34.11 -103.70 -51.98 0
8164 34.49 -104.99 -51.94 0
8165 34.29 -104.47 -52.33 0
8166 34.00 -103.62 -52.62 0
8167 33.94 -103.58 -53.11 0
8176 35.18 -107.48 -52.00 0
8177 35.01 -106.96 -52.17 0
8178 34.76 -106.14 -52.29 0
8179 34.51 -105.45 -52.68 0
8180 34.27 -104.78 -53.02 0
8181 34.06 -104.17 -53.35 0
8189 35.56 -109.13 -52.16 0
8190 35.34 -108.26 -52.21 0
8191 35.14 -107.70 -52.53 0
8192 34.95 -107.20 -52.84 0
8193 34.71 -106.50 -53.11 0
8194 34.48 -105.81 -53.43 0
8195 34.26 -105.14 -53.75 0
8210 35.75 -109.87 -51.94 0
8211 35.01 -107.72 -53.25 0
8212 34.90 -107.51 -53.56 0
8213 34.66 -106.84 -53.89 0
8214 34.44 -106.12 -54.15 0
8223 35.88 -110.63 -52.03 0
8224 34.94 -108.61 -54.61 0
8225 34.85 -108.02 -54.37 0
8226 34.56 -107.04 -54.72 0
8227 34.40 -106.30 -54.62 0
8237 34.87 -108.92 -55.13 0
8238 34.67 -107.96 -55.16 0
8239 34.55 -107.45 -55.21 0
8253 34.85 -110.91 -56.42 0
8254 34.88 -110.04 -55.88 0
8270 34.71 -111.57 -57.07 0
8290 34.65 -112.49 -57.45 0
8307 34.61 -113.02 -57.65 0
8358 28.69 -114.06 -70.39 0
8371 28.91 -112.72 -70.40 0
8372 28.92 -113.26 -70.26 0
8382 29.53 -107.12 -69.55 0
8383 29.55 -107.58 -69.59 0
8384 29.53 -108.25 -69.70 0
8385 29.43 -109.67 -69.97 0
8386 29.37 -109.97 -70.04 0
8387 29.19 -111.24 -70.26 0
8388 29.05 -111.68 -70.39 0
8389 29.11 -112.22 -70.23 0
8398 29.21 -107.25 -69.99 0
8399 29.13 -108.13 -70.22 0
8400 29.23 -108.91 -70.17 0
8401 29.20 -109.65 -70.26 0
8402 29.09 -110.44 -70.40 0
8403 28.98 -111.16 -70.52 0
8404 28.84 -111.60 -70.68 0
8419 28.84 -107.08 -70.44 0
8420 28.79 -107.73 -70.60 0
9028 34.30 -103.72 -50.20 0
9029 34.19 -103.39 -50.27 0
9030 33.97 -102.77 -50.45 0
9052 34.67 -105.01 -50.47 0
9053 34.43 -104.21 -50.42 0
9054 34.17 -103.48 -50.80 0
9055 33.86 -102.56 -50.95 0
9056 33.63 -101.88 -51.13 0
9077 34.88 -105.76 -50.56 0
9078 34.67 -105.17 -50.92 0
9079 34.42 -104.47 -51.31 0
9080 34.12 -103.51 -51.42 0
9081 33.79 -102.60 -51.78 0
9093 35.11 -106.72 -50.99 0
9094 34.90 -106.06 -51.23 0
9095 34.70 -105.52 -51.57 0
9096 33.73 -102.64 -52.48 0
9097 33.80 -103.04 -52.97 0
9106 35.46 -108.11 -51.08 0
9107 35.29 -107.61 -51.48 0
9108 35.07 -106.86 -51.60 0
9109 34.89 -106.31 -51.77 0
9110 33.86 -103.49 -53.51 0
9119 35.65 -109.06 -51.41 0
9120 35.47 -108.44 -51.67 0
9121 34.02 -104.42 -54.09 0
9122 34.09 -104.97 -54.57 0
9140 35.78 -109.68 -51.42 0
9141 34.24 -105.55 -54.48 0
9142 34.12 -105.41 -55.00 0
9153 35.88 -110.22 -51.45 0
9154 34.48 -107.16 -55.21 0
9155 34.34 -106.49 -55.17 0
9156 34.15 -105.97 -55.62 0
9168 34.78 -109.31 -55.81 0
9169 34.66 -108.69 -55.81 0
9170 34.46 -107.64 -55.77 0
9171 34.26 -106.79 -55.93 0
9172 34.14 -106.35 -56.11 0
9188 34.67 -110.57 -56.87 0
9189 34.65 -109.58 -56.44 0
9190 34.49 -108.74 -56.53 0
9191 34.36 -108.06 -56.61 0
9209 34.52 -111.28 -57.58 0
9233 34.45 -112.13 -57.95 0
9249 34.41 -113.11 -58.20 0
9268 34.15 -113.55 -58.94 0
9298 29.18 -113.61 -69.78 0
9299 29.03 -114.47 -69.81 0
9300 29.24 -114.81 -69.43 0
9310 30.12 -106.36 -68.55 0
9311 30.21 -106.90 -68.51 0
9312 30.28 -107.27 -68.47 0
9313 29.27 -112.56 -69.91 0
9314 29.32 -113.03 -69.72 0
9321 29.82 -106.19 -68.95 0
9322 29.83 -106.94 -69.09 0
9323 30.00 -107.75 -68.95 0
9324 29.69 -108.86 -69.52 0
9325 29.63 -109.66 -69.66 0
9326 29.47 -110.45 -69.88 0
9327 29.43 -111.16 -69.90 0
9328 29.39 -111.76 -69.89 0
9329 29.35 -112.14 -69.91 0
9341 29.49 -106.04 -69.38 0
9342 29.51 -106.67 -69.49 0
9343 29.41 -109.21 -69.97 0
9344 29.48 -109.41 -69.88 0
9345 29.21 -110.75 -70.25 0
9346 29.27 -110.95 -70.17 0
9358 29.29 -105.94 -69.62 0
9359 29.10 -106.44 -69.97 0
10038 34.07 -102.93 -49.53 0
10039 33.94 -102.53 -49.55 0
10054 34.41 -104.06 -49.63 0
10055 34.26 -103.57 -49.92 0
10056 33.95 -102.60 -49.90 0
10057 33.66 -101.82 -50.35 0
10058 33.43 -101.12 -50.35 0
10082 34.66 -104.92 -50.00 0
10083 34.45 -104.19 -49.99 0
10084 33.65 -101.85 -50.79 0
10085 33.42 -101.14 -50.75 0
10086 33.25 -100.68 -51.00 0
10108 34.91 -105.77 -50.09 0
10109 33.41 -101.27 -51.41 0
10110 33.15 -100.43 -51.22 0
10122 35.31 -107.17 -50.16 0
10123 35.16 -106.65 -50.24 0
10124 33.44 -101.62 -52.25 0
10125 33.60 -102.31 -52.80 0
10137 35.40 -107.62 -50.42 0
10138 35.29 -107.34 -50.84 0
10139 33.38 -101.65 -52.98 0
10140 33.62 -102.61 -53.34 0
10151 35.62 -108.61 -50.69 0
10152 33.42 -102.01 -53.59 0
10153 33.66 -103.15 -54.23 0
10154 33.94 -104.49 -54.73 0
10175 35.81 -109.57 -50.92 0
10176 33.78 -104.01 -55.01 0
10177 33.95 -104.98 -55.44 0
10197 34.03 -105.80 -56.09 0
10210 34.30 -107.41 -56.37 0
10211 34.16 -106.86 -56.56 0
10212 34.09 -106.32 -56.39 0
10226 34.56 -110.08 -57.03 0
10227 34.47 -109.61 -57.16 0
10228 34.30 -108.83 -57.39 0
10229 34.22 -107.69 -56.99 0
10230 34.15 -107.18 -56.96 0
10244 34.43 -110.55 -57.65 0
10245 34.29 -109.89 -57.92 0
10246 34.21 -109.46 -58.11 0
10268 34.29 -111.56 -58.33 0
10281 34.11 -112.74 -59.02 0
10297 33.90 -113.75 -59.62 0
10298 33.03 -114.79 -61.77 0
10300 29.27 -115.71 -69.28 0
10310 33.28 -115.01 -61.11 0
10312 29.66 -114.66 -68.82 0
10313 29.38 -115.07 -69.19 0
10322 30.74 -105.33 -67.34 0
10323 30.76 -105.73 -67.38 0
10326 29.59 -113.66 -69.12 0
10327 29.48 -114.40 -69.14 0
10328 29.44 -114.75 -69.15 0
10336 30.49 -105.33 -67.76 0
10337 30.51 -106.09 -67.87 0
10338 30.47 -106.93 -68.09 0
10339 30.38 -107.48 -68.33 0
10340 29.92 -111.79 -68.99 0
10341 29.68 -112.51 -69.25 0
10342 29.52 -113.15 -69.36 0
10353 30.35 -104.99 -67.91 0
10354 30.17 -105.64 -68.31 0
10355 30.31 -107.92 -68.48 0
10356 30.15 -108.46 -68.77 0
10357 30.01 -109.23 -69.03 0
10358 29.89 -109.99 -69.23 0
10359 29.79 -110.68 -69.36 0
10360 29.78 -111.32 -69.31 0
10361 29.57 -112.02 -69.55 0
10373 30.10 -105.01 -68.28 0
10374 29.77 -105.41 -68.85 0
10381 29.41 -105.55 -69.37 0
10382 29.15 -105.72 -69.75 0
11140 34.16 -103.28 -49.00 0
11141 34.09 -103.04 -49.13 0
11142 33.89 -102.40 -49.26 0
11143 33.71 -101.87 -49.30 0
11157 34.28 -103.65 -49.13 0
11158 34.23 -103.45 -49.46 0
11159 33.83 -102.20 -49.53 0
11160 33.62 -101.63 -49.65 0
11161 33.36 -100.89 -49.98 0
11162 33.13 -100.23 -50.11 0
11180 34.57 -104.59 -49.30 0
11181 33.27 -100.65 -50.36 0
11182 32.99 -99.87 -50.64 0
11183 32.74 -99.10 -50.74 0
11206 35.12 -106.46 -49.30 0
11207 34.92 -105.74 -49.57 0
11208 33.14 -100.52 -51.76 0
11209 32.95 -99.82 -51.31 0
11210 32.75 -99.20 -51.05 0
11221 35.33 -107.23 -49.83 0
11222 35.14 -106.52 -49.74 0
11223 33.02 -100.36 -52.57 0
11224 32.84 -99.62 -51.79 0
11225 32.76 -99.28 -51.39 0
11235 35.56 -108.19 -50.09 0
11236 33.15 -101.02 -53.31 0
11246 35.76 -109.08 -50.21 0
11247 33.25 -101.62 -54.07 0
11248 33.45 -102.53 -54.56 0
11262 33.32 -102.14 -54.79 0
11263 33.56 -103.21 -55.15 0
11264 33.77 -104.23 -55.51 0
11283 33.67 -103.98 -55.81 0
11284 33.84 -104.95 -56.14 0
11295 34.10 -106.89 -56.93 0
11296 33.99 -106.24 -56.83 0
11305 34.15 -108.96 -58.13 0
11306 34.16 -108.22 -57.71 0
11307 34.08 -107.28 -57.39 0
11308 33.96 -106.73 -57.54 0
11314 34.17 -110.83 -58.60 0
11315 34.13 -110.05 -58.57 0
11316 34.10 -109.52 -58.54 0
11331 34.03 -111.83 -59.17 0
11349 33.78 -112.58 -59.92 0
11350 33.56 -112.65 -60.51 0
11352 32.07 -115.20 -64.01 0
11363 31.30 -103.83 -66.00 0
11364 31.34 -104.00 -65.94 0
11365 33.77 -113.34 -59.96 0
11366 33.39 -113.68 -60.94 0
11367 32.80 -114.41 -62.36 0
11368 32.46 -114.67 -63.15 0
11369 29.75 -115.77 -68.60 0
11375 31.22 -103.95 -66.21 0
11376 31.24 -104.28 -66.20 0
11377 31.17 -104.87 -66.44 0
11378 33.66 -113.95 -60.27 0
11379 33.51 -114.33 -60.63 0
11380 29.98 -114.54 -68.35 0
11381 29.78 -115.13 -68.60 0
11390 31.10 -104.07 -66.46 0
11391 30.98 -104.69 -66.79 0
11392 30.98 -105.48 -66.92 0
11393 30.95 -106.07 -67.07 0
11394 30.41 -112.48 -67.97 0
11395 30.15 -113.05 -68.32 0
11396 29.94 -113.99 -68.49 0
11406 30.92 -104.20 -66.82 0
11407 30.65 -104.57 -67.34 0
11408 30.80 -105.99 -67.35 0
11409 30.77 -106.55 -67.50 0
11410 30.64 -107.25 -67.84 0
11411 30.71 -107.73 -67.74 0
11412 30.70 -108.35 -67.79 0
11413 30.63 -109.09 -67.92 0
11414 30.51 -109.94 -68.12 0
11415 30.27 -110.98 -68.46 0
11416 30.26 -112.08 -68.31 0
11417 29.84 -112.90 -68.88 0
11427 30.28 -104.35 -67.87 0
11428 30.51 -107.72 -68.12 0
11429 30.47 -108.17 -68.22 0
11430 30.38 -108.82 -68.39 0
11431 30.27 -109.57 -68.59 0
11432 30.13 -110.34 -68.80 0
11433 30.00 -110.83 -68.99 0
11449 29.89 -104.59 -68.48 0
11450 29.44 -104.83 -69.14 0
11451 29.20 -104.62 -69.39 0
11466 29.26 -105.30 -69.49 0
11467 29.04 -105.06 -69.71 0
12271 34.09 -103.13 -48.76 0
12272 33.87 -102.42 -48.84 0
12273 33.68 -101.83 -48.97 0
12274 33.50 -101.31 -49.15 0
12285 34.52 -104.52 -48.38 0
12286 34.37 -104.02 -48.68 0
12287 33.29 -100.71 -49.41 0
12288 33.09 -100.12 -49.68 0
12289 32.91 -99.61 -49.92 0
12302 34.69 -105.11 -48.29 0
12303 34.73 -105.15 -48.82 0
12304 32.70 -99.02 -50.08 0
12305 32.60 -98.72 -50.46 0
12306 32.47 -98.35 -50.60 0
12327 35.17 -106.80 -48.26 0
12328 35.01 -106.15 -48.51 0
12329 34.96 -105.88 -49.05 0
12330 32.57 -98.64 -50.83 0
12331 32.33 -98.00 -50.71 0
12338 35.30 -107.22 -48.55 0
12339 35.32 -107.20 -49.11 0
12340 32.79 -99.70 -52.76 0
12341 32.68 -99.28 -52.34 0
12342 32.47 -98.49 -51.39 0
12343 32.04 -97.25 -50.86 0
12349 35.54 -108.04 -49.55 0
12350 32.40 -98.73 -54.08 0
12351 32.66 -99.47 -53.37 0
12352 32.25 -98.03 -52.18 0
12353 31.96 -97.08 -51.39 0
12354 31.77 -96.54 -50.94 0
12359 35.66 -108.56 -49.85 0
12360 32.58 -99.45 -55.11 0
12361 32.64 -99.63 -54.72 0
12362 33.03 -101.03 -54.67 0
12373 32.69 -99.92 -55.35 0
12374 32.96 -101.03 -55.58 0
12375 33.30 -102.30 -55.47 0
12376 33.52 -103.35 -55.81 0
12394 33.22 -102.21 -56.07 0
12395 33.41 -103.11 -56.22 0
12396 33.63 -104.15 -56.41 0
12397 33.77 -105.21 -56.92 0
12407 33.85 -106.08 -57.50 0
12415 34.08 -108.57 -58.26 0
12416 34.04 -107.98 -58.09 0
12417 33.95 -107.33 -58.07 0
12418 33.88 -106.70 -57.92 0
12421 34.00 -110.61 -59.10 0
12422 33.96 -109.96 -59.13 0
12423 34.01 -109.16 -58.74 0
12424 33.98 -108.51 -58.63 0
12425 33.95 -107.97 -58.50 0
12429 33.93 -111.32 -59.42 0
12430 33.78 -110.83 -59.75 0
12432 30.73 -116.07 -66.91 0
12442 31.44 -103.35 -65.57 0
12443 31.51 -103.41 -65.39 0
12444 31.59 -103.49 -65.18 0
12445 33.86 -111.90 -59.68 0
12446 33.67 -111.85 -60.16 0
12447 32.07 -114.26 -64.15 0
12448 31.78 -114.93 -64.74 0
12449 31.41 -115.25 -65.55 0
12450 30.66 -115.87 -67.09 0
12451 30.42 -116.14 -67.50 0
12459 31.35 -103.39 -65.78 0
12460 31.41 -103.73 -65.71 0
12461 31.52 -103.95 -65.46 0
12462 33.37 -112.47 -60.97 0
12463 33.01 -113.17 -61.87 0
12464 32.50 -113.90 -63.10 0
12465 30.14 -115.34 -68.03 0
12474 31.21 -103.59 -66.16 0
12475 31.39 -104.12 -65.85 0
12476 31.38 -104.62 -65.93 0
12477 31.40 -105.31 -66.00 0
12478 31.39 -105.93 -66.12 0
12479 30.30 -114.11 -67.88 0
12480 30.22 -114.73 -67.94 0
12491 31.01 -103.68 -66.57 0
12492 30.86 -103.49 -66.80 0
12493 31.22 -105.23 -66.38 0
12494 31.17 -105.85 -66.59 0
12495 31.21 -106.49 -66.60 0
12496 30.90 -111.48 -67.18 0
12497 30.67 -112.00 -67.56 0
12498 30.55 -112.75 -67.66 0
12499 30.40 -113.44 -67.81 0
12510 30.81 -103.92 -66.96 0
12511 30.58 -103.63 -67.25 0
12512 31.01 -106.41 -67.00 0
12513 30.94 -107.06 -67.22 0
12514 30.98 -107.78 -67.22 0
12515 30.98 -108.50 -67.24 0
12516 30.91 -109.34 -67.37 0
12517 30.78 -110.27 -67.57 0
12518 30.74 -111.22 -67.54 0
12519 30.56 -111.77 -67.81 0
12532 30.27 -103.70 -67.73 0
12548 30.04 -103.89 -68.11 0
12549 29.67 -103.97 -68.62 0
12550 29.23 -104.07 -69.22 0
13376 34.18 -103.60 -47.87 0
13377 34.05 -103.16 -48.20 0
13378 33.80 -102.35 -48.40 0
13379 33.62 -101.76 -48.58 0
13380 33.45 -101.25 -48.72 0
13393 34.43 -104.39 -47.90 0
13394 34.32 -103.94 -48.20 0
13395 33.22 -100.59 -48.89 0
13396 32.92 -99.71 -49.17 0
13397 32.89 -99.58 -49.56 0
13410 34.72 -105.32 -47.86 0
13411 32.65 -99.00 -49.08 0
13412 32.63 -98.88 -49.49 0
13413 32.33 -98.01 -49.93 0
13414 32.36 -98.06 -50.38 0
13433 35.05 -106.48 -47.91 0
13434 34.91 -105.94 -47.97 0
13435 32.11 -97.42 -49.92 0
13436 32.05 -97.25 -50.21 0
13446 31.62 -96.15 -50.47 0
13447 31.22 -95.12 -50.42 0
13454 32.22 -98.21 -55.21 0
13455 32.25 -98.29 -54.64 0
13456 32.03 -97.51 -53.60 0
13457 31.98 -97.30 -52.71 0
13458 31.74 -96.53 -51.90 0
13459 31.44 -95.66 -51.06 0
13460 30.94 -94.37 -50.57 0
13465 32.47 -99.13 -55.40 0
13466 32.49 -99.13 -54.96 0
13467 31.64 -96.27 -52.88 0
13468 31.55 -95.99 -52.32 0
13469 31.25 -95.12 -51.73 0
13470 30.96 -94.37 -51.11 0
13471 30.60 -93.46 -50.67 0
13478 32.76 -100.35 -55.94 0
13479 32.94 -101.06 -56.07 0
13480 30.90 -94.16 -51.50 0
13481 30.63 -93.44 -51.14 0
13482 30.34 -92.73 -50.76 0
13495 32.92 -101.09 -56.37 0
13496 33.08 -101.75 -56.38 0
13497 33.30 -102.82 -56.66 0
13498 33.49 -103.82 -56.91 0
13499 33.63 -104.58 -57.04 0
13502 33.56 -104.45 -57.32 0
13503 33.66 -105.26 -57.63 0
13512 33.84 -107.00 -58.30 0
13513 33.75 -106.34 -58.15 0
13523 31.83 -102.14 -64.03 0
13524 31.89 -102.12 -63.80 0
13525 33.88 -109.53 -59.30 0
13526 33.86 -109.02 -59.20 0
13527 33.87 -108.37 -58.96 0
13528 33.83 -107.64 -58.73 0
13529 33.75 -107.00 -58.64 0
13532 31.57 -102.40 -64.89 0
13533 31.72 -102.49 -64.49 0
13534 31.91 -102.75 -64.01 0
13535 32.00 -103.20 -63.91 0
13536 33.71 -110.01 -59.84 0
13537 33.79 -109.46 -59.55 0
13538 31.11 -115.39 -66.21 0
13539 30.93 -115.67 -66.55 0
13543 31.44 -102.84 -65.38 0
13544 31.60 -103.04 -65.03 0
13545 31.71 -103.53 -64.84 0
13546 31.94 -103.84 -64.28 0
13547 32.01 -104.42 -64.25 0
13548 33.38 -111.16 -60.83 0
13549 33.07 -110.99 -61.61 0
13550 32.01 -113.89 -64.33 0
13551 31.75 -114.24 -64.92 0
13552 31.31 -114.79 -65.84 0
13553 30.80 -115.35 -66.86 0
13554 30.45 -115.74 -67.49 0
13561 31.27 -102.97 -65.86 0
13562 31.62 -104.22 -65.28 0
13563 31.74 -104.44 -65.00 0
13564 31.89 -104.79 -64.67 0
13565 33.15 -112.26 -61.50 0
13566 32.82 -112.22 -62.32 0
13567 32.23 -113.34 -63.81 0
13568 31.97 -113.70 -64.45 0
13569 30.52 -114.91 -67.42 0
13570 30.41 -115.47 -67.56 0
13577 31.12 -103.16 -66.25 0
13578 31.03 -102.83 -66.35 0
13579 31.53 -104.39 -65.55 0
13580 31.56 -104.74 -65.53 0
13581 31.65 -105.45 -65.43 0
13582 30.67 -113.64 -67.29 0
13583 30.59 -114.26 -67.37 0
13596 30.98 -103.23 -66.53 0
13597 30.84 -102.94 -66.70 0
13598 31.49 -106.50 -65.99 0
13599 31.44 -107.26 -66.19 0
13600 31.57 -108.59 -66.01 0
13601 31.48 -109.15 -66.19 0
13602 31.34 -109.99 -66.42 0
13603 31.13 -110.94 -66.76 0
13604 31.03 -111.75 -66.85 0
13605 30.87 -112.43 -67.11 0
13606 30.77 -113.03 -67.20 0
13623 30.58 -102.80 -67.07 0
13624 30.40 -102.47 -67.28 0
13625 30.28 -102.10 -67.38 0
13626 31.23 -107.16 -66.65 0
13627 31.26 -107.85 -66.65 0
13628 31.35 -108.56 -66.48 0
13629 31.16 -109.64 -66.85 0
13630 31.03 -110.50 -67.05 0
13631 30.98 -110.89 -67.12 0
13648 30.30 -103.12 -67.57 0
13649 30.14 -102.54 -67.68 0
13650 30.12 -102.03 -67.60 0
13662 30.14 -103.48 -67.87 0
13663 29.92 -103.15 -68.11 0
13664 29.50 -103.27 -68.70 0
14582 34.14 -103.62 -47.43 0
14583 33.90 -102.86 -47.63 0
14584 33.69 -102.18 -47.90 0
14585 33.44 -101.41 -48.16 0
14586 33.44 -101.29 -48.44 0
14600 34.43 -104.58 -47.26 0
14601 33.27 -100.94 -48.12 0
14602 33.22 -100.73 -48.34 0
14603 32.91 -99.82 -48.55 0
14618 32.63 -99.02 -48.72 0
14619 32.42 -98.38 -48.94 0
14620 32.20 -97.75 -49.27 0
14637 31.94 -97.02 -49.61 0
14638 31.58 -96.08 -49.81 0
14649 31.98 -97.35 -55.72 0
14650 31.93 -97.15 -55.44 0
14651 31.21 -95.14 -49.95 0
14652 30.88 -94.28 -50.06 0
14660 32.23 -98.33 -56.28 0
14661 32.19 -98.13 -55.80 0
14662 31.95 -97.27 -54.99 0
14663 31.78 -96.71 -54.19 0
14664 30.51 -93.34 -50.14 0
14665 30.17 -92.48 -49.97 0
14671 32.38 -99.01 -56.54 0
14672 32.54 -99.55 -56.18 0
14673 31.49 -95.80 -53.36 0
14674 31.13 -94.72 -52.41 0
14675 30.99 -94.37 -51.83 0
14676 30.21 -92.50 -50.34 0
14677 29.94 -91.87 -50.04 0
14678 29.86 -91.66 -50.09 0
14684 32.61 -99.99 -56.76 0
14685 32.79 -100.69 -56.64 0
14686 30.75 -93.60 -52.17 0
14687 30.68 -93.48 -51.71 0
14688 30.27 -92.41 -51.10 0
14689 30.01 -91.86 -50.58 0
14690 29.93 -91.77 -50.23 0
14691 29.88 -91.71 -50.12 0
14704 32.99 -101.59 -56.83 0
14705 33.17 -102.48 -57.04 0
14706 33.36 -103.55 -57.36 0
14707 33.48 -104.08 -57.33 0
14708 30.11 -91.94 -51.06 0
14709 30.04 -91.79 -50.91 0
14717 33.39 -104.03 -57.76 0
14718 33.49 -104.47 -57.72 0
14719 33.55 -105.15 -58.07 0
14722 31.77 -100.64 -63.46 0
14723 31.90 -100.94 -63.12 0
14724 32.04 -101.33 -62.79 0
14725 32.12 -101.54 -62.55 0
14726 33.60 -105.77 -58.32 0
14737 31.68 -101.06 -63.99 0
14738 31.83 -101.54 -63.71 0
14739 31.97 -102.03 -63.45 0
14740 32.13 -102.24 -62.92 0
14741 32.21 -102.79 -62.87 0
14742 33.79 -108.75 -59.35 0
14743 33.72 -108.32 -59.36 0
14744 33.63 -107.45 -59.23 0
14745 33.63 -106.54 -58.75 0
14753 31.61 -101.72 -64.50 0
14754 31.74 -101.80 -64.15 0
14755 31.98 -102.52 -63.67 0
14756 32.04 -102.77 -63.57 0
14757 32.16 -103.22 -63.27 0
14758 33.64 -109.77 -60.00 0
14759 33.65 -109.28 -59.85 0
14760 33.48 -108.40 -60.02 0
14761 33.46 -107.51 -59.76 0
14764 31.45 -101.87 -65.01 0
14765 32.06 -103.43 -63.77 0
14766 32.10 -104.09 -63.83 0
14767 33.54 -110.00 -60.30 0
14768 33.25 -109.72 -60.97 0
14769 33.30 -108.66 -60.61 0
14770 31.72 -113.87 -65.03 0
14771 31.54 -114.04 -65.41 0
14772 31.20 -114.41 -66.13 0
14776 31.29 -102.20 -65.56 0
14777 31.16 -102.02 -65.83 0
14778 32.05 -104.94 -64.25 0
14779 32.79 -110.82 -62.33 0
14780 32.34 -112.02 -63.55 0
14781 31.84 -113.29 -64.77 0
14782 31.39 -113.58 -65.82 0
14783 30.93 -114.23 -66.72 0
14787 31.15 -102.57 -66.01 0
14788 30.98 -102.19 -66.24 0
14789 30.83 -101.81 -66.41 0
14790 31.91 -105.63 -64.79 0
14791 31.88 -106.33 -65.02 0
14792 31.58 -111.69 -65.56 0
14793 31.40 -112.21 -65.96 0
14794 31.10 -113.14 -66.50 0
14795 30.83 -113.83 -66.97 0
14804 30.76 -102.30 -66.68 0
14805 30.65 -101.74 -66.70 0
14806 30.49 -101.44 -66.88 0
14807 31.73 -106.18 -65.36 0
14808 31.71 -106.99 -65.54 0
14809 31.67 -107.99 -65.73 0
14810 31.71 -108.66 -65.65 0
14811 31.65 -109.41 -65.74 0
14812 31.53 -110.29 -65.89 0
14813 31.43 -111.34 -65.97 0
14814 31.15 -112.27 -66.54 0
14815 30.98 -112.73 -66.84 0
14828 30.58 -102.26 -66.96 0
14829 30.45 -101.93 -67.08 0
14830 30.25 -101.47 -67.27 0
14831 31.50 -107.80 -66.12 0
14832 31.52 -108.12 -66.11 0
14843 29.96 -102.24 -67.88 0
14844 29.95 -101.74 -67.79 0
14857 29.92 -102.57 -68.00 0
14858 29.63 -102.30 -68.34 0
15729 33.84 -102.95 -46.68 0
15745 34.09 -103.61 -46.92 0
15746 33.76 -102.63 -47.04 0
15747 33.56 -101.97 -47.39 0
15748 33.36 -101.33 -47.65 0
15764 33.15 -100.68 -47.88 0
15765 32.86 -99.85 -48.03 0
15766 32.57 -99.00 -48.20 0
15782 32.30 -98.21 -48.41 0
15783 32.05 -97.48 -48.68 0
15784 31.78 -96.73 -48.96 0
15800 31.47 -95.91 -49.20 0
15801 31.13 -95.04 -49.39 0
15812 32.07 -97.70 -56.35 0
15813 31.99 -97.36 -56.02 0
15814 31.82 -96.74 -55.61 0
15815 30.80 -94.19 -49.56 0
15816 30.55 -93.53 -49.73 0
15823 32.19 -98.22 -56.60 0
15824 32.14 -97.95 -56.21 0
15825 31.68 -96.26 -55.10 0
15826 31.63 -96.15 -54.57 0
15827 30.24 -92.75 -49.68 0
15828 29.94 -91.97 -49.70 0
15830 32.35 -98.98 -57.02 0
15831 31.40 -95.32 -54.60 0
15832 31.34 -95.21 -53.96 0
15833 31.04 -94.36 -53.15 0
15834 29.74 -91.37 -49.84 0
15835 29.81 -91.52 -50.06 0
15838 32.54 -99.83 -57.17 0
15839 32.77 -100.85 -57.29 0
15840 32.93 -101.65 -57.51 0
15841 30.74 -93.48 -52.54 0
15842 30.45 -92.70 -52.02 0
15843 30.31 -92.42 -51.53 0
15844 29.83 -91.38 -50.47 0
15845 29.72 -91.17 -50.19 0
15846 29.84 -91.56 -50.14 0
15856 31.77 -98.33 -61.74 0
15857 31.85 -98.75 -61.71 0
15858 31.95 -99.31 -61.71 0
15859 32.91 -101.38 -57.13 0
15860 33.05 -102.13 -57.41 0
15861 33.20 -103.00 -57.61 0
15862 30.15 -91.87 -51.66 0
15863 30.02 -91.63 -51.18 0
15864 29.78 -91.14 -50.64 0
15865 29.56 -90.61 -50.34 0
15875 31.77 -98.75 -62.11 0
15876 31.89 -99.48 -62.14 0
15877 32.01 -99.97 -61.97 0
15878 33.31 -103.72 -57.85 0
15879 33.39 -104.35 -58.10 0
15880 33.47 -104.84 -58.16 0
15883 31.77 -99.68 -62.81 0
15884 31.96 -100.38 -62.51 0
15885 32.09 -100.85 -62.21 0
15886 32.20 -101.73 -62.26 0
15887 32.30 -102.47 -62.19 0
15888 32.36 -103.09 -62.24 0
15889 33.42 -104.85 -58.41 0
15890 33.48 -105.36 -58.51 0
15899 31.62 -99.98 -63.64 0
15900 32.24 -102.49 -62.59 0
15901 32.29 -103.18 -62.70 0
15902 32.36 -103.47 -62.46 0
15903 33.48 -106.68 -59.32 0
15904 33.51 -105.97 -58.80 0
15914 31.46 -100.64 -64.49 0
15915 31.34 -100.07 -64.64 0
15916 32.24 -103.98 -63.24 0
15917 32.34 -103.92 -62.74 0
15918 33.30 -107.85 -60.37 0
15919 33.36 -107.10 -59.88 0
15924 31.29 -101.36 -65.25 0
15925 31.21 -100.32 -65.08 0
15926 31.08 -99.89 -65.24 0
15927 32.18 -104.75 -63.72 0
15928 32.30 -104.67 -63.20 0
15929 32.85 -109.47 -62.03 0
15930 33.12 -108.60 -61.10 0
15934 31.22 -101.74 -65.60 0
15935 31.08 -101.33 -65.76 0
15936 30.95 -100.21 -65.63 0
15937 30.81 -99.77 -65.80 0
15938 32.12 -105.37 -64.11 0
15939 32.22 -105.43 -63.73 0
15940 32.36 -110.42 -63.48 0
15941 31.95 -111.96 -64.58 0
15942 31.62 -112.79 -65.37 0
15943 31.40 -113.06 -65.87 0
15947 30.93 -101.62 -66.17 0
15948 30.79 -101.12 -66.27 0
15949 30.70 -100.17 -66.14 0
15950 32.05 -105.53 -64.40 0
15951 32.06 -106.17 -64.44 0
15952 32.09 -106.74 -64.46 0
15953 32.05 -108.24 -64.66 0
15954 32.07 -108.81 -64.52 0
15955 32.09 -109.74 -64.36 0
15956 31.84 -111.10 -64.94 0
15957 31.64 -112.08 -65.37 0
15958 31.44 -112.67 -65.81 0
15968 30.61 -101.27 -66.65 0
15969 30.46 -100.73 -66.75 0
15970 30.27 -100.50 -67.02 0
15971 31.91 -106.66 -64.97 0
15972 31.96 -107.15 -64.89 0
15973 31.93 -108.01 -65.05 0
15974 31.89 -108.79 -65.13 0
15975 31.84 -109.58 -65.15 0
15976 31.75 -110.42 -65.27 0
15986 30.22 -100.82 -67.17 0
15995 29.98 -100.92 -67.59 0
16947 33.63 -102.39 -46.60 0
16969 33.50 -102.00 -46.71 0
16970 33.39 -101.64 -46.93 0
16971 33.23 -101.15 -47.20 0
16990 33.06 -100.61 -47.38 0
16991 32.80 -99.86 -47.52 0
16992 32.51 -99.01 -47.68 0
17006 32.18 -98.08 -47.82 0
17007 31.92 -97.29 -48.12 0
17008 31.65 -96.53 -48.37 0
17019 31.36 -95.74 -48.60 0
17020 31.03 -94.89 -48.81 0
17029 32.01 -97.49 -57.13 0
17030 31.96 -97.24 -56.56 0
17031 31.75 -96.41 -55.93 0
17032 31.60 -95.88 -55.44 0
17033 30.69 -94.03 -49.01 0
17034 30.34 -93.11 -49.24 0
17042 32.10 -97.88 -57.37 0
17043 32.19 -98.32 -57.22 0
17044 31.43 -95.31 -55.02 0
17045 29.94 -92.09 -49.28 0
17046 29.65 -91.27 -49.40 0
17049 32.43 -99.51 -57.60 0
17050 31.24 -94.66 -54.69 0
17051 31.10 -94.31 -54.23 0
17052 30.91 -93.82 -53.61 0
17053 29.39 -90.45 -49.62 0
17054 29.14 -89.75 -49.51 0
17057 31.59 -97.25 -61.44 0
17058 31.60 -97.08 -61.15 0
17059 32.65 -100.61 -57.82 0
17060 32.88 -101.80 -58.00 0
17061 32.99 -102.08 -57.73 0
17062 30.66 -93.11 -53.02 0
17063 30.40 -92.39 -52.49 0
17064 29.34 -90.06 -50.05 0
17065 29.17 -89.74 -49.70 0
17073 31.67 -97.94 -61.82 0
17074 31.74 -97.85 -61.34 0
17075 31.93 -98.74 -61.21 0
17076 32.01 -98.86 -60.84 0
17077 32.98 -102.58 -58.37 0
17078 33.08 -102.72 -58.00 0
17079 33.22 -103.39 -58.01 0
17080 30.13 -91.66 -52.05 0
17081 29.85 -90.92 -51.55 0
17082 29.66 -90.58 -50.97 0
17083 29.42 -90.09 -50.49 0
17095 31.63 -98.32 -62.42 0
17096 32.02 -99.58 -61.55 0
17097 32.10 -99.70 -61.13 0
17098 32.25 -100.72 -61.10 0
17099 32.37 -101.64 -61.10 0
17100 32.48 -102.43 -61.06 0
17101 33.28 -103.96 -58.26 0
17102 33.34 -104.55 -58.51 0
17103 29.52 -90.00 -51.23 0
17104 29.36 -89.71 -50.77 0
17105 29.23 -89.48 -50.49 0
17108 31.58 -98.87 -63.11 0
17109 32.09 -100.19 -61.71 0
17110 32.18 -100.81 -61.68 0
17111 32.29 -101.67 -61.67 0
17112 32.40 -102.64 -61.69 0
17113 32.55 -103.46 -61.40 0
17114 32.61 -104.38 -61.61 0
17115 33.38 -105.13 -58.74 0
17116 33.43 -105.48 -58.79 0
17124 31.53 -99.18 -63.62 0
17125 31.46 -99.15 -63.91 0
17126 31.37 -98.91 -64.10 0
17127 31.33 -98.73 -64.19 0
17128 32.43 -103.65 -62.18 0
17129 32.51 -104.39 -62.07 0
17130 32.58 -105.06 -62.04 0
17131 33.39 -105.77 -59.10 0
17132 33.46 -105.65 -58.80 0
17143 31.50 -99.72 -63.99 0
17144 31.39 -99.61 -64.32 0
17145 31.29 -99.04 -64.40 0
17146 31.32 -98.77 -64.25 0
17147 32.41 -104.54 -62.65 0
17148 32.48 -105.20 -62.56 0
17149 32.55 -105.78 -62.44 0
17150 33.22 -106.99 -60.28 0
17151 33.32 -106.42 -59.70 0
17158 31.28 -99.68 -64.68 0
17159 31.11 -99.30 -64.96 0
17160 30.96 -98.79 -65.13 0
17161 32.35 -105.35 -63.16 0
17162 32.42 -106.01 -63.04 0
17163 32.51 -106.56 -62.81 0
17164 32.90 -108.21 -61.69 0
17165 33.10 -107.62 -60.90 0
17169 31.01 -99.68 -65.32 0
17170 30.88 -99.29 -65.48 0
17171 32.25 -106.22 -63.77 0
17172 32.34 -106.88 -63.51 0
17173 32.46 -107.52 -63.14 0
17174 32.53 -108.31 -62.94 0
17175 32.63 -108.96 -62.64 0
17180 30.67 -99.39 -65.96 0
17181 32.15 -106.56 -64.23 0
17182 32.15 -107.08 -64.27 0
17183 32.22 -107.84 -64.06 0
17184 32.30 -108.58 -63.74 0
17185 32.39 -109.22 -63.43 0
17194 30.48 -99.71 -66.44 0
17195 30.25 -99.97 -66.92 0
17196 32.05 -107.50 -64.69 0
17197 32.09 -107.74 -64.55 0
18215 33.24 -101.40 -46.49 0
18216 33.01 -100.71 -46.78 0
18217 33.02 -100.61 -47.08 0
18232 32.82 -100.22 -46.72 0
18233 32.77 -100.00 -46.97 0
18234 32.44 -99.02 -47.18 0
18235 32.18 -98.25 -47.35 0
18244 31.96 -97.66 -47.40 0
18245 31.78 -97.12 -47.59 0
18246 31.52 -96.38 -47.83 0
18254 31.24 -95.61 -48.04 0
18255 30.93 -94.79 -48.24 0
18264 31.73 -96.30 -57.26 0
18265 31.77 -96.48 -57.00 0
18266 31.62 -95.89 -56.27 0
18267 31.48 -95.37 -55.69 0
18268 31.41 -95.17 -55.30 0
18269 30.59 -93.91 -48.43 0
18270 30.25 -93.03 -48.63 0
18279 31.82 -96.68 -57.50 0
18280 32.01 -97.50 -57.52 0
18281 32.16 -98.21 -57.61 0
18282 31.29 -94.67 -55.35 0
18283 31.25 -94.60 -55.00 0
18284 29.91 -92.16 -48.79 0
18285 29.59 -91.30 -48.91 0
18292 31.37 -95.83 -60.63 0
18293 31.44 -96.04 -60.52 0
18294 31.55 -96.37 -60.30 0
18295 31.97 -97.43 -57.93 0
18296 32.16 -98.32 -58.07 0
18297 32.30 -98.99 -57.89 0
18298 31.10 -94.05 -55.06 0
18299 30.98 -93.77 -54.59 0
18300 30.73 -93.11 -53.93 0
18301 30.61 -92.82 -53.40 0
18302 29.32 -90.48 -49.07 0
18303 29.08 -89.74 -49.22 0
18306 31.43 -96.27 -61.02 0
18307 31.62 -96.92 -60.79 0
18308 31.71 -97.08 -60.35 0
18309 32.33 -99.24 -58.39 0
18310 32.52 -100.29 -58.46 0
18311 32.73 -101.35 -58.41 0
18312 30.46 -92.29 -53.53 0
18313 30.26 -91.79 -52.93 0
18314 30.15 -91.59 -52.41 0
18315 29.07 -89.37 -49.84 0
18320 31.48 -97.08 -61.89 0
18321 31.79 -97.74 -60.84 0
18322 31.90 -98.10 -60.53 0
18323 32.06 -98.90 -60.50 0
18324 32.69 -101.49 -58.86 0
18325 32.87 -102.52 -58.88 0
18326 33.06 -103.24 -58.59 0
18327 33.17 -103.52 -58.33 0
18328 29.98 -90.91 -52.75 0
18329 29.80 -90.50 -52.19 0
18330 29.64 -90.23 -51.62 0
18331 29.03 -89.05 -50.15 0
18346 31.42 -97.56 -62.79 0
18347 31.29 -97.15 -63.10 0
18348 32.20 -99.74 -60.47 0
18349 32.33 -100.72 -60.54 0
18350 32.46 -101.62 -60.54 0
18351 32.60 -102.75 -60.61 0
18352 32.75 -103.27 -60.17 0
18353 32.89 -103.55 -59.68 0
18354 33.04 -103.84 -59.21 0
18355 33.21 -104.23 -58.77 0
18356 33.31 -104.75 -58.77 0
18357 29.48 -89.55 -51.88 0
18358 29.41 -89.49 -51.53 0
18359 29.19 -89.09 -50.93 0
18360 29.12 -89.07 -50.55 0
18366 31.47 -98.48 -63.40 0
18367 31.33 -97.77 -63.47 0
18368 31.28 -97.75 -63.72 0
18369 32.62 -103.40 -60.99 0
18370 32.69 -103.97 -60.97 0
18371 32.85 -104.33 -60.39 0
18372 33.00 -104.60 -59.88 0
18373 33.15 -104.83 -59.42 0
18374 33.29 -105.07 -59.06 0
18382 31.47 -98.86 -63.67 0
18383 31.41 -98.58 -63.76 0
18384 31.29 -98.28 -64.02 0
18385 31.32 -98.62 -64.18 0
18386 32.68 -104.99 -61.56 0
18387 32.80 -105.11 -61.08 0
18388 32.95 -105.40 -60.57 0
18389 33.10 -105.57 -60.04 0
18390 33.24 -105.66 -59.56 0
18401 31.19 -98.56 -64.46 0
18402 31.29 -98.66 -64.26 0
18403 32.64 -105.58 -61.99 0
18404 32.73 -105.79 -61.68 0
18405 32.85 -106.14 -61.28 0
18406 33.04 -106.59 -60.75 0
18407 33.19 -106.26 -60.07 0
18415 31.01 -98.35 -64.83 0
18417 32.63 -106.22 -62.23 0
18418 32.73 -106.63 -61.96 0
18419 32.84 -107.23 -61.66 0
18420 32.98 -107.43 -61.25 0
18426 30.84 -98.53 -65.32 0
18427 32.60 -106.89 -62.51 0
18428 32.66 -107.45 -62.41 0
18429 32.72 -108.05 -62.27 0
18436 30.65 -98.53 -65.73 0
18445 30.47 -98.85 -66.21 0
19349 32.97 -100.70 -46.45 0
19360 32.67 -99.96 -46.42 0
19361 32.34 -99.00 -46.67 0
19362 32.00 -98.01 -46.86 0
19363 31.96 -97.75 -47.17 0
19375 31.70 -97.30 -46.71 0
19376 31.68 -97.09 -47.06 0
19377 31.40 -96.26 -47.33 0
19378 31.14 -95.53 -47.52 0
19387 30.84 -94.74 -47.69 0
19388 30.51 -93.88 -47.85 0
19398 31.50 -95.40 -57.76 0
19399 31.59 -95.74 -57.28 0
19400 31.39 -94.98 -56.54 0
19401 31.34 -94.83 -55.91 0
19402 31.31 -94.74 -55.60 0
19403 30.11 -92.87 -48.03 0
19404 29.84 -92.13 -48.30 0
19414 31.16 -94.64 -59.92 0
19415 31.25 -94.97 -59.81 0
19416 31.38 -95.38 -59.68 0
19417 31.49 -95.50 -58.57 0
19418 31.61 -95.97 -58.39 0
19419 31.78 -96.63 -58.03 0
19420 31.15 -94.09 -56.32 0
19421 31.09 -93.94 -55.92 0
19422 31.12 -94.09 -55.45 0
19423 29.54 -91.32 -48.39 0
19424 29.24 -90.47 -48.53 0
19431 31.10 -94.64 -60.39 0
19432 31.24 -95.16 -60.36 0
19433 31.41 -95.67 -60.07 0
19434 31.54 -96.11 -59.77 0
19435 31.63 -96.26 -59.11 0
19436 31.86 -97.18 -58.81 0
19437 32.06 -97.99 -58.54 0
19438 32.24 -98.86 -58.60 0
19439 30.87 -93.24 -55.40 0
19440 30.82 -93.14 -54.91 0
19441 30.59 -92.49 -54.28 0
19442 30.48 -92.24 -53.84 0
19443 28.98 -89.69 -48.71 0
19450 31.11 -94.74 -60.57 0
19451 31.19 -95.21 -60.92 0
19452 31.79 -97.23 -59.89 0
19453 31.92 -97.69 -59.52 0
19454 32.11 -98.51 -59.29 0
19455 32.23 -99.00 -59.06 0
19456 32.37 -99.72 -58.92 0
19457 32.49 -100.45 -59.02 0
19458 30.37 -91.84 -53.95 0
19459 30.23 -91.50 -53.54 0
19460 30.05 -91.05 -53.06 0
19468 31.25 -95.82 -61.54 0
19469 31.97 -98.15 -60.08 0
19470 32.10 -98.81 -59.94 0
19471 32.21 -99.24 -59.70 0
19472 32.30 -99.64 -59.47 0
19473 32.45 -100.54 -59.43 0
19474 32.59 -101.23 -59.26 0
19475 32.73 -102.05 -59.27 0
19476 29.99 -90.76 -53.28 0
19477 29.81 -90.31 -52.82 0
19478 29.58 -89.70 -52.42 0
19498 31.27 -96.33 -62.21 0
19499 31.21 -96.42 -62.75 0
19500 32.20 -99.43 -60.04 0
19501 32.28 -99.91 -60.03 0
19502 32.40 -100.66 -59.99 0
19503 32.53 -101.52 -59.94 0
19504 32.67 -102.26 -59.80 0
19505 32.79 -102.74 -59.56 0
19506 29.45 -89.37 -52.11 0
19507 29.24 -88.83 -51.72 0
19508 28.97 -88.22 -51.15 0
19509 28.76 -88.05 -50.39 0
19516 31.16 -96.83 -63.39 0
19517 31.25 -97.46 -63.60 0
19526 31.01 -96.79 -63.91 0
19527 31.19 -97.47 -63.82 0
19539 30.88 -96.83 -64.39 0
19540 31.07 -97.70 -64.31 0
19551 30.89 -97.55 -64.77 0
20496 32.16 -98.76 -46.17 0
20497 32.01 -98.24 -46.43 0
20511 31.68 -97.44 -46.34 0
20512 31.42 -96.67 -46.58 0
20513 31.21 -95.98 -46.85 0
20514 31.07 -95.53 -47.12 0
20524 30.73 -94.69 -47.09 0
20525 30.51 -94.02 -47.39 0
20535 31.30 -94.60 -57.58 0
20536 31.31 -94.61 -57.22 0
20537 31.36 -94.84 -56.93 0
20539 30.08 -93.01 -47.31 0
20540 29.43 -91.27 -47.65 0
20553 30.95 -93.96 -60.14 0
20554 31.03 -94.19 -59.95 0
20555 31.08 -94.24 -59.59 0
20556 31.23 -94.71 -59.28 0
20557 31.32 -94.91 -58.71 0
20558 31.35 -94.86 -58.08 0
20559 31.14 -93.99 -57.00 0
20560 31.14 -94.03 -56.68 0
20561 30.96 -93.43 -56.16 0
20562 29.24 -90.61 -48.14 0
20563 28.78 -89.40 -47.99 0
20573 30.99 -94.21 -60.41 0
20574 31.07 -94.44 -60.24 0
20575 31.41 -95.42 -59.49 0
20576 31.44 -95.48 -59.27 0
20577 30.78 -92.89 -55.68 0
20578 30.52 -92.13 -55.03 0
20579 30.53 -92.23 -54.59 0
20589 31.01 -94.44 -60.79 0
20590 31.04 -94.78 -61.28 0
20591 32.22 -99.04 -59.29 0
20592 32.26 -99.24 -59.30 0
20593 30.20 -91.11 -54.75 0
20594 30.17 -91.15 -54.14 0
20595 30.05 -90.86 -53.59 0
20606 31.07 -95.19 -61.95 0
20607 30.97 -94.90 -62.24 0
20608 32.23 -99.14 -59.42 0
20609 32.26 -99.27 -59.37 0
20610 29.84 -90.13 -53.84 0
20611 29.79 -90.07 -53.40 0
20612 29.44 -89.16 -52.68 0
20613 29.42 -89.18 -52.33 0
20631 31.16 -95.86 -62.34 0
20632 31.05 -95.46 -62.46 0
20633 29.20 -88.41 -52.47 0
20634 29.18 -88.47 -52.13 0
20635 28.94 -87.89 -51.59 0
20643 31.00 -95.68 -62.96 0
20655 30.92 -95.86 -63.52 0
21710 31.22 -94.26 -57.37 0
21711 31.15 -94.00 -57.20 0
21731 30.82 -93.42 -59.90 0
21732 30.85 -93.41 -59.53 0
21733 30.92 -93.52 -59.12 0
21734 31.00 -93.71 -58.64 0
21735 31.06 -93.82 -58.08 0
21736 31.10 -93.85 -57.49 0
21737 30.95 -93.31 -56.92 0
21738 30.84 -92.99 -56.40 0
21739 30.73 -92.66 -55.99 0
21757 30.81 -93.49 -60.23 0
21758 30.69 -92.47 -56.54 0
21759 30.55 -92.04 -56.11 0
21760 30.49 -91.93 -55.61 0
21761 30.29 -91.34 -55.16 0
21776 30.84 -93.72 -60.59 0
21777 30.85 -93.90 -60.98 0
21778 30.36 -91.46 -55.81 0
21779 30.20 -90.99 -55.47 0
21780 30.04 -90.55 -54.96 0
21781 29.96 -90.37 -54.50 0
21797 30.85 -94.07 -61.50 0
21798 30.84 -94.25 -62.03 0
21799 29.80 -89.95 -54.12 0
21800 29.60 -89.37 -53.70 0
21801 29.39 -88.84 -53.18 0
21815 30.86 -94.66 -62.54 0
21816 29.17 -88.24 -52.73 0
21817 28.98 -87.74 -52.36 0
21818 28.74 -87.16 -51.83 0
21824 30.77 -94.79 -63.14 0
22898 30.63 -92.76 -59.98 0
22899 30.63 -92.66 -59.60 0
22900 30.60 -92.43 -59.09 0
22901 30.68 -92.60 -58.61 0
22902 30.74 -92.70 -58.06 0
22903 30.81 -92.88 -57.52 0
22904 30.87 -93.04 -57.20 0
22923 30.62 -92.85 -60.42 0
22924 30.47 -92.32 -60.59 0
22925 30.48 -91.96 -58.91 0
22926 30.45 -91.82 -58.70 0
22927 30.35 -91.40 -58.08 0
22928 30.48 -91.76 -57.47 0
22929 30.59 -92.12 -56.87 0
22930 30.51 -91.87 -56.40 0
22944 30.73 -93.36 -60.74 0
22945 30.60 -92.96 -61.01 0
22946 30.10 -90.53 -57.76 0
22947 30.14 -90.67 -57.44 0
22948 30.18 -90.78 -56.86 0
22949 30.18 -90.85 -56.07 0
22950 29.82 -89.79 -55.22 0
22951 29.77 -89.73 -54.66 0
22952 29.76 -89.74 -54.36 0
22969 30.63 -93.30 -61.79 0
22970 30.74 -93.79 -62.01 0
22971 29.59 -89.06 -55.06 0
22972 29.55 -88.99 -54.77 0
22973 29.50 -88.94 -54.18 0
22974 29.26 -88.30 -53.53 0
22975 29.10 -87.90 -53.06 0
22986 30.71 -93.81 -62.22 0
22987 28.91 -87.40 -52.71 0
24016 30.54 -92.40 -59.93 0
24017 30.45 -92.07 -59.78 0
24018 30.41 -91.82 -59.35 0
24048 30.52 -92.37 -60.06 0
24049 30.33 -91.73 -60.18 0
24050 30.37 -91.60 -58.96 0
24051 30.19 -90.91 -58.56 0
24052 30.00 -90.23 -58.02 0
24068 29.88 -89.81 -57.52 0
24069 29.85 -89.70 -56.98 0
24070 29.79 -89.55 -56.34 0
24071 29.60 -89.03 -55.59 0
24072 29.60 -89.07 -55.22 0
24083 29.35 -88.26 -55.33 0
24084 29.38 -88.41 -55.03 0
24085 29.22 -88.01 -54.46 0
24086 29.01 -87.44 -53.84 0
24087 28.93 -87.32 -53.27 0
25233 30.24 -91.30 -59.68 0
25234 30.30 -91.47 -59.49 0
25259 30.09 -90.67 -59.18 0
25260 29.84 -89.73 -58.45 0
25261 29.63 -88.97 -57.79 0
25282 29.57 -88.77 -57.15 0
25283 29.51 -88.60 -56.56 0
25284 29.41 -88.35 -55.99 0
25285 29.27 -87.97 -55.53 0
25297 29.14 -87.62 -55.16 0
25298 29.00 -87.25 -54.71 0
